time,enrolled,available,waitlisted,total
2023-05-25T01:19:52,0,95,0,95
2023-05-25T01:31:28,0,95,0,95
2023-05-25T01:43:12,0,95,0,95
2023-05-25T01:54:47,0,95,0,95
2023-05-25T02:06:23,0,95,0,95
2023-05-25T02:17:59,0,95,0,95
2023-05-25T02:29:34,0,95,0,95
2023-05-25T02:41:08,0,95,0,95
2023-05-25T02:52:41,0,95,0,95
2023-05-25T03:04:14,0,95,0,95
2023-05-25T03:15:52,0,95,0,95
2023-05-25T03:27:51,0,95,0,95
2023-05-25T03:39:28,0,95,0,95
2023-05-25T03:51:04,0,95,0,95
2023-05-25T04:02:39,0,95,0,95
2023-05-25T04:22:25,0,95,0,95
2023-05-25T04:34:03,0,95,0,95
2023-05-25T04:45:40,0,95,0,95
2023-05-25T04:57:15,0,95,0,95
2023-05-25T05:08:52,0,95,0,95
2023-05-25T05:20:28,0,95,0,95
2023-05-25T05:32:05,0,95,0,95
2023-05-25T05:43:41,0,95,0,95
2023-05-25T05:55:17,0,95,0,95
2023-05-25T06:06:54,0,95,0,95
2023-05-25T06:18:29,0,95,0,95
2023-05-25T06:30:04,0,95,0,95
2023-05-25T06:41:39,0,95,0,95
2023-05-25T06:53:14,0,95,0,95
2023-05-25T07:04:50,0,95,0,95
2023-05-25T07:16:25,0,95,0,95
2023-05-25T07:27:59,0,95,0,95
2023-05-25T07:39:35,0,95,0,95
2023-05-25T07:51:11,0,95,0,95
2023-05-25T08:02:46,0,95,0,95
2023-05-25T08:14:20,0,95,0,95
2023-05-25T08:26:04,0,95,0,95
2023-05-25T08:37:38,0,95,0,95
2023-05-25T08:49:10,0,95,0,95
2023-05-25T09:00:43,0,95,0,95
2023-05-25T09:12:16,0,95,0,95
2023-05-25T09:23:49,0,95,0,95
2023-05-25T09:35:22,0,95,0,95
2023-05-25T09:46:54,0,95,0,95
2023-05-25T09:58:28,0,95,0,95
2023-05-25T10:10:12,0,95,0,95
2023-05-25T10:21:45,0,95,0,95
2023-05-25T10:33:18,0,95,0,95
2023-05-25T10:44:50,0,95,0,95
2023-05-25T10:56:33,0,95,0,95
2023-05-25T11:08:06,0,95,0,95
2023-05-25T11:19:39,0,95,0,95
2023-05-25T11:31:11,0,95,0,95
2023-05-25T11:42:44,0,95,0,95
2023-05-25T11:54:18,0,95,0,95
2023-05-25T12:06:01,0,95,0,95
2023-05-25T12:17:34,0,95,0,95
2023-05-25T12:29:07,0,95,0,95
2023-05-25T12:40:40,0,95,0,95
2023-05-25T12:52:13,0,95,0,95
2023-05-25T13:03:56,0,95,0,95
2023-05-25T13:15:28,0,95,0,95
2023-05-25T13:27:01,0,95,0,95
2023-05-25T13:38:34,0,95,0,95
2023-05-25T13:50:08,0,95,0,95
2023-05-25T14:01:51,0,95,0,95
2023-05-25T14:13:26,0,95,0,95
2023-05-25T14:24:59,0,95,0,95
2023-05-25T14:36:32,0,95,0,95
2023-05-25T14:48:04,0,95,0,95
2023-05-25T14:59:48,0,95,0,95
2023-05-25T15:11:22,0,95,0,95
2023-05-25T15:22:57,0,95,0,95
2023-05-25T15:34:31,0,95,0,95
2023-05-25T15:46:06,0,95,0,95
2023-05-25T15:57:41,0,95,0,95
2023-05-25T16:09:26,0,95,0,95
2023-05-25T16:21:01,0,95,0,95
2023-05-25T16:32:36,0,95,0,95
2023-05-25T16:44:11,0,95,0,95
2023-05-25T16:55:46,0,95,0,95
2023-05-25T17:07:23,0,95,0,95
2023-05-25T17:19:10,0,95,0,95
2023-05-25T17:30:46,0,95,0,95
2023-05-25T17:42:21,0,95,0,95
2023-05-25T17:53:57,0,95,0,95
2023-05-25T18:05:34,0,95,0,95
2023-05-25T18:17:10,0,95,0,95
2023-05-25T18:28:45,0,95,0,95
2023-05-25T18:40:30,0,95,0,95
2023-05-25T18:52:06,0,95,0,95
2023-05-25T19:03:42,0,95,0,95
2023-05-25T19:15:19,0,95,0,95
2023-05-25T19:26:54,0,95,0,95
2023-05-25T19:38:30,0,95,0,95
2023-05-25T19:50:06,0,95,0,95
2023-05-25T20:01:51,0,95,0,95
2023-05-25T20:13:27,0,95,0,95
2023-05-25T20:25:03,0,95,0,95
2023-05-25T20:36:39,0,95,0,95
2023-05-25T20:48:14,0,95,0,95
2023-05-25T20:59:50,0,95,0,95
2023-05-25T21:11:26,0,95,0,95
2023-05-25T21:23:13,0,95,0,95
2023-05-25T21:34:49,0,95,0,95
2023-05-25T21:46:25,0,95,0,95
2023-05-25T21:58:00,0,95,0,95
2023-05-25T22:09:36,0,95,0,95
2023-05-25T22:21:11,0,95,0,95
2023-05-25T22:32:46,0,95,0,95
2023-05-25T22:44:33,0,95,0,95
2023-05-25T22:56:08,0,95,0,95
2023-05-25T23:07:46,0,95,0,95
2023-05-25T23:19:22,0,95,0,95
2023-05-25T23:30:58,0,95,0,95
2023-05-25T23:42:34,0,95,0,95
2023-05-25T23:54:11,0,95,0,95
2023-05-26T00:06:05,0,95,0,95
2023-05-26T00:17:46,0,95,0,95
2023-05-26T00:29:25,0,95,0,95
2023-05-26T00:41:04,0,95,0,95
2023-05-26T00:52:42,0,95,0,95
2023-05-26T01:04:22,0,95,0,95
2023-05-26T01:16:01,0,95,0,95
2023-05-26T01:27:39,0,95,0,95
2023-05-26T01:39:17,0,95,0,95
2023-05-26T01:51:05,0,95,0,95
2023-05-26T02:02:47,0,95,0,95
2023-05-26T02:14:25,0,95,0,95
2023-05-26T02:26:02,0,95,0,95
2023-05-26T02:37:41,0,95,0,95
2023-05-26T02:49:30,0,95,0,95
2023-05-26T03:01:09,0,95,0,95
2023-05-26T03:12:49,0,95,0,95
2023-05-26T03:24:30,0,95,0,95
2023-05-26T03:36:09,0,95,0,95
2023-05-26T03:47:47,0,95,0,95
2023-05-26T03:59:26,0,95,0,95
2023-05-26T04:11:14,0,95,0,95
2023-05-26T04:33:14,0,95,0,95
2023-05-26T04:45:18,0,95,0,95
2023-05-26T04:56:58,0,95,0,95
2023-05-26T05:08:41,0,95,0,95
2023-05-26T05:20:20,0,95,0,95
2023-05-26T05:31:58,0,95,0,95
2023-05-26T05:43:38,0,95,0,95
2023-05-26T05:55:16,0,95,0,95
2023-05-26T06:06:54,0,95,0,95
2023-05-26T06:18:34,0,95,0,95
2023-05-26T06:30:13,0,95,0,95
2023-05-26T06:41:52,0,95,0,95
2023-05-26T06:53:30,0,95,0,95
2023-05-26T07:05:08,0,95,0,95
2023-05-26T07:16:47,0,95,0,95
2023-05-26T07:28:25,0,95,0,95
2023-05-26T07:40:11,0,95,0,95
2023-05-26T07:51:48,0,95,0,95
2023-05-26T08:03:24,0,95,0,95
2023-05-26T08:15:00,0,95,0,95
2023-05-26T08:26:37,0,95,0,95
2023-05-26T08:38:12,0,95,0,95
2023-05-26T08:49:49,0,95,0,95
2023-05-26T09:01:25,0,95,0,95
2023-05-26T09:13:01,0,95,0,95
2023-05-26T09:24:38,0,95,0,95
2023-05-26T09:36:25,0,95,0,95
2023-05-26T09:48:01,0,95,0,95
2023-05-26T09:59:37,0,95,0,95
2023-05-26T10:11:13,0,95,0,95
2023-05-26T10:22:50,0,95,0,95
2023-05-26T10:34:26,0,95,0,95
2023-05-26T10:46:14,0,95,0,95
2023-05-26T10:57:50,1,94,0,95
2023-05-26T11:09:26,1,94,0,95
2023-05-26T11:21:03,1,94,0,95
2023-05-26T11:32:40,1,94,0,95
2023-05-26T11:44:26,1,94,0,95
2023-05-26T11:56:02,1,94,0,95
2023-05-26T12:07:38,1,94,0,95
2023-05-26T12:19:14,1,94,0,95
2023-05-26T12:30:50,1,94,0,95
2023-05-26T12:42:38,1,94,0,95
2023-05-26T12:54:13,2,93,0,95
2023-05-26T13:05:50,3,92,0,95
2023-05-26T13:17:25,3,92,0,95
2023-05-26T13:29:11,3,92,0,95
2023-05-26T13:40:48,3,92,0,95
2023-05-26T13:52:23,3,92,0,95
2023-05-26T14:03:59,3,92,0,95
2023-05-26T14:15:35,4,91,0,95
2023-05-26T14:27:22,4,91,0,95
2023-05-26T14:38:58,4,91,0,95
2023-05-26T14:50:34,4,91,0,95
2023-05-26T15:02:10,4,91,0,95
2023-05-26T15:13:49,4,91,0,95
2023-05-26T15:25:35,4,91,0,95
2023-05-26T15:37:11,4,91,0,95
2023-05-26T15:48:46,4,91,0,95
2023-05-26T16:00:23,4,91,0,95
2023-05-26T16:11:58,4,91,0,95
2023-05-26T16:23:34,4,91,0,95
2023-05-26T16:35:20,4,91,0,95
2023-05-26T16:46:55,4,91,0,95
2023-05-26T16:58:31,4,91,0,95
2023-05-26T17:10:07,4,91,0,95
2023-05-26T17:21:44,4,91,0,95
2023-05-26T17:33:20,4,91,0,95
2023-05-26T17:45:05,4,91,0,95
2023-05-26T17:56:41,4,91,0,95
2023-05-26T18:08:17,4,91,0,95
2023-05-26T18:19:52,4,91,0,95
2023-05-26T18:31:28,4,91,0,95
2023-05-26T18:43:03,4,91,0,95
2023-05-26T18:54:50,4,91,0,95
2023-05-26T19:06:26,4,91,0,95
2023-05-26T19:18:02,4,91,0,95
2023-05-26T19:29:38,4,91,0,95
2023-05-26T19:41:14,4,91,0,95
2023-05-26T19:52:49,4,91,0,95
2023-05-26T20:04:25,4,91,0,95
2023-05-26T20:16:10,4,91,0,95
2023-05-26T20:27:46,4,91,0,95
2023-05-26T20:39:22,4,91,0,95
2023-05-26T20:50:57,4,91,0,95
2023-05-26T21:02:32,4,91,0,95
2023-05-26T21:14:09,4,91,0,95
2023-05-26T21:25:46,4,91,0,95
2023-05-26T21:37:21,4,91,0,95
2023-05-26T21:49:08,4,91,0,95
2023-05-26T22:00:44,4,91,0,95
2023-05-26T22:12:20,4,91,0,95
2023-05-26T22:23:56,5,90,0,95
2023-05-26T22:35:32,5,90,0,95
2023-05-26T22:47:08,5,90,0,95
2023-05-26T22:58:43,5,90,0,95
2023-05-26T23:10:33,5,90,0,95
2023-05-26T23:22:09,5,90,0,95
2023-05-26T23:33:45,5,90,0,95
2023-05-26T23:45:22,5,90,0,95
2023-05-26T23:56:58,5,90,0,95
2023-05-27T00:08:35,5,90,0,95
2023-05-27T00:20:16,5,90,0,95
2023-05-27T00:31:54,5,90,0,95
2023-05-27T00:43:33,5,90,0,95
2023-05-27T00:55:13,5,90,0,95
2023-05-27T01:06:51,5,90,0,95
2023-05-27T01:18:40,5,90,0,95
2023-05-27T01:30:19,5,90,0,95
2023-05-27T01:41:58,5,90,0,95
2023-05-27T01:53:38,5,90,0,95
2023-05-27T02:05:15,5,90,0,95
2023-05-27T02:16:53,5,90,0,95
2023-05-27T02:28:31,5,90,0,95
2023-05-27T02:40:08,5,90,0,95
2023-05-27T02:51:44,5,90,0,95
2023-05-27T03:03:19,5,90,0,95
2023-05-27T03:14:58,5,90,0,95
2023-05-27T03:26:36,5,90,0,95
2023-05-27T03:38:13,5,90,0,95
2023-05-27T03:49:50,5,90,0,95
2023-05-27T04:01:29,5,90,0,95
2023-05-27T04:13:22,5,90,0,95
2023-05-27T04:34:43,5,90,0,95
2023-05-27T04:47:55,5,90,0,95
2023-05-27T04:59:34,5,90,0,95
2023-05-27T05:11:13,5,90,0,95
2023-05-27T05:22:52,5,90,0,95
2023-05-27T05:34:31,5,90,0,95
2023-05-27T05:46:11,5,90,0,95
2023-05-27T05:57:49,5,90,0,95
2023-05-27T06:09:28,5,90,0,95
2023-05-27T06:21:09,5,90,0,95
2023-05-27T06:32:47,5,90,0,95
2023-05-27T06:44:26,5,90,0,95
2023-05-27T06:56:04,5,90,0,95
2023-05-27T07:07:42,5,90,0,95
2023-05-27T07:19:20,5,90,0,95
2023-05-27T07:30:59,5,90,0,95
2023-05-27T07:42:35,5,90,0,95
2023-05-27T07:54:26,5,90,0,95
2023-05-27T08:06:04,5,90,0,95
2023-05-27T08:17:41,5,90,0,95
2023-05-27T08:29:20,5,90,0,95
2023-05-27T08:40:58,5,90,0,95
2023-05-27T08:52:36,5,90,0,95
2023-05-27T09:04:14,5,90,0,95
2023-05-27T09:15:51,5,90,0,95
2023-05-27T09:27:30,5,90,0,95
2023-05-27T09:39:09,5,90,0,95
2023-05-27T09:50:47,5,90,0,95
2023-05-27T10:02:24,5,90,0,95
2023-05-27T10:14:18,5,90,0,95
2023-05-27T10:25:54,5,90,0,95
2023-05-27T10:37:33,5,90,0,95
2023-05-27T10:49:09,5,90,0,95
2023-05-27T11:00:46,5,90,0,95
2023-05-27T11:12:21,5,90,0,95
2023-05-27T11:23:57,5,90,0,95
2023-05-27T11:35:32,5,90,0,95
2023-05-27T11:47:07,5,90,0,95
2023-05-27T11:58:41,5,90,0,95
2023-05-27T12:10:26,5,90,0,95
2023-05-27T12:22:01,5,90,0,95
2023-05-27T12:33:37,5,90,0,95
2023-05-27T12:45:12,5,90,0,95
2023-05-27T12:56:47,5,90,0,95
2023-05-27T13:08:23,5,90,0,95
2023-05-27T13:19:58,5,90,0,95
2023-05-27T13:31:53,6,89,0,95
2023-05-27T13:43:28,6,89,0,95
2023-05-27T13:55:03,6,89,0,95
2023-05-27T14:06:39,6,89,0,95
2023-05-27T14:18:14,6,89,0,95
2023-05-27T14:29:50,6,89,0,95
2023-05-27T14:41:25,6,89,0,95
2023-05-27T14:53:00,6,89,0,95
2023-05-27T15:04:46,6,89,0,95
2023-05-27T15:16:21,6,89,0,95
2023-05-27T15:27:56,7,88,0,95
2023-05-27T15:39:31,7,88,0,95
2023-05-27T15:51:06,7,88,0,95
2023-05-27T16:02:41,7,88,0,95
2023-05-27T16:14:16,7,88,0,95
2023-05-27T16:25:51,7,88,0,95
2023-05-27T16:37:36,8,87,0,95
2023-05-27T16:49:12,8,87,0,95
2023-05-27T17:00:47,8,87,0,95
2023-05-27T17:12:25,8,87,0,95
2023-05-27T17:24:01,8,87,0,95
2023-05-27T17:35:37,8,87,0,95
2023-05-27T17:47:22,8,87,0,95
2023-05-27T17:58:57,8,87,0,95
2023-05-27T18:10:32,8,87,0,95
2023-05-27T18:22:08,8,87,0,95
2023-05-27T18:33:44,9,86,0,95
2023-05-27T18:45:18,9,86,0,95
2023-05-27T18:56:53,9,86,0,95
2023-05-27T19:08:49,9,86,0,95
2023-05-27T19:20:25,9,86,0,95
2023-05-27T19:32:01,9,86,0,95
2023-05-27T19:43:36,9,86,0,95
2023-05-27T19:55:12,9,86,0,95
2023-05-27T20:06:47,9,86,0,95
2023-05-27T20:18:22,9,86,0,95
2023-05-27T20:29:58,9,86,0,95
2023-05-27T20:41:33,9,86,0,95
2023-05-27T20:53:17,9,86,0,95
2023-05-27T21:04:52,9,86,0,95
2023-05-27T21:16:28,9,86,0,95
2023-05-27T21:28:03,9,86,0,95
2023-05-27T21:39:38,9,86,0,95
2023-05-27T21:51:14,9,86,0,95
2023-05-27T22:02:50,9,86,0,95
2023-05-27T22:14:34,9,86,0,95
2023-05-27T22:26:10,9,86,0,95
2023-05-27T22:37:45,9,86,0,95
2023-05-27T22:49:21,9,86,0,95
2023-05-27T23:00:56,9,86,0,95
2023-05-27T23:12:36,9,86,0,95
2023-05-27T23:24:12,9,86,0,95
2023-05-27T23:35:48,9,86,0,95
2023-05-27T23:47:39,9,86,0,95
2023-05-27T23:59:14,9,86,0,95
2023-05-28T00:10:52,9,86,0,95
2023-05-28T00:22:33,9,86,0,95
2023-05-28T00:34:10,9,86,0,95
2023-05-28T00:45:48,9,86,0,95
2023-05-28T00:57:24,9,86,0,95
2023-05-28T01:09:01,9,86,0,95
2023-05-28T01:20:37,9,86,0,95
2023-05-28T01:32:22,9,86,0,95
2023-05-28T01:43:58,9,86,0,95
2023-05-28T01:55:34,9,86,0,95
2023-05-28T02:07:09,9,86,0,95
2023-05-28T02:18:45,9,86,0,95
2023-05-28T02:30:22,9,86,0,95
2023-05-28T02:42:03,9,86,0,95
2023-05-28T02:53:42,9,86,0,95
2023-05-28T03:05:24,9,86,0,95
2023-05-28T03:17:04,9,86,0,95
2023-05-28T03:28:43,9,86,0,95
2023-05-28T03:40:24,9,86,0,95
2023-05-28T03:53:10,9,86,0,95
2023-05-28T04:05:08,9,86,0,95
2023-05-28T04:30:48,9,86,0,95
2023-05-28T04:44:01,9,86,0,95
2023-05-28T04:55:42,9,86,0,95
2023-05-28T05:07:21,9,86,0,95
2023-05-28T05:18:59,9,86,0,95
2023-05-28T05:30:38,9,86,0,95
2023-05-28T05:42:21,9,86,0,95
2023-05-28T05:54:00,9,86,0,95
2023-05-28T06:05:40,9,86,0,95
2023-05-28T06:17:19,9,86,0,95
2023-05-28T06:28:57,9,86,0,95
2023-05-28T06:40:35,9,86,0,95
2023-05-28T06:52:13,9,86,0,95
2023-05-28T07:03:51,9,86,0,95
2023-05-28T07:15:29,9,86,0,95
2023-05-28T07:27:08,9,86,0,95
2023-05-28T07:38:46,9,86,0,95
2023-05-28T07:50:24,9,86,0,95
2023-05-28T08:02:07,9,86,0,95
2023-05-28T08:13:46,9,86,0,95
2023-05-28T08:25:24,9,86,0,95
2023-05-28T08:37:01,9,86,0,95
2023-05-28T08:48:40,9,86,0,95
2023-05-28T09:00:19,9,86,0,95
2023-05-28T09:11:56,9,86,0,95
2023-05-28T09:23:40,9,86,0,95
2023-05-28T09:35:16,9,86,0,95
2023-05-28T09:46:52,9,86,0,95
2023-05-28T09:58:28,9,86,0,95
2023-05-28T10:10:04,9,86,0,95
2023-05-28T10:21:40,9,86,0,95
2023-05-28T10:33:16,9,86,0,95
2023-05-28T10:44:51,9,86,0,95
2023-05-28T10:56:27,9,86,0,95
2023-05-28T11:08:03,9,86,0,95
2023-05-28T11:19:39,9,86,0,95
2023-05-28T11:31:15,9,86,0,95
2023-05-28T11:42:51,9,86,0,95
2023-05-28T11:54:26,9,86,0,95
2023-05-28T12:06:11,9,86,0,95
2023-05-28T12:17:47,9,86,0,95
2023-05-28T12:29:23,9,86,0,95
2023-05-28T12:40:59,9,86,0,95
2023-05-28T12:52:34,9,86,0,95
2023-05-28T13:04:10,9,86,0,95
2023-05-28T13:15:46,9,86,0,95
2023-05-28T13:27:22,9,86,0,95
2023-05-28T13:38:57,9,86,0,95
2023-05-28T13:50:33,9,86,0,95
2023-05-28T14:02:08,9,86,0,95
2023-05-28T14:13:52,9,86,0,95
2023-05-28T14:25:28,9,86,0,95
2023-05-28T14:37:03,9,86,0,95
2023-05-28T14:48:39,9,86,0,95
2023-05-28T15:00:14,9,86,0,95
2023-05-28T15:11:50,9,86,0,95
2023-05-28T15:23:26,9,86,0,95
2023-05-28T15:35:01,9,86,0,95
2023-05-28T15:46:36,9,86,0,95
2023-05-28T15:58:12,9,86,0,95
2023-05-28T16:09:58,9,86,0,95
2023-05-28T16:21:34,9,86,0,95
2023-05-28T16:33:10,9,86,0,95
2023-05-28T16:44:45,9,86,0,95
2023-05-28T16:56:20,9,86,0,95
2023-05-28T17:07:56,9,86,0,95
2023-05-28T17:19:32,9,86,0,95
2023-05-28T17:31:07,9,86,0,95
2023-05-28T17:42:42,9,86,0,95
2023-05-28T17:54:27,9,86,0,95
2023-05-28T18:06:03,9,86,0,95
2023-05-28T18:17:39,9,86,0,95
2023-05-28T18:29:14,9,86,0,95
2023-05-28T18:40:50,9,86,0,95
2023-05-28T18:52:25,9,86,0,95
2023-05-28T19:04:02,9,86,0,95
2023-05-28T19:15:38,9,86,0,95
2023-05-28T19:27:13,9,86,0,95
2023-05-28T19:38:49,9,86,0,95
2023-05-28T19:50:34,9,86,0,95
2023-05-28T20:02:09,9,86,0,95
2023-05-28T20:13:45,9,86,0,95
2023-05-28T20:25:20,9,86,0,95
2023-05-28T20:36:55,9,86,0,95
2023-05-28T20:48:30,9,86,0,95
2023-05-28T21:00:05,9,86,0,95
2023-05-28T21:11:41,9,86,0,95
2023-05-28T21:23:16,9,86,0,95
2023-05-28T21:35:01,9,86,0,95
2023-05-28T21:46:37,9,86,0,95
2023-05-28T21:58:12,9,86,0,95
2023-05-28T22:09:47,9,86,0,95
2023-05-28T22:21:23,9,86,0,95
2023-05-28T22:33:00,9,86,0,95
2023-05-28T22:44:35,9,86,0,95
2023-05-28T22:56:10,9,86,0,95
2023-05-28T23:07:59,9,86,0,95
2023-05-28T23:19:35,9,86,0,95
2023-05-28T23:31:12,9,86,0,95
2023-05-28T23:42:49,9,86,0,95
2023-05-28T23:54:24,9,86,0,95
2023-05-29T00:06:02,9,86,0,95
2023-05-29T00:17:50,9,86,0,95
2023-05-29T00:29:34,9,86,0,95
2023-05-29T00:41:14,9,86,0,95
2023-05-29T00:52:51,9,86,0,95
2023-05-29T01:04:40,9,86,0,95
2023-05-29T01:16:21,9,86,0,95
2023-05-29T01:28:00,9,86,0,95
2023-05-29T01:39:39,9,86,0,95
2023-05-29T01:51:16,9,86,0,95
2023-05-29T02:02:53,9,86,0,95
2023-05-29T02:14:40,9,86,0,95
2023-05-29T02:26:17,9,86,0,95
2023-05-29T02:37:54,9,86,0,95
2023-05-29T02:49:31,9,86,0,95
2023-05-29T03:01:07,9,86,0,95
2023-05-29T03:12:44,9,86,0,95
2023-05-29T03:24:22,9,86,0,95
2023-05-29T03:36:00,9,86,0,95
2023-05-29T03:47:46,9,86,0,95
2023-05-29T03:59:25,9,86,0,95
2023-05-29T04:11:04,9,86,0,95
2023-05-29T04:33:48,9,86,0,95
2023-05-29T04:46:38,9,86,0,95
2023-05-29T04:58:37,9,86,0,95
2023-05-29T05:10:16,9,86,0,95
2023-05-29T05:21:55,9,86,0,95
2023-05-29T05:33:33,9,86,0,95
2023-05-29T05:45:12,9,86,0,95
2023-05-29T05:56:51,9,86,0,95
2023-05-29T06:08:29,9,86,0,95
2023-05-29T06:20:08,9,86,0,95
2023-05-29T06:31:46,9,86,0,95
2023-05-29T06:43:24,9,86,0,95
2023-05-29T06:55:01,9,86,0,95
2023-05-29T07:06:41,9,86,0,95
2023-05-29T07:18:16,9,86,0,95
2023-05-29T07:29:59,9,86,0,95
2023-05-29T07:41:34,9,86,0,95
2023-05-29T07:53:10,9,86,0,95
2023-05-29T08:04:45,9,86,0,95
2023-05-29T08:16:20,9,86,0,95
2023-05-29T08:27:55,9,86,0,95
2023-05-29T08:39:31,9,86,0,95
2023-05-29T08:51:06,9,86,0,95
2023-05-29T09:02:41,9,86,0,95
2023-05-29T09:14:16,9,86,0,95
2023-05-29T09:25:52,9,86,0,95
2023-05-29T09:37:26,9,86,0,95
2023-05-29T09:49:12,9,86,0,95
2023-05-29T10:00:48,9,86,0,95
2023-05-29T10:12:23,9,86,0,95
2023-05-29T10:23:59,9,86,0,95
2023-05-29T10:35:34,9,86,0,95
2023-05-29T10:47:09,9,86,0,95
2023-05-29T10:58:44,9,86,0,95
2023-05-29T11:10:29,9,86,0,95
2023-05-29T11:22:04,9,86,0,95
2023-05-29T11:33:39,9,86,0,95
2023-05-29T11:45:14,9,86,0,95
2023-05-29T11:56:49,9,86,0,95
2023-05-29T12:08:24,9,86,0,95
2023-05-29T12:20:08,9,86,0,95
2023-05-29T12:31:45,10,85,0,95
2023-05-29T12:43:21,10,85,0,95
2023-05-29T12:54:57,10,85,0,95
2023-05-29T13:06:33,10,85,0,95
2023-05-29T13:18:18,10,85,0,95
2023-05-29T13:29:54,10,85,0,95
2023-05-29T13:41:30,10,85,0,95
2023-05-29T13:53:06,10,85,0,95
2023-05-29T14:04:42,11,84,0,95
2023-05-29T14:16:28,11,84,0,95
2023-05-29T14:28:04,11,84,0,95
2023-05-29T14:39:41,11,84,0,95
2023-05-29T14:51:18,11,84,0,95
2023-05-29T15:03:06,11,84,0,95
2023-05-29T15:14:42,11,84,0,95
2023-05-29T15:26:17,11,84,0,95
2023-05-29T15:37:53,11,84,0,95
2023-05-29T15:49:29,12,83,0,95
2023-05-29T16:01:17,12,83,0,95
2023-05-29T16:12:55,12,83,0,95
2023-05-29T16:24:32,12,83,0,95
2023-05-29T16:36:08,12,83,0,95
2023-05-29T16:47:53,12,83,0,95
2023-05-29T16:59:30,12,83,0,95
2023-05-29T17:11:08,14,81,0,95
2023-05-29T17:22:47,14,81,0,95
2023-05-29T17:34:23,13,82,0,95
2023-05-29T17:46:08,13,82,0,95
2023-05-29T17:57:46,13,82,0,95
2023-05-29T18:09:24,13,82,0,95
2023-05-29T18:21:01,13,82,0,95
2023-05-29T18:32:38,13,82,0,95
2023-05-29T18:44:28,13,82,0,95
2023-05-29T18:56:04,13,82,0,95
2023-05-29T19:07:41,13,82,0,95
2023-05-29T19:19:17,13,82,0,95
2023-05-29T19:30:53,13,82,0,95
2023-05-29T19:42:39,13,82,0,95
2023-05-29T19:54:16,13,82,0,95
2023-05-29T20:05:53,13,82,0,95
2023-05-29T20:17:30,13,82,0,95
2023-05-29T20:29:07,13,82,0,95
2023-05-29T20:40:54,13,82,0,95
2023-05-29T20:52:30,13,82,0,95
2023-05-29T21:04:06,13,82,0,95
2023-05-29T21:15:43,13,82,0,95
2023-05-29T21:27:20,14,81,0,95
2023-05-29T21:39:09,14,81,0,95
2023-05-29T21:50:48,14,81,0,95
2023-05-29T22:02:24,14,81,0,95
2023-05-29T22:13:59,14,81,0,95
2023-05-29T22:25:35,14,81,0,95
2023-05-29T22:37:20,14,81,0,95
2023-05-29T22:48:56,14,81,0,95
2023-05-29T23:00:32,14,81,0,95
2023-05-29T23:12:09,14,81,0,95
2023-05-29T23:23:46,14,81,0,95
2023-05-29T23:35:32,14,81,0,95
2023-05-29T23:47:08,14,81,0,95
2023-05-29T23:58:44,14,81,0,95
2023-05-30T00:10:21,14,81,0,95
2023-05-30T00:21:59,14,81,0,95
2023-05-30T00:33:36,14,81,0,95
2023-05-30T00:45:15,14,81,0,95
2023-05-30T00:57:01,14,81,0,95
2023-05-30T01:08:39,14,81,0,95
2023-05-30T01:20:17,15,80,0,95
2023-05-30T01:31:54,15,80,0,95
2023-05-30T01:43:30,15,80,0,95
2023-05-30T01:55:06,15,80,0,95
2023-05-30T02:06:43,15,80,0,95
2023-05-30T02:18:21,15,80,0,95
2023-05-30T02:30:06,15,80,0,95
2023-05-30T02:41:43,15,80,0,95
2023-05-30T02:53:29,15,80,0,95
2023-05-30T03:05:07,15,80,0,95
2023-05-30T03:16:46,15,80,0,95
2023-05-30T03:28:24,15,80,0,95
2023-05-30T03:40:02,15,80,0,95
2023-05-30T03:51:40,15,80,0,95
2023-05-30T04:03:17,15,80,0,95
2023-05-30T04:14:55,15,80,0,95
2023-05-30T04:37:04,15,80,0,95
2023-05-30T04:48:45,15,80,0,95
2023-05-30T05:00:25,15,80,0,95
2023-05-30T05:12:04,15,80,0,95
2023-05-30T05:23:43,15,80,0,95
2023-05-30T05:35:21,15,80,0,95
2023-05-30T05:47:00,15,80,0,95
2023-05-30T05:58:39,15,80,0,95
2023-05-30T06:10:17,15,80,0,95
2023-05-30T06:21:56,15,80,0,95
2023-05-30T06:33:35,15,80,0,95
2023-05-30T06:45:13,15,80,0,95
2023-05-30T06:56:51,15,80,0,95
2023-05-30T07:08:29,15,80,0,95
2023-05-30T07:20:06,15,80,0,95
2023-05-30T07:31:42,15,80,0,95
2023-05-30T07:43:20,15,80,0,95
2023-05-30T07:54:56,15,80,0,95
2023-05-30T08:06:32,15,80,0,95
2023-05-30T08:18:18,15,80,0,95
2023-05-30T08:29:55,15,80,0,95
2023-05-30T08:41:32,15,80,0,95
2023-05-30T08:53:08,15,80,0,95
2023-05-30T09:04:44,15,80,0,95
2023-05-30T09:16:21,15,80,0,95
2023-05-30T09:27:59,15,80,0,95
2023-05-30T09:39:48,15,80,0,95
2023-05-30T09:51:26,15,80,0,95
2023-05-30T10:03:05,15,80,0,95
2023-05-30T10:14:44,15,80,0,95
2023-05-30T10:26:33,15,80,0,95
2023-05-30T10:38:16,16,79,0,95
2023-05-30T10:49:54,17,78,0,95
2023-05-30T11:01:36,17,78,0,95
2023-05-30T11:13:31,19,76,0,95
2023-05-30T11:25:11,19,76,0,95
2023-05-30T11:37:02,19,76,0,95
2023-05-30T11:48:41,19,76,0,95
2023-05-30T12:00:21,19,76,0,95
2023-05-30T12:12:12,19,76,0,95
2023-05-30T12:23:50,19,76,0,95
2023-05-30T12:35:30,20,75,0,95
2023-05-30T12:47:13,20,75,0,95
2023-05-30T12:59:06,21,74,0,95
2023-05-30T13:10:49,21,74,0,95
2023-05-30T13:22:31,21,74,0,95
2023-05-30T13:34:21,21,74,0,95
2023-05-30T13:46:03,21,74,0,95
2023-05-30T13:57:43,21,74,0,95
2023-05-30T14:09:34,21,74,0,95
2023-05-30T14:21:18,21,74,0,95
2023-05-30T14:33:01,22,73,0,95
2023-05-30T14:44:50,22,73,0,95
2023-05-30T14:56:29,22,73,0,95
2023-05-30T15:08:09,23,72,0,95
2023-05-30T15:20:02,24,71,0,95
2023-05-30T15:31:43,25,70,0,95
2023-05-30T15:43:36,26,69,0,95
2023-05-30T15:55:16,27,68,0,95
2023-05-30T16:07:00,27,68,0,95
2023-05-30T16:18:51,28,67,0,95
2023-05-30T16:30:31,29,66,0,95
2023-05-30T16:42:12,29,66,0,95
2023-05-30T16:53:51,32,63,0,95
2023-05-30T17:05:42,34,61,0,95
2023-05-30T17:17:22,34,61,0,95
2023-05-30T17:29:00,36,59,0,95
2023-05-30T17:40:51,37,58,0,95
2023-05-30T17:52:28,39,56,0,95
2023-05-30T18:04:16,41,54,0,95
2023-05-30T18:15:55,42,53,0,95
2023-05-30T18:27:45,46,49,0,95
2023-05-30T18:39:25,47,48,0,95
2023-05-30T18:51:03,49,46,0,95
2023-05-30T19:02:43,51,44,0,95
2023-05-30T19:14:32,51,44,0,95
2023-05-30T19:26:13,54,41,0,95
2023-05-30T19:37:52,58,37,0,95
2023-05-30T19:49:31,62,33,0,95
2023-05-30T20:01:20,63,32,0,95
2023-05-30T20:12:59,69,26,0,95
2023-05-30T20:24:38,76,19,0,95
2023-05-30T20:36:16,77,18,0,95
2023-05-30T20:48:05,78,17,0,95
2023-05-30T20:59:44,80,15,0,95
2023-05-30T21:11:24,83,12,0,95
2023-05-30T21:23:04,85,10,0,95
2023-05-30T21:34:42,88,7,0,95
2023-05-30T21:46:31,92,3,0,95
2023-05-30T21:58:08,92,3,0,95
2023-05-30T22:09:48,92,3,0,95
2023-05-30T22:21:24,92,3,0,95
2023-05-30T22:33:12,93,2,0,95
2023-05-30T22:44:48,93,2,0,95
2023-05-30T22:56:24,93,2,0,95
2023-05-30T23:08:00,94,1,0,95
2023-05-30T23:19:39,95,0,0,95
2023-05-30T23:31:16,95,0,0,95
2023-05-30T23:43:04,95,0,0,95
2023-05-30T23:54:40,95,0,0,95
2023-05-31T00:06:18,95,0,0,95
2023-05-31T00:17:59,95,0,0,95
2023-05-31T00:29:37,95,0,0,95
2023-05-31T00:41:16,95,0,0,95
2023-05-31T00:52:55,95,0,0,95
2023-05-31T01:04:33,95,0,0,95
2023-05-31T01:16:24,95,0,0,95
2023-05-31T01:28:04,95,0,0,95
2023-05-31T01:39:42,95,0,0,95
2023-05-31T01:51:21,95,0,0,95
2023-05-31T02:03:00,95,0,0,95
2023-05-31T02:14:39,95,0,0,95
2023-05-31T02:26:16,95,0,0,95
2023-05-31T02:37:55,95,0,0,95
2023-05-31T02:49:32,95,0,0,95
2023-05-31T03:01:10,95,0,0,95
2023-05-31T03:13:01,95,0,0,95
2023-05-31T03:24:40,95,0,0,95
2023-05-31T03:36:20,95,0,0,95
2023-05-31T03:48:00,95,0,0,95
2023-05-31T03:59:54,95,0,0,95
2023-05-31T04:11:34,95,0,0,95
2023-05-31T04:34:52,95,0,0,95
2023-05-31T04:46:49,95,0,0,95
2023-05-31T04:58:30,95,0,0,95
2023-05-31T05:10:12,95,0,0,95
2023-05-31T05:21:51,95,0,0,95
2023-05-31T05:33:31,95,0,0,95
2023-05-31T05:45:13,95,0,0,95
2023-05-31T05:56:52,95,0,0,95
2023-05-31T06:08:31,95,0,0,95
2023-05-31T06:20:10,95,0,0,95
2023-05-31T06:31:48,95,0,0,95
2023-05-31T06:43:28,95,0,0,95
2023-05-31T06:55:07,95,0,0,95
2023-05-31T07:06:46,95,0,0,95
2023-05-31T07:18:23,95,0,0,95
2023-05-31T07:30:00,95,0,0,95
2023-05-31T07:41:42,95,0,0,95
2023-05-31T07:53:19,95,0,0,95
2023-05-31T08:04:57,95,0,0,95
2023-05-31T08:16:45,95,0,0,95
2023-05-31T08:28:24,95,0,0,95
2023-05-31T08:40:03,95,0,0,95
2023-05-31T08:51:43,95,0,0,95
2023-05-31T09:03:23,95,0,0,95
2023-05-31T09:15:03,95,0,0,95
2023-05-31T09:26:43,95,0,0,95
2023-05-31T09:38:31,95,0,0,95
2023-05-31T09:50:12,95,0,0,95
2023-05-31T10:01:52,95,0,0,95
2023-05-31T10:13:31,95,0,0,95
2023-05-31T10:25:10,95,0,0,95
2023-05-31T10:37:01,95,0,0,95
2023-05-31T10:48:41,95,0,0,95
2023-05-31T11:00:24,95,0,0,95
2023-05-31T11:12:04,95,0,0,95
2023-05-31T11:23:55,95,0,0,95
2023-05-31T11:35:34,95,0,0,95
2023-05-31T11:47:14,95,0,0,95
2023-05-31T11:58:52,95,0,0,95
2023-05-31T12:10:42,95,0,0,95
2023-05-31T12:22:22,95,0,0,95
2023-05-31T12:34:01,95,0,0,95
2023-05-31T12:45:39,95,0,0,95
2023-05-31T12:57:27,95,0,0,95
2023-05-31T13:09:05,95,0,0,95
2023-05-31T13:20:43,95,0,0,95
2023-05-31T13:32:21,95,0,0,95
2023-05-31T13:44:11,95,0,0,95
2023-05-31T13:55:48,95,0,0,95
2023-05-31T14:07:26,95,0,0,95
2023-05-31T14:19:04,95,0,0,95
2023-05-31T14:30:42,95,0,0,95
2023-05-31T14:42:31,95,0,0,95
2023-05-31T14:54:10,95,0,0,95
2023-05-31T15:05:50,95,0,0,95
2023-05-31T15:17:30,95,0,0,95
2023-05-31T15:29:08,95,0,0,95
2023-05-31T15:40:56,94,1,0,95
2023-05-31T15:52:35,94,1,0,95
2023-05-31T16:04:12,94,1,0,95
2023-05-31T16:15:50,95,0,0,95
2023-05-31T16:27:29,95,0,0,95
2023-05-31T16:39:07,95,0,0,95
2023-05-31T16:50:56,95,0,0,95
2023-05-31T17:02:34,95,0,0,95
2023-05-31T17:14:14,95,0,0,95
2023-05-31T17:25:52,95,0,0,95
2023-05-31T17:37:30,95,0,0,95
2023-05-31T17:49:09,95,0,0,95
2023-05-31T18:00:58,95,0,0,95
2023-05-31T18:12:36,95,0,0,95
2023-05-31T18:24:14,95,0,0,95
2023-05-31T18:35:52,95,0,0,95
2023-05-31T18:47:30,95,0,0,95
2023-05-31T18:59:08,95,0,0,95
2023-05-31T19:10:47,95,0,0,95
2023-05-31T19:22:36,95,0,0,95
2023-05-31T19:34:14,95,0,0,95
2023-05-31T19:45:52,95,0,0,95
2023-05-31T19:57:30,95,0,0,95
2023-05-31T20:09:08,95,0,0,95
2023-05-31T20:20:46,95,0,0,95
2023-05-31T20:32:24,95,0,0,95
2023-05-31T20:44:01,95,0,0,95
2023-05-31T20:55:50,95,0,0,95
2023-05-31T21:07:28,95,0,0,95
2023-05-31T21:19:06,95,0,0,95
2023-05-31T21:30:44,95,0,0,95
2023-05-31T21:42:22,95,0,0,95
2023-05-31T21:54:00,95,0,0,95
2023-05-31T22:05:37,95,0,0,95
2023-05-31T22:17:26,95,0,0,95
2023-05-31T22:29:04,95,0,0,95
2023-05-31T22:40:42,95,0,0,95
2023-05-31T22:52:20,95,0,0,95
2023-05-31T23:03:59,95,0,0,95
2023-05-31T23:15:37,95,0,0,95
2023-05-31T23:27:16,95,0,0,95
2023-05-31T23:39:05,95,0,0,95
2023-05-31T23:50:44,95,0,0,95
2023-06-01T00:02:23,95,0,0,95
2023-06-01T00:14:09,95,0,0,95
2023-06-01T00:25:50,95,0,0,95
2023-06-01T00:37:31,95,0,0,95
2023-06-01T00:49:13,95,0,0,95
2023-06-01T01:00:55,95,0,0,95
2023-06-01T01:12:35,95,0,0,95
2023-06-01T01:24:16,95,0,0,95
2023-06-01T01:36:08,95,0,0,95
2023-06-01T01:47:46,95,0,0,95
2023-06-01T01:59:26,95,0,0,95
2023-06-01T02:11:05,95,0,0,95
2023-06-01T02:22:43,95,0,0,95
2023-06-01T02:34:23,95,0,0,95
2023-06-01T02:46:03,95,0,0,95
2023-06-01T02:57:42,95,0,0,95
2023-06-01T03:09:23,95,0,0,95
2023-06-01T03:21:05,95,0,0,95
2023-06-01T03:32:46,95,0,0,95
2023-06-01T03:44:28,95,0,0,95
2023-06-01T03:56:09,95,0,0,95
2023-06-01T04:07:50,95,0,0,95
2023-06-01T04:33:27,95,0,0,95
2023-06-01T04:45:53,95,0,0,95
2023-06-01T04:58:30,95,0,0,95
2023-06-01T05:10:13,95,0,0,95
2023-06-01T05:21:54,95,0,0,95
2023-06-01T05:33:36,95,0,0,95
2023-06-01T05:45:17,95,0,0,95
2023-06-01T05:56:58,95,0,0,95
2023-06-01T06:08:40,95,0,0,95
2023-06-01T06:20:21,95,0,0,95
2023-06-01T06:32:02,95,0,0,95
2023-06-01T06:43:43,95,0,0,95
2023-06-01T06:55:24,95,0,0,95
2023-06-01T07:07:05,95,0,0,95
2023-06-01T07:18:46,95,0,0,95
2023-06-01T07:30:26,95,0,0,95
2023-06-01T07:42:05,95,0,0,95
2023-06-01T07:53:45,95,0,0,95
2023-06-01T08:05:30,95,0,0,95
2023-06-01T08:17:09,95,0,0,95
2023-06-01T08:28:50,95,0,0,95
2023-06-01T08:40:30,95,0,0,95
2023-06-01T08:52:20,95,0,0,95
2023-06-01T09:04:00,95,0,0,95
2023-06-01T09:15:40,95,0,0,95
2023-06-01T09:27:19,95,0,0,95
2023-06-01T09:38:58,95,0,0,95
2023-06-01T09:50:36,95,0,0,95
2023-06-01T10:02:18,95,0,0,95
2023-06-01T10:13:56,95,0,0,95
2023-06-01T10:25:35,95,0,0,95
2023-06-01T10:37:25,95,0,0,95
2023-06-01T10:49:02,95,0,0,95
2023-06-01T11:00:40,95,0,0,95
2023-06-01T11:12:19,95,0,0,95
2023-06-01T11:23:57,95,0,0,95
2023-06-01T11:35:35,95,0,0,95
2023-06-01T11:47:13,95,0,0,95
2023-06-01T11:59:01,95,0,0,95
2023-06-01T12:10:39,95,0,0,95
2023-06-01T12:22:17,95,0,0,95
2023-06-01T12:33:55,95,0,0,95
2023-06-01T12:45:34,95,0,0,95
2023-06-01T12:57:13,95,0,0,95
2023-06-01T13:09:02,95,0,0,95
2023-06-01T13:20:40,95,0,0,95
2023-06-01T13:32:18,95,0,0,95
2023-06-01T13:43:57,95,0,0,95
2023-06-01T13:55:36,95,0,0,95
2023-06-01T14:07:15,95,0,0,95
2023-06-01T14:19:04,95,0,0,95
2023-06-01T14:30:43,95,0,0,95
2023-06-01T14:42:21,95,0,0,95
2023-06-01T14:54:00,95,0,0,95
2023-06-01T15:05:41,95,0,0,95
2023-06-01T15:17:31,95,0,0,95
2023-06-01T15:29:10,95,0,0,95
2023-06-01T15:40:50,95,0,0,95
2023-06-01T15:52:29,95,0,0,95
2023-06-01T16:04:07,95,0,0,95
2023-06-01T16:15:46,95,0,0,95
2023-06-01T16:27:24,95,0,0,95
2023-06-01T16:39:15,95,0,0,95
2023-06-01T16:50:53,95,0,0,95
2023-06-01T17:02:32,95,0,0,95
2023-06-01T17:14:13,95,0,0,95
2023-06-01T17:25:52,95,0,0,95
2023-06-01T17:37:30,95,0,0,95
2023-06-01T17:49:09,95,0,0,95
2023-06-01T18:00:58,95,0,0,95
2023-06-01T18:12:37,95,0,0,95
2023-06-01T18:24:18,95,0,0,95
2023-06-01T18:35:58,95,0,0,95
2023-06-01T18:47:38,95,0,0,95
2023-06-01T18:59:19,95,0,0,95
2023-06-01T19:10:59,95,0,0,95
2023-06-01T19:22:40,95,0,0,95
2023-06-01T19:34:20,95,0,0,95
2023-06-01T19:46:01,95,0,0,95
2023-06-01T19:57:53,95,0,0,95
2023-06-01T20:09:34,95,0,0,95
2023-06-01T20:21:15,95,0,0,95
2023-06-01T20:32:55,95,0,0,95
2023-06-01T20:44:36,95,0,0,95
2023-06-01T20:56:16,95,0,0,95
2023-06-01T21:07:56,95,0,0,95
2023-06-01T21:19:37,95,0,0,95
2023-06-01T21:31:18,95,0,0,95
2023-06-01T21:43:09,95,0,0,95
2023-06-01T21:54:49,95,0,0,95
2023-06-01T22:06:30,95,0,0,95
2023-06-01T22:18:10,95,0,0,95
2023-06-01T22:29:51,95,0,0,95
2023-06-01T22:41:41,94,1,0,95
2023-06-01T22:53:22,94,1,0,95
2023-06-01T23:05:03,94,1,0,95
2023-06-01T23:16:44,94,1,0,95
2023-06-01T23:28:25,94,1,0,95
2023-06-01T23:40:05,94,1,0,95
2023-06-01T23:51:46,94,1,0,95
2023-06-02T00:03:27,94,1,0,95
2023-06-02T00:15:21,94,1,0,95
2023-06-02T00:27:07,94,1,0,95
2023-06-02T00:38:51,94,1,0,95
2023-06-02T00:50:36,94,1,0,95
2023-06-02T01:02:22,94,1,0,95
2023-06-02T01:14:07,94,1,0,95
2023-06-02T01:25:52,94,1,0,95
2023-06-02T01:37:36,94,1,0,95
2023-06-02T01:49:20,94,1,0,95
2023-06-02T02:01:05,94,1,0,95
2023-06-02T02:12:48,94,1,0,95
2023-06-02T02:24:30,94,1,0,95
2023-06-02T02:36:13,94,1,0,95
2023-06-02T02:48:07,94,1,0,95
2023-06-02T02:59:50,94,1,0,95
2023-06-02T03:11:33,94,1,0,95
2023-06-02T03:23:17,94,1,0,95
2023-06-02T03:35:00,94,1,0,95
2023-06-02T03:46:44,94,1,0,95
2023-06-02T03:58:27,94,1,0,95
2023-06-02T04:10:11,94,1,0,95
2023-06-02T04:30:46,94,1,0,95
2023-06-02T04:43:59,94,1,0,95
2023-06-02T04:55:43,94,1,0,95
2023-06-02T05:07:28,94,1,0,95
2023-06-02T05:19:11,94,1,0,95
2023-06-02T05:30:56,94,1,0,95
2023-06-02T05:42:58,94,1,0,95
2023-06-02T05:54:42,94,1,0,95
2023-06-02T06:06:26,94,1,0,95
2023-06-02T06:18:09,94,1,0,95
2023-06-02T06:29:51,94,1,0,95
2023-06-02T06:41:35,94,1,0,95
2023-06-02T06:53:17,94,1,0,95
2023-06-02T07:04:59,94,1,0,95
2023-06-02T07:16:42,94,1,0,95
2023-06-02T07:28:24,94,1,0,95
2023-06-02T07:40:06,94,1,0,95
2023-06-02T07:51:48,94,1,0,95
2023-06-02T08:03:31,94,1,0,95
2023-06-02T08:15:24,94,1,0,95
2023-06-02T08:27:06,94,1,0,95
2023-06-02T08:38:48,94,1,0,95
2023-06-02T08:50:30,94,1,0,95
2023-06-02T09:02:13,94,1,0,95
2023-06-02T09:13:55,94,1,0,95
2023-06-02T09:25:39,94,1,0,95
2023-06-02T09:37:21,94,1,0,95
2023-06-02T09:49:03,94,1,0,95
2023-06-02T10:00:45,94,1,0,95
2023-06-02T10:12:27,94,1,0,95
2023-06-02T10:24:20,94,1,0,95
2023-06-02T10:36:01,94,1,0,95
2023-06-02T10:47:41,94,1,0,95
2023-06-02T10:59:22,94,1,0,95
2023-06-02T11:11:03,94,1,0,95
2023-06-02T11:22:43,94,1,0,95
2023-06-02T11:34:24,94,1,0,95
2023-06-02T11:46:15,94,1,0,95
2023-06-02T11:57:55,94,1,0,95
2023-06-02T12:09:36,94,1,0,95
2023-06-02T12:21:16,94,1,0,95
2023-06-02T12:32:57,94,1,0,95
2023-06-02T12:44:37,94,1,0,95
2023-06-02T12:56:29,94,1,0,95
2023-06-02T13:08:10,94,1,0,95
2023-06-02T13:19:50,95,0,0,95
2023-06-02T13:31:31,95,0,0,95
2023-06-02T13:43:12,95,0,0,95
2023-06-02T13:54:52,95,0,0,95
2023-06-02T14:06:33,95,0,0,95
2023-06-02T14:18:13,95,0,0,95
2023-06-02T14:30:05,95,0,0,95
2023-06-02T14:41:46,95,0,0,95
2023-06-02T14:53:27,95,0,0,95
2023-06-02T15:05:08,95,0,0,95
2023-06-02T15:16:49,95,0,0,95
2023-06-02T15:28:30,95,0,0,95
2023-06-02T15:40:13,95,0,0,95
2023-06-02T15:52:04,95,0,0,95
2023-06-02T16:03:47,95,0,0,95
2023-06-02T16:15:28,95,0,0,95
2023-06-02T16:27:10,95,0,0,95
2023-06-02T16:38:52,95,0,0,95
2023-06-02T16:50:33,95,0,0,95
2023-06-02T17:02:16,95,0,0,95
2023-06-02T17:13:58,95,0,0,95
2023-06-02T17:25:50,95,0,0,95
2023-06-02T17:37:31,95,0,0,95
2023-06-02T17:49:12,95,0,0,95
2023-06-02T18:00:53,95,0,0,95
2023-06-02T18:12:33,95,0,0,95
2023-06-02T18:24:14,95,0,0,95
2023-06-02T18:35:55,95,0,0,95
2023-06-02T18:47:36,95,0,0,95
2023-06-02T18:59:17,95,0,0,95
2023-06-02T19:10:59,95,0,0,95
2023-06-02T19:22:51,95,0,0,95
2023-06-02T19:34:33,95,0,0,95
2023-06-02T19:46:14,95,0,0,95
2023-06-02T19:57:55,95,0,0,95
2023-06-02T20:09:37,95,0,0,95
2023-06-02T20:21:18,95,0,0,95
2023-06-02T20:32:59,95,0,0,95
2023-06-02T20:44:40,95,0,0,95
2023-06-02T20:56:21,95,0,0,95
2023-06-02T21:08:03,95,0,0,95
2023-06-02T21:19:44,95,0,0,95
2023-06-02T21:31:36,95,0,0,95
2023-06-02T21:43:17,95,0,0,95
2023-06-02T21:54:58,95,0,0,95
2023-06-02T22:06:39,95,0,0,95
2023-06-02T22:18:20,95,0,0,95
2023-06-02T22:30:01,95,0,0,95
2023-06-02T22:41:41,95,0,0,95
2023-06-02T22:53:23,95,0,0,95
2023-06-02T23:05:04,95,0,0,95
2023-06-02T23:16:46,95,0,0,95
2023-06-02T23:28:28,95,0,0,95
2023-06-02T23:40:21,95,0,0,95
2023-06-02T23:52:02,95,0,0,95
2023-06-03T00:04:19,95,0,0,95
2023-06-03T00:16:07,95,0,0,95
2023-06-03T00:27:54,95,0,0,95
2023-06-03T00:39:38,95,0,0,95
2023-06-03T00:51:22,95,0,0,95
2023-06-03T01:03:06,95,0,0,95
2023-06-03T01:14:50,95,0,0,95
2023-06-03T01:26:36,95,0,0,95
2023-06-03T01:38:20,95,0,0,95
2023-06-03T01:50:15,95,0,0,95
2023-06-03T02:01:58,95,0,0,95
2023-06-03T02:13:41,95,0,0,95
2023-06-03T02:25:24,95,0,0,95
2023-06-03T02:37:07,95,0,0,95
2023-06-03T02:48:50,95,0,0,95
2023-06-03T03:00:32,95,0,0,95
2023-06-03T03:12:14,95,0,0,95
2023-06-03T03:23:58,95,0,0,95
2023-06-03T03:35:40,95,0,0,95
2023-06-03T03:47:22,95,0,0,95
2023-06-03T03:59:08,95,0,0,95
2023-06-03T04:11:02,95,0,0,95
2023-06-03T04:26:24,95,0,0,95
2023-06-03T04:38:13,95,0,0,95
2023-06-03T04:49:58,95,0,0,95
2023-06-03T05:01:43,95,0,0,95
2023-06-03T05:13:27,95,0,0,95
2023-06-03T05:25:13,95,0,0,95
2023-06-03T05:36:58,95,0,0,95
2023-06-03T05:48:43,95,0,0,95
2023-06-03T06:00:27,95,0,0,95
2023-06-03T06:12:11,95,0,0,95
2023-06-03T06:23:56,95,0,0,95
2023-06-03T06:35:42,95,0,0,95
2023-06-03T06:47:29,95,0,0,95
2023-06-03T06:59:14,95,0,0,95
2023-06-03T07:10:58,95,0,0,95
2023-06-03T07:22:41,95,0,0,95
2023-06-03T07:34:33,95,0,0,95
2023-06-03T07:46:16,95,0,0,95
2023-06-03T07:58:00,95,0,0,95
2023-06-03T08:09:43,95,0,0,95
2023-06-03T08:21:27,95,0,0,95
2023-06-03T08:33:12,95,0,0,95
2023-06-03T08:44:57,95,0,0,95
2023-06-03T08:56:41,95,0,0,95
2023-06-03T09:08:24,95,0,0,95
2023-06-03T09:20:07,95,0,0,95
2023-06-03T09:32:01,95,0,0,95
2023-06-03T09:43:44,95,0,0,95
2023-06-03T09:55:26,95,0,0,95
2023-06-03T10:07:08,95,0,0,95
2023-06-03T10:18:50,95,0,0,95
2023-06-03T10:30:32,95,0,0,95
2023-06-03T10:42:13,95,0,0,95
2023-06-03T10:53:55,95,0,0,95
2023-06-03T11:05:35,95,0,0,95
2023-06-03T11:17:16,95,0,0,95
2023-06-03T11:28:57,95,0,0,95
2023-06-03T11:40:48,95,0,1,95
2023-06-03T11:52:29,95,0,1,95
2023-06-03T12:04:09,95,0,2,95
2023-06-03T12:15:50,95,0,3,95
2023-06-03T12:27:31,95,0,3,95
2023-06-03T12:39:11,95,0,2,95
2023-06-03T12:50:51,95,0,2,95
2023-06-03T13:02:32,95,0,2,95
2023-06-03T13:14:12,95,0,3,95
2023-06-03T13:26:03,95,0,4,95
2023-06-03T13:37:44,95,0,4,95
2023-06-03T13:49:25,95,0,5,95
2023-06-03T14:01:06,95,0,5,95
2023-06-03T14:12:47,95,0,5,95
2023-06-03T14:24:27,95,0,6,95
2023-06-03T14:36:08,95,0,6,95
2023-06-03T14:47:58,95,0,6,95
2023-06-03T14:59:39,95,0,6,95
2023-06-03T15:11:20,95,0,6,95
2023-06-03T15:23:00,95,0,6,95
2023-06-03T15:34:41,95,0,6,95
2023-06-03T15:46:22,95,0,6,95
2023-06-03T15:58:02,95,0,6,95
2023-06-03T16:09:43,95,0,6,95
2023-06-03T16:21:24,95,0,6,95
2023-06-03T16:33:14,95,0,6,95
2023-06-03T16:44:55,95,0,6,95
2023-06-03T16:56:35,95,0,6,95
2023-06-03T17:08:17,95,0,6,95
2023-06-03T17:19:59,95,0,6,95
2023-06-03T17:31:40,95,0,6,95
2023-06-03T17:43:21,95,0,6,95
2023-06-03T17:55:01,95,0,6,95
2023-06-03T18:06:42,95,0,6,95
2023-06-03T18:18:22,95,0,6,95
2023-06-03T18:30:03,95,0,6,95
2023-06-03T18:41:53,95,0,6,95
2023-06-03T18:53:33,95,0,7,95
2023-06-03T19:05:15,95,0,7,95
2023-06-03T19:16:56,95,0,7,95
2023-06-03T19:28:36,95,0,7,95
2023-06-03T19:40:17,95,0,7,95
2023-06-03T19:51:58,95,0,7,95
2023-06-03T20:03:39,95,0,7,95
2023-06-03T20:15:20,95,0,7,95
2023-06-03T20:27:00,95,0,8,95
2023-06-03T20:38:41,95,0,8,95
2023-06-03T20:50:32,95,0,8,95
2023-06-03T21:02:13,95,0,8,95
2023-06-03T21:13:54,95,0,8,95
2023-06-03T21:25:35,95,0,8,95
2023-06-03T21:37:16,95,0,8,95
2023-06-03T21:48:57,95,0,8,95
2023-06-03T22:00:39,95,0,8,95
2023-06-03T22:12:20,95,0,8,95
2023-06-03T22:24:00,95,0,8,95
2023-06-03T22:35:41,95,0,8,95
2023-06-03T22:47:22,95,0,8,95
2023-06-03T22:59:13,95,0,8,95
2023-06-03T23:10:55,95,0,8,95
2023-06-03T23:22:36,95,0,8,95
2023-06-03T23:34:17,95,0,8,95
2023-06-03T23:45:59,95,0,8,95
2023-06-03T23:57:40,95,0,8,95
2023-06-04T00:09:24,95,0,8,95
2023-06-04T00:21:13,95,0,8,95
2023-06-04T00:32:56,95,0,8,95
2023-06-04T00:44:40,95,0,8,95
2023-06-04T00:56:24,95,0,8,95
2023-06-04T01:08:08,95,0,8,95
2023-06-04T01:20:01,95,0,8,95
2023-06-04T01:31:45,95,0,8,95
2023-06-04T01:43:29,95,0,8,95
2023-06-04T01:55:13,95,0,8,95
2023-06-04T02:06:58,95,0,8,95
2023-06-04T02:18:58,95,0,8,95
2023-06-04T02:30:43,95,0,8,95
2023-06-04T02:42:26,95,0,8,95
2023-06-04T02:54:09,95,0,8,95
2023-06-04T03:05:53,95,0,8,95
2023-06-04T03:17:37,95,0,8,95
2023-06-04T03:29:21,95,0,8,95
2023-06-04T03:41:05,95,0,8,95
2023-06-04T03:52:48,95,0,8,95
2023-06-04T04:04:32,95,0,8,95
2023-06-04T04:32:36,95,0,8,95
2023-06-04T04:44:23,95,0,8,95
2023-06-04T04:56:08,95,0,8,95
2023-06-04T05:07:54,95,0,8,95
2023-06-04T05:19:38,95,0,8,95
2023-06-04T05:31:22,95,0,8,95
2023-06-04T05:43:06,95,0,8,95
2023-06-04T05:54:50,95,0,8,95
2023-06-04T06:06:34,95,0,8,95
2023-06-04T06:18:18,95,0,8,95
2023-06-04T06:30:02,95,0,8,95
2023-06-04T06:41:46,95,0,8,95
2023-06-04T06:53:29,95,0,8,95
2023-06-04T07:05:12,95,0,8,95
2023-06-04T07:16:55,95,0,8,95
2023-06-04T07:28:36,95,0,8,95
2023-06-04T07:40:17,95,0,8,95
2023-06-04T07:51:58,95,0,8,95
2023-06-04T08:03:39,95,0,8,95
2023-06-04T08:15:32,95,0,8,95
2023-06-04T08:27:15,95,0,8,95
2023-06-04T08:38:57,95,0,8,95
2023-06-04T08:50:38,95,0,8,95
2023-06-04T09:02:20,95,0,8,95
2023-06-04T09:14:02,95,0,8,95
2023-06-04T09:25:43,95,0,8,95
2023-06-04T09:37:25,95,0,8,95
2023-06-04T09:49:06,95,0,8,95
2023-06-04T10:00:47,95,0,8,95
2023-06-04T10:12:28,95,0,8,95
2023-06-04T10:24:10,95,0,8,95
2023-06-04T10:35:51,95,0,8,95
2023-06-04T10:47:32,95,0,8,95
2023-06-04T10:59:13,95,0,8,95
2023-06-04T11:10:55,95,0,8,95
2023-06-04T11:22:47,95,0,8,95
2023-06-04T11:34:29,95,0,8,95
2023-06-04T11:46:11,95,0,8,95
2023-06-04T11:57:52,95,0,8,95
2023-06-04T12:09:32,95,0,8,95
2023-06-04T12:21:13,95,0,8,95
2023-06-04T12:32:54,95,0,8,95
2023-06-04T12:44:34,95,0,8,95
2023-06-04T12:56:15,95,0,8,95
2023-06-04T13:07:56,95,0,8,95
2023-06-04T13:19:36,95,0,8,95
2023-06-04T13:31:17,95,0,8,95
2023-06-04T13:43:07,95,0,8,95
2023-06-04T13:54:48,95,0,8,95
2023-06-04T14:06:29,95,0,8,95
2023-06-04T14:18:10,95,0,8,95
2023-06-04T14:29:50,95,0,8,95
2023-06-04T14:41:30,95,0,8,95
2023-06-04T14:53:10,95,0,8,95
2023-06-04T15:04:51,95,0,8,95
2023-06-04T15:16:32,95,0,8,95
2023-06-04T15:28:12,95,0,8,95
2023-06-04T15:40:04,95,0,8,95
2023-06-04T15:51:45,95,0,8,95
2023-06-04T16:03:26,95,0,8,95
2023-06-04T16:15:07,95,0,8,95
2023-06-04T16:26:48,95,0,8,95
2023-06-04T16:38:30,95,0,8,95
2023-06-04T16:50:11,95,0,8,95
2023-06-04T17:01:52,95,0,8,95
2023-06-04T17:13:33,95,0,8,95
2023-06-04T17:25:15,95,0,8,95
2023-06-04T17:37:07,95,0,8,95
2023-06-04T17:48:47,95,0,8,95
2023-06-04T18:00:28,95,0,8,95
2023-06-04T18:12:09,95,0,8,95
2023-06-04T18:23:50,95,0,8,95
2023-06-04T18:35:31,95,0,8,95
2023-06-04T18:47:12,95,0,8,95
2023-06-04T18:58:53,95,0,8,95
2023-06-04T19:10:37,95,0,8,95
2023-06-04T19:22:18,95,0,8,95
2023-06-04T19:34:09,95,0,8,95
2023-06-04T19:45:50,95,0,8,95
2023-06-04T19:57:31,95,0,8,95
2023-06-04T20:09:12,95,0,8,95
2023-06-04T20:20:53,95,0,8,95
2023-06-04T20:32:34,95,0,8,95
2023-06-04T20:44:15,95,0,8,95
2023-06-04T20:55:56,95,0,8,95
2023-06-04T21:07:37,95,0,9,95
2023-06-04T21:19:18,95,0,9,95
2023-06-04T21:31:10,95,0,9,95
2023-06-04T21:42:52,95,0,9,95
2023-06-04T21:54:33,95,0,9,95
2023-06-04T22:06:14,95,0,9,95
2023-06-04T22:17:55,95,0,9,95
2023-06-04T22:29:36,95,0,9,95
2023-06-04T22:41:17,95,0,9,95
2023-06-04T22:52:58,95,0,9,95
2023-06-04T23:04:39,95,0,9,95
2023-06-04T23:16:31,95,0,9,95
2023-06-04T23:28:12,95,0,9,95
2023-06-04T23:39:54,95,0,9,95
2023-06-04T23:51:36,95,0,9,95
2023-06-05T00:03:18,95,0,9,95
2023-06-05T00:15:05,95,0,9,95
2023-06-05T00:26:53,95,0,9,95
2023-06-05T00:38:48,95,0,9,95
2023-06-05T00:50:32,95,0,9,95
2023-06-05T01:02:14,95,0,9,95
2023-06-05T01:14:10,95,0,9,95
2023-06-05T01:25:57,95,0,9,95
2023-06-05T01:37:41,95,0,9,95
2023-06-05T01:49:25,95,0,9,95
2023-06-05T02:01:09,95,0,9,95
2023-06-05T02:12:58,95,0,9,95
2023-06-05T02:24:42,95,0,9,95
2023-06-05T02:36:24,95,0,9,95
2023-06-05T02:48:07,95,0,9,95
2023-06-05T02:59:50,95,0,9,95
2023-06-05T03:11:33,95,0,9,95
2023-06-05T03:23:17,95,0,9,95
2023-06-05T03:35:01,95,0,9,95
2023-06-05T03:46:45,95,0,9,95
2023-06-05T03:58:30,95,0,9,95
2023-06-05T04:10:15,95,0,9,95
2023-06-05T04:36:07,95,0,9,95
2023-06-05T04:48:16,95,0,9,95
2023-06-05T05:00:03,95,0,9,95
2023-06-05T05:11:47,95,0,9,95
2023-06-05T05:23:32,95,0,9,95
2023-06-05T05:35:17,95,0,9,95
2023-06-05T05:47:02,95,0,9,95
2023-06-05T05:58:46,95,0,9,95
2023-06-05T06:10:34,95,0,9,95
2023-06-05T06:22:18,95,0,9,95
2023-06-05T06:34:02,95,0,9,95
2023-06-05T06:45:47,95,0,9,95
2023-06-05T06:57:30,95,0,9,95
2023-06-05T07:09:16,95,0,9,95
2023-06-05T07:20:58,95,0,9,95
2023-06-05T07:32:39,95,0,9,95
2023-06-05T07:44:20,95,0,9,95
2023-06-05T07:56:01,95,0,9,95
2023-06-05T08:07:43,95,0,9,95
2023-06-05T08:19:24,95,0,9,95
2023-06-05T08:31:16,95,0,9,95
2023-06-05T08:42:58,95,0,9,95
2023-06-05T08:54:39,95,0,9,95
2023-06-05T09:06:20,95,0,9,95
2023-06-05T09:18:01,95,0,9,95
2023-06-05T09:29:42,95,0,9,95
2023-06-05T09:41:23,95,0,9,95
2023-06-05T09:53:05,95,0,9,95
2023-06-05T10:04:46,95,0,9,95
2023-06-05T10:16:38,95,0,9,95
2023-06-05T10:28:20,95,0,9,95
2023-06-05T10:40:01,95,0,9,95
2023-06-05T10:51:42,95,0,9,95
2023-06-05T11:03:24,95,0,9,95
2023-06-05T11:15:05,95,0,9,95
2023-06-05T11:26:57,95,0,9,95
2023-06-05T11:38:39,95,0,9,95
2023-06-05T11:50:20,95,0,9,95
2023-06-05T12:02:02,95,0,9,95
2023-06-05T12:13:43,95,0,9,95
2023-06-05T12:25:36,95,0,9,95
2023-06-05T12:37:18,95,0,9,95
2023-06-05T12:49:01,95,0,9,95
2023-06-05T13:00:43,95,0,9,95
2023-06-05T13:12:36,95,0,9,95
2023-06-05T13:24:18,95,0,9,95
2023-06-05T13:35:59,95,0,9,95
2023-06-05T13:47:40,95,0,9,95
2023-06-05T13:59:21,95,0,9,95
2023-06-05T14:11:13,95,0,9,95
2023-06-05T14:22:55,95,0,9,95
2023-06-05T14:34:39,95,0,9,95
2023-06-05T14:46:20,95,0,9,95
2023-06-05T14:58:13,95,0,9,95
2023-06-05T15:09:55,95,0,9,95
2023-06-05T15:21:38,95,0,9,95
2023-06-05T15:33:19,95,0,9,95
2023-06-05T15:45:01,95,0,9,95
2023-06-05T15:56:53,95,0,9,95
2023-06-05T16:08:34,95,0,9,95
2023-06-05T16:20:15,95,0,9,95
2023-06-05T16:31:56,95,0,9,95
2023-06-05T16:43:40,95,0,9,95
2023-06-05T16:55:32,95,0,9,95
2023-06-05T17:07:13,95,0,9,95
2023-06-05T17:18:55,95,0,10,95
2023-06-05T17:30:36,95,0,10,95
2023-06-05T17:42:20,95,0,10,95
2023-06-05T17:54:01,95,0,10,95
2023-06-05T18:05:53,95,0,10,95
2023-06-05T18:17:34,95,0,10,95
2023-06-05T18:29:15,95,0,10,95
2023-06-05T18:40:56,95,0,10,95
2023-06-05T18:52:37,95,0,11,95
2023-06-05T19:04:19,95,0,11,95
2023-06-05T19:16:10,95,0,11,95
2023-06-05T19:27:52,95,0,11,95
2023-06-05T19:39:33,95,0,11,95
2023-06-05T19:51:14,95,0,11,95
2023-06-05T20:02:56,95,0,11,95
2023-06-05T20:14:38,95,0,11,95
2023-06-05T20:26:19,95,0,11,95
2023-06-05T20:38:01,95,0,11,95
2023-06-05T20:49:54,95,0,11,95
2023-06-05T21:01:36,95,0,11,95
2023-06-05T21:13:17,95,0,11,95
2023-06-05T21:24:59,95,0,11,95
2023-06-05T21:36:40,95,0,11,95
2023-06-05T21:48:22,95,0,12,95
2023-06-05T22:00:15,95,0,12,95
2023-06-05T22:11:56,95,0,12,95
2023-06-05T22:23:38,95,0,12,95
2023-06-05T22:35:19,95,0,12,95
2023-06-05T22:47:01,95,0,12,95
2023-06-05T22:58:42,95,0,12,95
2023-06-05T23:10:25,95,0,12,95
2023-06-05T23:22:18,95,0,12,95
2023-06-05T23:34:00,95,0,12,95
2023-06-05T23:45:42,95,0,12,95
2023-06-05T23:57:24,95,0,12,95
2023-06-06T00:09:07,95,0,12,95
2023-06-06T00:20:51,95,0,12,95
2023-06-06T00:32:35,95,0,12,95
2023-06-06T00:44:20,95,0,12,95
2023-06-06T00:56:16,95,0,12,95
2023-06-06T01:08:01,95,0,12,95
2023-06-06T01:19:45,95,0,12,95
2023-06-06T01:31:29,95,0,12,95
2023-06-06T01:43:14,95,0,12,95
2023-06-06T01:54:59,95,0,12,95
2023-06-06T02:06:43,95,0,12,95
2023-06-06T02:18:27,95,0,12,95
2023-06-06T02:30:09,95,0,12,95
2023-06-06T02:41:53,95,0,12,95
2023-06-06T02:53:35,95,0,12,95
2023-06-06T03:05:18,95,0,12,95
2023-06-06T03:17:01,95,0,12,95
2023-06-06T03:28:45,95,0,12,95
2023-06-06T03:40:28,95,0,12,95
2023-06-06T03:52:12,95,0,12,95
2023-06-06T04:03:56,95,0,12,95
2023-06-06T04:15:40,95,0,12,95
2023-06-06T04:31:43,95,0,12,95
2023-06-06T04:44:51,95,0,12,95
2023-06-06T04:56:56,95,0,12,95
2023-06-06T05:08:42,95,0,12,95
2023-06-06T05:20:27,95,0,12,95
2023-06-06T05:32:11,95,0,12,95
2023-06-06T05:43:56,95,0,12,95
2023-06-06T05:55:40,95,0,12,95
2023-06-06T06:07:27,95,0,12,95
2023-06-06T06:19:13,95,0,12,95
2023-06-06T06:30:57,95,0,12,95
2023-06-06T06:42:42,95,0,12,95
2023-06-06T06:54:26,95,0,12,95
2023-06-06T07:06:11,95,0,12,95
2023-06-06T07:17:54,95,0,12,95
2023-06-06T07:29:37,95,0,12,95
2023-06-06T07:41:21,95,0,12,95
2023-06-06T07:53:04,95,0,12,95
2023-06-06T08:04:47,95,0,12,95
2023-06-06T08:16:31,95,0,12,95
2023-06-06T08:28:14,95,0,12,95
2023-06-06T08:39:57,95,0,12,95
2023-06-06T08:51:49,95,0,12,95
2023-06-06T09:03:33,95,0,12,95
2023-06-06T09:15:17,95,0,12,95
2023-06-06T09:26:59,95,0,12,95
2023-06-06T09:38:42,95,0,12,95
2023-06-06T09:50:25,95,0,13,95
2023-06-06T10:02:07,95,0,13,95
2023-06-06T10:13:48,95,0,14,95
2023-06-06T10:25:42,95,0,14,95
2023-06-06T10:37:24,95,0,15,95
2023-06-06T10:49:05,95,0,14,95
2023-06-06T11:00:47,95,0,14,95
2023-06-06T11:12:30,95,0,14,95
2023-06-06T11:24:24,95,0,14,95
2023-06-06T11:36:06,95,0,14,95
2023-06-06T11:47:48,95,0,14,95
2023-06-06T11:59:29,95,0,14,95
2023-06-06T12:11:22,95,0,14,95
2023-06-06T12:23:05,95,0,14,95
2023-06-06T12:34:47,95,0,14,95
2023-06-06T12:46:28,95,0,14,95
2023-06-06T12:58:10,95,0,14,95
2023-06-06T13:10:03,95,0,15,95
2023-06-06T13:21:45,95,0,15,95
2023-06-06T13:33:28,95,0,15,95
2023-06-06T13:45:12,95,0,15,95
2023-06-06T13:57:05,95,0,15,95
2023-06-06T14:08:49,95,0,15,95
2023-06-06T14:20:33,95,0,15,95
2023-06-06T14:32:17,95,0,15,95
2023-06-06T14:44:10,95,0,15,95
2023-06-06T14:55:52,95,0,15,95
2023-06-06T15:07:34,95,0,16,95
2023-06-06T15:19:19,95,0,16,95
2023-06-06T15:31:13,95,0,16,95
2023-06-06T15:42:55,95,0,16,95
2023-06-06T15:54:38,95,0,16,95
2023-06-06T16:06:21,95,0,16,95
2023-06-06T16:18:15,95,0,16,95
2023-06-06T16:29:58,95,0,16,95
2023-06-06T16:41:40,95,0,16,95
2023-06-06T16:53:23,95,0,16,95
2023-06-06T17:05:07,95,0,16,95
2023-06-06T17:17:02,95,0,16,95
2023-06-06T17:28:44,95,0,16,95
2023-06-06T17:40:27,95,0,16,95
2023-06-06T17:52:09,95,0,17,95
2023-06-06T18:04:06,95,0,17,95
2023-06-06T18:15:48,95,0,17,95
2023-06-06T18:27:31,95,0,18,95
2023-06-06T18:39:13,95,0,18,95
2023-06-06T18:50:56,95,0,18,95
2023-06-06T19:02:50,95,0,18,95
2023-06-06T19:14:31,95,0,19,95
2023-06-06T19:26:09,95,0,20,95
2023-06-06T19:37:49,95,0,20,95
2023-06-06T19:49:27,95,0,20,95
2023-06-06T20:01:19,95,0,20,95
2023-06-06T20:12:58,95,0,20,95
2023-06-06T20:24:38,95,0,20,95
2023-06-06T20:36:17,95,0,20,95
2023-06-06T20:47:55,95,0,20,95
2023-06-06T20:59:34,95,0,21,95
2023-06-06T21:11:24,95,0,21,95
2023-06-06T21:23:03,95,0,21,95
2023-06-06T21:34:43,95,0,21,95
2023-06-06T21:46:21,95,0,21,95
2023-06-06T21:58:00,95,0,21,95
2023-06-06T22:09:38,95,0,21,95
2023-06-06T22:21:28,95,0,21,95
2023-06-06T22:33:06,95,0,21,95
2023-06-06T22:44:45,95,0,21,95
2023-06-06T22:56:23,95,0,21,95
2023-06-06T23:08:03,95,0,23,95
2023-06-06T23:19:42,95,0,23,95
2023-06-06T23:31:21,95,0,23,95
2023-06-06T23:43:12,95,0,23,95
2023-06-06T23:54:50,95,0,23,95
2023-06-07T00:06:30,95,0,23,95
2023-06-07T00:18:16,95,0,23,95
2023-06-07T00:29:57,95,0,23,95
2023-06-07T00:41:38,95,0,23,95
2023-06-07T00:53:20,95,0,23,95
2023-06-07T01:05:02,95,0,23,95
2023-06-07T01:16:45,95,0,23,95
2023-06-07T01:28:37,95,0,23,95
2023-06-07T01:40:19,95,0,23,95
2023-06-07T01:52:01,95,0,23,95
2023-06-07T02:03:43,95,0,23,95
2023-06-07T02:15:23,95,0,23,95
2023-06-07T02:27:03,95,0,23,95
2023-06-07T02:38:44,95,0,23,95
2023-06-07T02:50:26,95,0,23,95
2023-06-07T03:02:09,95,0,23,95
2023-06-07T03:13:51,95,0,23,95
2023-06-07T03:25:33,95,0,23,95
2023-06-07T03:37:15,95,0,23,95
2023-06-07T03:48:58,95,0,23,95
2023-06-07T04:00:40,95,0,23,95
2023-06-07T04:23:04,95,0,23,95
2023-06-07T04:34:49,95,0,23,95
2023-06-07T04:48:15,95,0,23,95
2023-06-07T05:00:08,95,0,23,95
2023-06-07T05:11:56,95,0,23,95
2023-06-07T05:23:41,95,0,23,95
2023-06-07T05:35:26,95,0,23,95
2023-06-07T05:47:11,95,0,23,95
2023-06-07T05:58:56,95,0,23,95
2023-06-07T06:10:41,95,0,23,95
2023-06-07T06:22:26,95,0,23,95
2023-06-07T06:34:11,95,0,23,95
2023-06-07T06:45:56,95,0,23,95
2023-06-07T06:57:40,95,0,23,95
2023-06-07T07:09:27,95,0,23,95
2023-06-07T07:21:12,95,0,23,95
2023-06-07T07:32:56,95,0,23,95
2023-06-07T07:44:39,95,0,23,95
2023-06-07T07:56:21,95,0,23,95
2023-06-07T08:08:04,95,0,23,95
2023-06-07T08:19:46,95,0,23,95
2023-06-07T08:31:39,95,0,23,95
2023-06-07T08:43:22,95,0,23,95
2023-06-07T08:55:05,95,0,23,95
2023-06-07T09:06:48,95,0,23,95
2023-06-07T09:18:31,95,0,23,95
2023-06-07T09:30:14,95,0,23,95
2023-06-07T09:41:56,95,0,23,95
2023-06-07T09:53:39,95,0,23,95
2023-06-07T10:05:34,95,0,24,95
2023-06-07T10:17:17,95,0,24,95
2023-06-07T10:29:00,95,0,24,95
2023-06-07T10:40:42,95,0,24,95
2023-06-07T10:52:36,95,0,25,95
2023-06-07T11:04:20,95,0,25,95
2023-06-07T11:16:04,95,0,25,95
2023-06-07T11:27:49,95,0,25,95
2023-06-07T11:39:32,95,0,25,95
2023-06-07T11:51:38,95,0,25,95
2023-06-07T12:03:21,95,0,25,95
2023-06-07T12:15:05,95,0,25,95
2023-06-07T12:26:58,95,0,25,95
2023-06-07T12:38:40,95,0,26,95
2023-06-07T12:50:23,95,0,26,95
2023-06-07T13:02:05,95,0,26,95
2023-06-07T13:13:48,95,0,26,95
2023-06-07T13:25:40,95,0,26,95
2023-06-07T13:37:22,95,0,26,95
2023-06-07T13:49:05,95,0,26,95
2023-06-07T14:00:47,95,0,26,95
2023-06-07T14:12:47,95,0,26,95
2023-06-07T14:24:29,95,0,26,95
2023-06-07T14:36:11,95,0,26,95
2023-06-07T14:47:53,95,0,26,95
2023-06-07T14:59:46,95,0,26,95
2023-06-07T15:11:30,95,0,26,95
2023-06-07T15:23:13,95,0,26,95
2023-06-07T15:34:57,95,0,26,95
2023-06-07T15:47:00,95,0,26,95
2023-06-07T15:58:43,95,0,27,95
2023-06-07T16:10:27,95,0,28,95
2023-06-07T16:22:11,95,0,28,95
2023-06-07T16:34:05,95,0,29,95
2023-06-07T16:45:48,95,0,30,95
2023-06-07T16:57:30,95,0,30,95
2023-06-07T17:09:15,95,0,30,95
2023-06-07T17:21:19,95,0,30,95
2023-06-07T17:33:01,95,0,31,95
2023-06-07T17:44:44,95,0,31,95
2023-06-07T17:56:27,95,0,31,95
2023-06-07T18:08:25,95,0,31,95
2023-06-07T18:20:09,95,0,31,95
2023-06-07T18:31:52,95,0,31,95
2023-06-07T18:43:34,95,0,31,95
2023-06-07T18:55:18,95,0,31,95
2023-06-07T19:07:12,95,0,32,95
2023-06-07T19:18:54,95,0,32,95
2023-06-07T19:30:38,95,0,32,95
2023-06-07T19:42:21,95,0,32,95
2023-06-07T19:54:03,95,0,32,95
2023-06-07T20:05:46,95,0,32,95
2023-06-07T20:17:40,95,0,32,95
2023-06-07T20:29:22,95,0,32,95
2023-06-07T20:41:04,95,0,32,95
2023-06-07T20:52:46,95,0,32,95
2023-06-07T21:04:29,95,0,33,95
2023-06-07T21:16:30,95,0,33,95
2023-06-07T21:28:12,95,0,33,95
2023-06-07T21:39:56,95,0,34,95
2023-06-07T21:51:39,95,0,34,95
2023-06-07T22:03:21,95,0,35,95
2023-06-07T22:15:02,95,0,34,95
2023-06-07T22:26:55,95,0,34,95
2023-06-07T22:38:38,95,0,34,95
2023-06-07T22:50:20,95,0,34,95
2023-06-07T23:02:03,95,0,34,95
2023-06-07T23:13:45,95,0,34,95
2023-06-07T23:25:28,95,0,34,95
2023-06-07T23:37:21,95,0,34,95
2023-06-07T23:49:04,95,0,34,95
2023-06-08T00:00:46,95,0,34,95
2023-06-08T00:12:31,95,0,34,95
2023-06-08T00:24:18,95,0,34,95
2023-06-08T00:36:04,95,0,34,95
2023-06-08T00:47:50,95,0,34,95
2023-06-08T00:59:57,95,0,34,95
2023-06-08T01:11:42,95,0,34,95
2023-06-08T01:23:27,95,0,34,95
2023-06-08T01:35:12,95,0,34,95
2023-06-08T01:46:56,95,0,34,95
2023-06-08T01:58:44,95,0,34,95
2023-06-08T02:10:29,95,0,34,95
2023-06-08T02:22:13,95,0,34,95
2023-06-08T02:33:58,95,0,34,95
2023-06-08T02:45:41,95,0,34,95
2023-06-08T02:57:23,95,0,34,95
2023-06-08T03:09:06,95,0,34,95
2023-06-08T03:20:51,95,0,34,95
2023-06-08T03:32:47,95,0,34,95
2023-06-08T03:44:31,95,0,34,95
2023-06-08T03:56:15,95,0,34,95
2023-06-08T04:08:02,95,0,34,95
2023-06-08T04:19:49,95,0,34,95
2023-06-08T04:36:53,95,0,34,95
2023-06-08T04:48:43,95,0,34,95
2023-06-08T05:00:30,95,0,34,95
2023-06-08T05:12:16,95,0,34,95
2023-06-08T05:24:01,95,0,34,95
2023-06-08T05:35:46,95,0,34,95
2023-06-08T05:47:30,95,0,34,95
2023-06-08T06:01:14,95,0,34,95
2023-06-08T06:12:59,95,0,34,95
2023-06-08T06:24:44,95,0,34,95
2023-06-08T06:36:29,95,0,34,95
2023-06-08T06:48:15,95,0,34,95
2023-06-08T06:59:59,95,0,34,95
2023-06-08T07:11:45,95,0,34,95
2023-06-08T07:23:32,95,0,34,95
2023-06-08T07:35:15,95,0,34,95
2023-06-08T07:46:59,95,0,34,95
2023-06-08T07:58:43,95,0,34,95
2023-06-08T08:10:28,95,0,34,95
2023-06-08T08:22:12,95,0,34,95
2023-06-08T08:34:13,95,0,35,95
2023-06-08T08:45:57,95,0,35,95
2023-06-08T08:57:41,95,0,35,95
2023-06-08T09:09:24,95,0,35,95
2023-06-08T09:21:08,95,0,36,95
2023-06-08T09:32:51,95,0,37,95
2023-06-08T09:44:34,95,0,37,95
2023-06-08T09:56:18,95,0,38,95
2023-06-08T10:08:12,95,0,38,95
2023-06-08T10:19:55,95,0,42,95
2023-06-08T10:31:37,95,0,44,95
2023-06-08T10:43:20,95,0,45,95
2023-06-08T10:55:03,95,0,45,95
2023-06-08T11:06:46,95,0,47,95
2023-06-08T11:18:41,95,0,49,95
2023-06-08T11:30:25,95,0,50,95
2023-06-08T11:42:07,95,0,50,95
2023-06-08T11:53:52,95,0,52,95
2023-06-08T12:05:36,95,0,55,95
2023-06-08T12:17:29,94,1,57,95
2023-06-08T12:29:12,94,1,55,95
2023-06-08T12:40:56,94,1,57,95
2023-06-08T12:52:38,94,1,57,95
2023-06-08T13:04:21,94,1,58,95
2023-06-08T13:16:13,94,1,57,95
2023-06-08T13:27:56,94,1,57,95
2023-06-08T13:39:38,94,1,58,95
2023-06-08T13:51:21,94,1,58,95
2023-06-08T14:03:04,94,1,58,95
2023-06-08T14:14:47,94,1,58,95
2023-06-08T14:26:40,94,1,59,95
2023-06-08T14:38:23,94,1,59,95
2023-06-08T14:50:05,94,1,59,95
2023-06-08T15:01:47,94,1,59,95
2023-06-08T15:13:30,94,1,59,95
2023-06-08T15:25:30,94,1,59,95
2023-06-08T15:37:13,94,1,59,95
2023-06-08T15:48:55,94,1,59,95
2023-06-08T16:00:37,94,1,59,95
2023-06-08T16:12:20,94,1,59,95
2023-06-08T16:24:02,94,1,59,95
2023-06-08T16:35:44,94,1,59,95
2023-06-08T16:47:37,94,1,59,95
2023-06-08T16:59:19,94,1,59,95
2023-06-08T17:11:03,94,1,59,95
2023-06-08T17:22:46,94,1,59,95
2023-06-08T17:34:28,94,1,59,95
2023-06-08T17:46:11,94,1,59,95
2023-06-08T17:57:53,94,1,59,95
2023-06-08T18:09:37,94,1,59,95
2023-06-08T18:21:29,94,1,59,95
2023-06-08T18:33:11,94,1,59,95
2023-06-08T18:44:53,94,1,59,95
2023-06-08T18:56:35,94,1,59,95
2023-06-08T19:08:18,94,1,60,95
2023-06-08T19:20:01,94,1,59,95
2023-06-08T19:31:43,94,1,59,95
2023-06-08T19:43:26,94,1,59,95
2023-06-08T20:03:05,94,1,59,95
2023-06-08T20:14:48,94,1,59,95
2023-06-08T20:26:30,94,1,59,95
2023-06-08T20:38:13,94,1,58,95
2023-06-08T20:49:55,94,1,58,95
2023-06-08T21:01:37,94,1,58,95
2023-06-08T21:13:19,94,1,58,95
2023-06-08T21:25:01,94,1,58,95
2023-06-08T21:36:44,94,1,58,95
2023-06-08T21:48:26,94,1,58,95
2023-06-08T22:00:09,94,1,58,95
2023-06-08T22:12:02,94,1,58,95
2023-06-08T22:23:44,94,1,58,95
2023-06-08T22:35:26,95,0,57,95
2023-06-08T22:47:08,95,0,57,95
2023-06-08T22:58:50,95,0,57,95
2023-06-08T23:10:34,95,0,57,95
2023-06-08T23:22:16,95,0,57,95
2023-06-08T23:33:59,95,0,57,95
2023-06-08T23:45:42,95,0,57,95
2023-06-08T23:57:25,95,0,57,95
2023-06-09T00:09:12,95,0,57,95
2023-06-09T00:21:13,95,0,57,95
2023-06-09T00:32:58,95,0,57,95
2023-06-09T00:44:44,95,0,57,95
2023-06-09T00:56:30,95,0,58,95
2023-06-09T01:08:16,95,0,58,95
2023-06-09T01:20:02,95,0,58,95
2023-06-09T01:31:48,95,0,58,95
2023-06-09T01:43:35,95,0,58,95
2023-06-09T01:55:22,95,0,58,95
2023-06-09T02:07:08,95,0,58,95
2023-06-09T02:18:52,95,0,58,95
2023-06-09T02:30:36,95,0,58,95
2023-06-09T02:42:39,95,0,58,95
2023-06-09T02:54:39,95,0,58,95
2023-06-09T03:06:26,95,0,58,95
2023-06-09T03:18:13,95,0,58,95
2023-06-09T03:29:58,95,0,58,95
2023-06-09T03:41:44,95,0,58,95
2023-06-09T03:53:29,95,0,58,95
2023-06-09T04:05:14,95,0,58,95
2023-06-09T04:29:56,95,0,58,95
2023-06-09T04:41:44,95,0,58,95
2023-06-09T04:53:32,95,0,58,95
2023-06-09T05:05:22,95,0,58,95
2023-06-09T05:17:08,95,0,58,95
2023-06-09T05:28:55,95,0,58,95
2023-06-09T05:40:40,95,0,58,95
2023-06-09T05:52:27,95,0,58,95
2023-06-09T06:04:12,95,0,58,95
2023-06-09T06:15:58,95,0,58,95
2023-06-09T06:27:45,95,0,58,95
2023-06-09T06:39:31,95,0,58,95
2023-06-09T06:51:16,95,0,58,95
2023-06-09T07:03:01,95,0,58,95
2023-06-09T07:14:47,95,0,58,95
2023-06-09T07:26:34,95,0,58,95
2023-06-09T07:38:19,95,0,58,95
2023-06-09T07:50:02,95,0,58,95
2023-06-09T08:01:47,95,0,58,95
2023-06-09T08:13:30,95,0,58,95
2023-06-09T08:25:13,95,0,58,95
2023-06-09T08:36:56,95,0,58,95
2023-06-09T08:48:39,95,0,58,95
2023-06-09T09:00:22,95,0,58,95
2023-06-09T09:12:15,95,0,58,95
2023-06-09T09:23:58,95,0,58,95
2023-06-09T09:35:41,95,0,58,95
2023-06-09T09:47:24,95,0,58,95
2023-06-09T09:59:09,95,0,58,95
2023-06-09T10:10:52,95,0,58,95
2023-06-09T10:22:34,95,0,58,95
2023-06-09T10:34:17,95,0,58,95
2023-06-09T10:45:59,95,0,58,95
2023-06-09T10:57:42,95,0,58,95
2023-06-09T11:09:43,95,0,58,95
2023-06-09T11:21:26,95,0,58,95
2023-06-09T11:33:08,95,0,58,95
2023-06-09T11:44:50,95,0,58,95
2023-06-09T11:56:33,95,0,58,95
2023-06-09T12:08:15,95,0,58,95
2023-06-09T12:19:59,95,0,58,95
2023-06-09T12:31:43,95,0,58,95
2023-06-09T12:43:37,95,0,58,95
2023-06-09T12:55:22,95,0,58,95
2023-06-09T13:07:05,95,0,58,95
2023-06-09T13:18:49,95,0,59,95
2023-06-09T13:30:34,95,0,59,95
2023-06-09T13:42:18,95,0,59,95
2023-06-09T13:54:02,95,0,59,95
2023-06-09T14:06:03,95,0,59,95
2023-06-09T14:17:47,95,0,59,95
2023-06-09T14:29:30,95,0,59,95
2023-06-09T14:41:15,95,0,59,95
2023-06-09T14:53:00,95,0,59,95
2023-06-09T15:04:44,95,0,59,95
2023-06-09T15:16:28,95,0,59,95
2023-06-09T15:28:12,95,0,59,95
2023-06-09T15:39:56,95,0,59,95
2023-06-09T15:51:51,95,0,59,95
2023-06-09T16:03:35,95,0,59,95
2023-06-09T16:15:20,95,0,59,95
2023-06-09T16:27:05,95,0,59,95
2023-06-09T16:38:50,95,0,58,95
2023-06-09T16:50:35,95,0,58,95
2023-06-09T17:02:20,95,0,58,95
2023-06-09T17:14:18,95,0,58,95
2023-06-09T17:26:03,95,0,58,95
2023-06-09T17:37:48,95,0,58,95
2023-06-09T17:49:33,95,0,58,95
2023-06-09T18:01:18,95,0,58,95
2023-06-09T18:13:03,95,0,58,95
2023-06-09T18:24:48,95,0,58,95
2023-06-09T18:36:33,95,0,59,95
2023-06-09T18:48:18,95,0,59,95
2023-06-09T19:00:14,95,0,59,95
2023-06-09T19:11:59,95,0,59,95
2023-06-09T19:23:44,95,0,59,95
2023-06-09T19:35:30,95,0,59,95
2023-06-09T19:47:15,95,0,59,95
2023-06-09T19:59:00,95,0,59,95
2023-06-09T20:10:45,95,0,59,95
2023-06-09T20:22:31,95,0,59,95
2023-06-09T20:34:35,95,0,59,95
2023-06-09T20:46:20,95,0,59,95
2023-06-09T20:58:05,95,0,59,95
2023-06-09T21:09:50,95,0,59,95
2023-06-09T21:21:35,95,0,59,95
2023-06-09T21:33:20,95,0,59,95
2023-06-09T21:45:05,95,0,59,95
2023-06-09T21:56:51,95,0,59,95
2023-06-09T22:08:36,95,0,59,95
2023-06-09T22:20:22,95,0,59,95
2023-06-09T22:32:07,95,0,59,95
2023-06-09T22:43:52,95,0,59,95
2023-06-09T22:55:48,95,0,59,95
2023-06-09T23:07:34,95,0,59,95
2023-06-09T23:19:20,95,0,59,95
2023-06-09T23:31:06,95,0,59,95
2023-06-09T23:42:52,95,0,59,95
2023-06-09T23:54:38,95,0,59,95
2023-06-10T00:06:25,95,0,59,95
2023-06-10T00:18:15,95,0,59,95
2023-06-10T00:30:04,95,0,59,95
2023-06-10T00:41:53,95,0,59,95
2023-06-10T00:53:42,95,0,59,95
2023-06-10T01:05:51,95,0,59,95
2023-06-10T01:17:40,95,0,59,95
2023-06-10T01:29:30,95,0,59,95
2023-06-10T01:41:19,95,0,59,95
2023-06-10T01:53:09,95,0,59,95
2023-06-10T02:04:59,95,0,59,95
2023-06-10T02:16:47,95,0,59,95
2023-06-10T02:28:34,95,0,59,95
2023-06-10T02:40:21,95,0,59,95
2023-06-10T02:52:06,95,0,59,95
2023-06-10T03:03:51,95,0,59,95
2023-06-10T03:15:39,95,0,59,95
2023-06-10T03:27:26,95,0,59,95
2023-06-10T03:39:13,95,0,59,95
2023-06-10T03:51:01,95,0,59,95
2023-06-10T04:02:50,95,0,59,95
2023-06-10T04:15:21,95,0,59,95
2023-06-10T04:33:10,95,0,59,95
2023-06-10T04:46:14,95,0,59,95
2023-06-10T04:58:24,95,0,59,95
2023-06-10T05:10:14,95,0,59,95
2023-06-10T05:22:02,95,0,59,95
2023-06-10T05:33:51,95,0,59,95
2023-06-10T05:45:39,95,0,59,95
2023-06-10T05:57:28,95,0,59,95
2023-06-10T06:09:16,95,0,59,95
2023-06-10T06:21:04,95,0,59,95
2023-06-10T06:32:52,95,0,59,95
2023-06-10T06:44:40,95,0,59,95
2023-06-10T06:56:29,95,0,59,95
2023-06-10T07:08:19,95,0,59,95
2023-06-10T07:20:07,95,0,59,95
2023-06-10T07:31:55,95,0,59,95
2023-06-10T07:43:45,95,0,59,95
2023-06-10T07:55:32,95,0,59,95
2023-06-10T08:07:28,95,0,59,95
2023-06-10T08:19:16,95,0,59,95
2023-06-10T08:31:05,95,0,59,95
2023-06-10T08:42:53,95,0,59,95
2023-06-10T08:54:42,95,0,59,95
2023-06-10T09:06:30,95,0,59,95
2023-06-10T09:18:17,95,0,59,95
2023-06-10T09:30:05,95,0,59,95
2023-06-10T09:41:53,95,0,59,95
2023-06-10T09:53:40,95,0,59,95
2023-06-10T10:05:27,95,0,59,95
2023-06-10T10:17:13,95,0,59,95
2023-06-10T10:28:59,95,0,59,95
2023-06-10T10:40:46,95,0,59,95
2023-06-10T10:52:32,95,0,59,95
2023-06-10T11:04:30,95,0,59,95
2023-06-10T11:16:15,95,0,59,95
2023-06-10T11:28:00,95,0,59,95
2023-06-10T11:39:45,95,0,59,95
2023-06-10T11:51:30,95,0,59,95
2023-06-10T12:03:14,95,0,59,95
2023-06-10T12:14:59,95,0,59,95
2023-06-10T12:26:44,95,0,59,95
2023-06-10T12:38:29,95,0,59,95
2023-06-10T12:50:14,95,0,59,95
2023-06-10T13:01:59,95,0,59,95
2023-06-10T13:13:44,95,0,59,95
2023-06-10T13:25:29,95,0,59,95
2023-06-10T13:37:23,95,0,59,95
2023-06-10T13:49:08,95,0,59,95
2023-06-10T14:00:53,95,0,59,95
2023-06-10T14:12:38,95,0,59,95
2023-06-10T14:24:23,95,0,59,95
2023-06-10T14:36:08,95,0,59,95
2023-06-10T14:47:53,95,0,59,95
2023-06-10T14:59:37,95,0,59,95
2023-06-10T15:11:22,95,0,59,95
2023-06-10T15:23:07,95,0,59,95
2023-06-10T15:34:52,95,0,59,95
2023-06-10T15:46:36,95,0,59,95
2023-06-10T15:58:31,95,0,59,95
2023-06-10T16:10:16,95,0,59,95
2023-06-10T16:22:01,95,0,59,95
2023-06-10T16:33:46,95,0,59,95
2023-06-10T16:45:30,95,0,59,95
2023-06-10T16:57:15,95,0,59,95
2023-06-10T17:09:01,95,0,58,95
2023-06-10T17:20:47,95,0,58,95
2023-06-10T17:32:32,95,0,58,95
2023-06-10T17:44:17,95,0,58,95
2023-06-10T17:56:02,95,0,58,95
2023-06-10T18:07:57,95,0,58,95
2023-06-10T18:19:42,95,0,58,95
2023-06-10T18:31:27,95,0,58,95
2023-06-10T18:43:12,95,0,58,95
2023-06-10T18:54:57,95,0,58,95
2023-06-10T19:06:42,95,0,58,95
2023-06-10T19:18:28,95,0,58,95
2023-06-10T19:30:13,95,0,58,95
2023-06-10T19:41:58,95,0,58,95
2023-06-10T19:53:43,95,0,58,95
2023-06-10T20:05:28,95,0,58,95
2023-06-10T20:17:13,95,0,58,95
2023-06-10T20:28:58,95,0,58,95
2023-06-10T20:40:43,95,0,58,95
2023-06-10T20:52:37,95,0,58,95
2023-06-10T21:04:23,95,0,58,95
2023-06-10T21:16:08,95,0,58,95
2023-06-10T21:27:53,95,0,58,95
2023-06-10T21:39:38,95,0,58,95
2023-06-10T21:51:23,95,0,58,95
2023-06-10T22:03:08,95,0,58,95
2023-06-10T22:14:53,95,0,58,95
2023-06-10T22:26:38,95,0,58,95
2023-06-10T22:38:23,95,0,58,95
2023-06-10T22:50:07,95,0,58,95
2023-06-10T23:01:52,95,0,58,95
2023-06-10T23:13:38,95,0,58,95
2023-06-10T23:25:33,95,0,58,95
2023-06-10T23:37:18,95,0,58,95
2023-06-10T23:49:03,95,0,58,95
2023-06-11T00:00:49,95,0,58,95
2023-06-11T00:12:37,95,0,58,95
2023-06-11T00:24:33,95,0,58,95
2023-06-11T00:36:21,95,0,58,95
2023-06-11T00:48:10,95,0,58,95
2023-06-11T00:59:59,95,0,58,95
2023-06-11T01:11:45,95,0,58,95
2023-06-11T01:23:32,95,0,58,95
2023-06-11T01:35:21,95,0,58,95
2023-06-11T01:47:09,95,0,58,95
2023-06-11T01:58:58,95,0,58,95
2023-06-11T02:10:47,95,0,58,95
2023-06-11T02:22:35,95,0,58,95
2023-06-11T02:34:24,95,0,58,95
2023-06-11T02:46:11,95,0,58,95
2023-06-11T02:57:58,95,0,58,95
2023-06-11T03:09:46,95,0,58,95
2023-06-11T03:21:34,95,0,58,95
2023-06-11T03:33:33,95,0,58,95
2023-06-11T03:45:21,95,0,58,95
2023-06-11T03:57:09,95,0,58,95
2023-06-11T04:08:58,95,0,58,95
2023-06-11T04:35:05,95,0,58,95
2023-06-11T04:48:10,95,0,58,95
2023-06-11T05:00:19,95,0,58,95
2023-06-11T05:12:08,95,0,58,95
2023-06-11T05:23:56,95,0,58,95
2023-06-11T05:35:43,95,0,58,95
2023-06-11T05:47:33,95,0,58,95
2023-06-11T05:59:20,95,0,58,95
2023-06-11T06:11:08,95,0,58,95
2023-06-11T06:22:56,95,0,58,95
2023-06-11T06:34:46,95,0,58,95
2023-06-11T06:46:33,95,0,58,95
2023-06-11T06:58:21,95,0,58,95
2023-06-11T07:10:08,95,0,58,95
2023-06-11T07:21:54,95,0,58,95
2023-06-11T07:33:39,95,0,58,95
2023-06-11T07:45:24,95,0,58,95
2023-06-11T07:57:09,95,0,58,95
2023-06-11T08:08:56,95,0,58,95
2023-06-11T08:20:45,95,0,58,95
2023-06-11T08:32:31,95,0,58,95
2023-06-11T08:44:16,95,0,58,95
2023-06-11T08:56:01,95,0,58,95
2023-06-11T09:07:46,95,0,58,95
2023-06-11T09:19:32,95,0,58,95
2023-06-11T09:31:17,95,0,58,95
2023-06-11T09:43:10,95,0,58,95
2023-06-11T09:54:54,95,0,58,95
2023-06-11T10:06:40,95,0,58,95
2023-06-11T10:18:25,95,0,58,95
2023-06-11T10:30:10,95,0,58,95
2023-06-11T10:41:55,95,0,58,95
2023-06-11T10:53:40,95,0,58,95
2023-06-11T11:05:26,95,0,58,95
2023-06-11T11:17:12,95,0,58,95
2023-06-11T11:28:58,95,0,58,95
2023-06-11T11:40:45,95,0,58,95
2023-06-11T11:52:31,95,0,58,95
2023-06-11T12:04:17,95,0,58,95
2023-06-11T12:16:04,95,0,58,95
2023-06-11T12:27:49,95,0,58,95
2023-06-11T12:39:43,95,0,58,95
2023-06-11T12:51:28,95,0,58,95
2023-06-11T13:03:14,95,0,58,95
2023-06-11T13:14:59,95,0,58,95
2023-06-11T13:26:43,95,0,58,95
2023-06-11T13:38:29,95,0,58,95
2023-06-11T13:50:14,95,0,58,95
2023-06-11T14:01:59,95,0,58,95
2023-06-11T14:13:44,95,0,58,95
2023-06-11T14:25:28,95,0,58,95
2023-06-11T14:37:13,95,0,58,95
2023-06-11T14:49:09,95,0,58,95
2023-06-11T15:00:53,95,0,58,95
2023-06-11T15:12:38,95,0,58,95
2023-06-11T15:24:22,95,0,58,95
2023-06-11T15:36:07,95,0,58,95
2023-06-11T15:47:51,95,0,58,95
2023-06-11T15:59:36,95,0,58,95
2023-06-11T16:11:23,95,0,58,95
2023-06-11T16:23:08,95,0,58,95
2023-06-11T16:35:03,95,0,58,95
2023-06-11T16:46:48,95,0,58,95
2023-06-11T16:58:33,95,0,58,95
2023-06-11T17:10:18,95,0,58,95
2023-06-11T17:22:04,95,0,58,95
2023-06-11T17:33:49,95,0,58,95
2023-06-11T17:45:34,95,0,58,95
2023-06-11T17:57:19,95,0,58,95
2023-06-11T18:09:03,95,0,58,95
2023-06-11T18:20:48,95,0,58,95
2023-06-11T18:32:33,95,0,58,95
2023-06-11T18:44:28,95,0,58,95
2023-06-11T18:56:13,95,0,58,95
2023-06-11T19:08:00,95,0,58,95
2023-06-11T19:19:45,95,0,58,95
2023-06-11T19:31:31,95,0,58,95
2023-06-11T19:43:16,95,0,58,95
2023-06-11T19:55:00,95,0,58,95
2023-06-11T20:06:45,95,0,58,95
2023-06-11T20:18:30,95,0,58,95
2023-06-11T20:30:15,95,0,58,95
2023-06-11T20:42:00,95,0,58,95
2023-06-11T20:53:54,95,0,58,95
2023-06-11T21:05:39,95,0,58,95
2023-06-11T21:17:25,95,0,59,95
2023-06-11T21:29:10,95,0,59,95
2023-06-11T21:40:56,95,0,59,95
2023-06-11T21:52:42,95,0,59,95
2023-06-11T22:04:27,95,0,58,95
2023-06-11T22:16:12,95,0,58,95
2023-06-11T22:27:57,95,0,58,95
2023-06-11T22:39:42,95,0,58,95
2023-06-11T22:51:38,95,0,58,95
2023-06-11T23:03:24,95,0,58,95
2023-06-11T23:15:09,95,0,58,95
2023-06-11T23:26:55,95,0,58,95
2023-06-11T23:38:40,95,0,57,95
2023-06-11T23:50:27,95,0,57,95
2023-06-12T00:02:13,95,0,57,95
2023-06-12T00:14:00,95,0,58,95
2023-06-12T00:25:57,95,0,58,95
2023-06-12T00:37:49,95,0,58,95
2023-06-12T00:49:49,95,0,58,95
2023-06-12T01:01:36,95,0,58,95
2023-06-12T01:13:23,95,0,58,95
2023-06-12T01:25:13,95,0,58,95
2023-06-12T01:37:03,95,0,58,95
2023-06-12T01:48:50,95,0,58,95
2023-06-12T02:00:38,95,0,58,95
2023-06-12T02:12:26,95,0,58,95
2023-06-12T02:24:13,95,0,58,95
2023-06-12T02:36:00,95,0,58,95
2023-06-12T02:47:47,95,0,58,95
2023-06-12T02:59:34,95,0,58,95
2023-06-12T03:11:21,95,0,58,95
2023-06-12T03:23:10,95,0,58,95
2023-06-12T03:35:00,95,0,58,95
2023-06-12T03:46:50,95,0,58,95
2023-06-12T03:58:38,95,0,58,95
2023-06-12T04:10:26,95,0,58,95
2023-06-12T04:31:42,95,0,58,95
2023-06-12T04:43:32,95,0,58,95
2023-06-12T04:56:59,95,0,58,95
2023-06-12T05:08:55,95,0,58,95
2023-06-12T05:20:41,95,0,58,95
2023-06-12T05:32:26,95,0,58,95
2023-06-12T05:44:13,95,0,58,95
2023-06-12T05:56:03,95,0,58,95
2023-06-12T06:07:52,95,0,58,95
2023-06-12T06:19:40,95,0,58,95
2023-06-12T06:31:29,95,0,58,95
2023-06-12T06:43:18,95,0,58,95
2023-06-12T06:55:06,95,0,58,95
2023-06-12T07:06:56,95,0,58,95
2023-06-12T07:18:46,95,0,58,95
2023-06-12T07:30:33,95,0,58,95
2023-06-12T07:42:20,95,0,58,95
2023-06-12T07:54:06,95,0,58,95
2023-06-12T08:05:54,95,0,58,95
2023-06-12T08:17:41,95,0,58,95
2023-06-12T08:29:28,95,0,58,95
2023-06-12T08:41:15,95,0,58,95
2023-06-12T08:53:10,95,0,58,95
2023-06-12T09:04:56,95,0,58,95
2023-06-12T09:16:40,95,0,58,95
2023-06-12T09:28:26,95,0,58,95
2023-06-12T09:40:11,95,0,58,95
2023-06-12T09:51:56,95,0,58,95
2023-06-12T10:03:42,95,0,58,95
2023-06-12T10:15:27,95,0,58,95
2023-06-12T10:27:12,95,0,58,95
2023-06-12T10:38:57,95,0,58,95
2023-06-12T10:50:43,95,0,58,95
2023-06-12T11:02:38,95,0,58,95
2023-06-12T11:14:24,95,0,58,95
2023-06-12T11:26:09,95,0,58,95
2023-06-12T11:37:54,95,0,58,95
2023-06-12T11:49:40,95,0,58,95
2023-06-12T12:01:26,95,0,58,95
2023-06-12T12:13:13,95,0,58,95
2023-06-12T12:24:58,95,0,58,95
2023-06-12T12:36:54,95,0,58,95
2023-06-12T12:48:39,95,0,58,95
2023-06-12T13:00:24,95,0,58,95
2023-06-12T13:12:10,95,0,58,95
2023-06-12T13:23:56,95,0,58,95
2023-06-12T13:35:42,95,0,58,95
2023-06-12T13:47:27,95,0,58,95
2023-06-12T13:59:12,95,0,58,95
2023-06-12T14:11:08,95,0,57,95
2023-06-12T14:22:53,95,0,57,95
2023-06-12T14:34:39,95,0,57,95
2023-06-12T14:46:24,95,0,57,95
2023-06-12T14:58:09,95,0,57,95
2023-06-12T15:09:54,95,0,57,95
2023-06-12T15:21:39,95,0,57,95
2023-06-12T15:33:36,95,0,57,95
2023-06-12T15:45:22,95,0,57,95
2023-06-12T15:57:07,95,0,57,95
2023-06-12T16:08:52,95,0,57,95
2023-06-12T16:20:37,95,0,57,95
2023-06-12T16:32:22,95,0,57,95
2023-06-12T16:44:08,95,0,57,95
2023-06-12T16:56:03,95,0,57,95
2023-06-12T17:07:50,95,0,57,95
2023-06-12T17:19:36,95,0,57,95
2023-06-12T17:31:22,95,0,57,95
2023-06-12T17:43:07,95,0,57,95
2023-06-12T17:54:53,95,0,57,95
2023-06-12T18:06:38,95,0,57,95
2023-06-12T18:18:33,95,0,57,95
2023-06-12T18:30:18,95,0,57,95
2023-06-12T18:42:03,95,0,57,95
2023-06-12T18:53:48,95,0,57,95
2023-06-12T19:05:34,95,0,57,95
2023-06-12T19:17:19,95,0,57,95
2023-06-12T19:29:04,95,0,57,95
2023-06-12T19:40:50,95,0,57,95
2023-06-12T19:52:35,95,0,57,95
2023-06-12T20:04:30,95,0,57,95
2023-06-12T20:16:15,95,0,57,95
2023-06-12T20:28:00,95,0,57,95
2023-06-12T20:39:45,95,0,57,95
2023-06-12T20:51:30,95,0,57,95
2023-06-12T21:03:15,95,0,57,95
2023-06-12T21:15:11,95,0,57,95
2023-06-12T21:26:57,95,0,57,95
2023-06-12T21:38:42,95,0,57,95
2023-06-12T21:50:28,95,0,57,95
2023-06-12T22:02:13,95,0,57,95
2023-06-12T22:13:59,95,0,57,95
2023-06-12T22:25:46,95,0,57,95
2023-06-12T22:37:31,95,0,57,95
2023-06-12T22:49:16,95,0,57,95
2023-06-12T23:01:02,95,0,57,95
2023-06-12T23:12:48,95,0,57,95
2023-06-12T23:24:44,95,0,57,95
2023-06-12T23:36:31,95,0,57,95
2023-06-12T23:48:16,95,0,57,95
2023-06-13T00:00:02,95,0,57,95
2023-06-13T00:11:51,95,0,57,95
2023-06-13T00:23:42,95,0,57,95
2023-06-13T00:35:30,95,0,57,95
2023-06-13T00:47:19,95,0,57,95
2023-06-13T00:59:07,95,0,57,95
2023-06-13T01:10:57,95,0,57,95
2023-06-13T01:22:45,95,0,57,95
2023-06-13T01:34:35,95,0,57,95
2023-06-13T01:46:23,95,0,57,95
2023-06-13T01:58:21,95,0,57,95
2023-06-13T02:10:07,95,0,57,95
2023-06-13T02:21:51,95,0,57,95
2023-06-13T02:33:37,95,0,57,95
2023-06-13T02:45:23,95,0,57,95
2023-06-13T02:57:09,95,0,57,95
2023-06-13T03:08:59,95,0,57,95
2023-06-13T03:20:46,95,0,57,95
2023-06-13T03:32:34,95,0,57,95
2023-06-13T03:44:21,95,0,57,95
2023-06-13T03:56:09,95,0,57,95
2023-06-13T04:07:58,95,0,57,95
2023-06-13T04:25:31,95,0,57,95
2023-06-13T04:37:20,95,0,57,95
2023-06-13T04:50:31,95,0,57,95
2023-06-13T05:02:40,95,0,57,95
2023-06-13T05:14:27,95,0,57,95
2023-06-13T05:26:20,95,0,57,95
2023-06-13T05:38:15,95,0,57,95
2023-06-13T05:50:06,95,0,57,95
2023-06-13T06:01:55,95,0,57,95
2023-06-13T06:13:43,95,0,57,95
2023-06-13T06:25:31,95,0,57,95
2023-06-13T06:37:19,95,0,57,95
2023-06-13T06:49:08,95,0,57,95
2023-06-13T07:00:56,95,0,57,95
2023-06-13T07:12:45,95,0,57,95
2023-06-13T07:24:33,95,0,57,95
2023-06-13T07:36:19,95,0,57,95
2023-06-13T07:48:05,95,0,57,95
2023-06-13T07:59:52,95,0,57,95
2023-06-13T08:11:40,95,0,57,95
2023-06-13T08:23:27,95,0,57,95
2023-06-13T08:35:14,95,0,57,95
2023-06-13T08:47:09,95,0,57,95
2023-06-13T08:58:56,95,0,57,95
2023-06-13T09:10:44,95,0,57,95
2023-06-13T09:22:32,95,0,57,95
2023-06-13T09:34:18,95,0,57,95
2023-06-13T09:46:06,95,0,57,95
2023-06-13T09:57:53,95,0,57,95
2023-06-13T10:09:40,95,0,57,95
2023-06-13T10:21:27,95,0,57,95
2023-06-13T10:33:30,95,0,57,95
2023-06-13T10:45:15,95,0,57,95
2023-06-13T10:57:01,95,0,57,95
2023-06-13T11:08:47,95,0,57,95
2023-06-13T11:20:33,95,0,57,95
2023-06-13T11:32:19,95,0,57,95
2023-06-13T11:44:05,95,0,57,95
2023-06-13T11:56:01,95,0,57,95
2023-06-13T12:07:48,95,0,57,95
2023-06-13T12:19:34,95,0,57,95
2023-06-13T12:31:21,95,0,57,95
2023-06-13T12:43:07,95,0,57,95
2023-06-13T12:54:52,95,0,57,95
2023-06-13T13:06:38,94,1,57,95
2023-06-13T13:18:23,94,1,57,95
2023-06-13T13:30:09,94,1,57,95
2023-06-13T13:41:56,94,1,57,95
2023-06-13T13:53:54,94,1,57,95
2023-06-13T14:05:40,94,1,57,95
2023-06-13T14:17:28,94,1,57,95
2023-06-13T14:29:16,94,1,57,95
2023-06-13T14:41:03,94,1,57,95
2023-06-13T14:52:51,94,1,57,95
2023-06-13T15:04:38,94,1,56,95
2023-06-13T15:16:38,94,1,56,95
2023-06-13T15:28:25,94,1,56,95
2023-06-13T15:40:12,94,1,56,95
2023-06-13T15:51:59,94,1,56,95
2023-06-13T16:03:47,94,1,56,95
2023-06-13T16:15:34,94,1,56,95
2023-06-13T16:27:21,94,1,56,95
2023-06-13T16:39:08,94,1,56,95
2023-06-13T16:50:55,94,1,56,95
2023-06-13T17:02:53,94,1,56,95
2023-06-13T17:14:41,94,1,56,95
2023-06-13T17:26:29,94,1,56,95
2023-06-13T17:38:17,94,1,56,95
2023-06-13T17:50:04,94,1,56,95
2023-06-13T18:01:51,94,1,56,95
2023-06-13T18:13:39,94,1,56,95
2023-06-13T18:25:26,94,1,56,95
2023-06-13T18:37:13,94,1,56,95
2023-06-13T18:49:09,94,1,56,95
2023-06-13T19:00:56,94,1,56,95
2023-06-13T19:12:44,94,1,56,95
2023-06-13T19:24:31,94,1,56,95
2023-06-13T19:36:18,94,1,56,95
2023-06-13T19:48:05,94,1,56,95
2023-06-13T19:59:53,94,1,56,95
2023-06-13T20:11:40,94,1,56,95
2023-06-13T20:23:27,94,1,56,95
2023-06-13T20:35:14,94,1,56,95
2023-06-13T20:47:13,94,1,56,95
2023-06-13T20:59:00,94,1,56,95
2023-06-13T21:10:47,94,1,56,95
2023-06-13T21:22:34,94,1,56,95
2023-06-13T21:34:21,94,1,56,95
2023-06-13T21:46:08,94,1,56,95
2023-06-13T21:57:56,94,1,56,95
2023-06-13T22:09:45,94,1,56,95
2023-06-13T22:21:36,94,1,56,95
2023-06-13T22:33:33,95,0,55,95
2023-06-13T22:45:20,95,0,55,95
2023-06-13T22:57:07,95,0,55,95
2023-06-13T23:08:56,95,0,55,95
2023-06-13T23:20:44,95,0,55,95
2023-06-13T23:32:31,95,0,55,95
2023-06-13T23:44:19,95,0,55,95
2023-06-13T23:56:07,95,0,55,95
2023-06-14T00:07:56,95,0,55,95
2023-06-14T00:19:48,95,0,55,95
2023-06-14T00:31:38,95,0,55,95
2023-06-14T00:43:29,95,0,55,95
2023-06-14T00:55:31,95,0,55,95
2023-06-14T01:07:22,95,0,55,95
2023-06-14T01:19:13,95,0,55,95
2023-06-14T01:31:05,95,0,55,95
2023-06-14T01:42:57,95,0,55,95
2023-06-14T01:54:49,95,0,55,95
2023-06-14T02:06:40,95,0,55,95
2023-06-14T02:18:30,95,0,55,95
2023-06-14T02:30:19,95,0,55,95
2023-06-14T02:42:10,95,0,55,95
2023-06-14T02:54:00,95,0,55,95
2023-06-14T03:05:51,95,0,55,95
2023-06-14T03:17:42,95,0,55,95
2023-06-14T03:29:45,95,0,55,95
2023-06-14T03:41:36,95,0,55,95
2023-06-14T03:53:27,95,0,55,95
2023-06-14T04:05:17,95,0,55,95
2023-06-14T04:17:19,95,0,54,95
2023-06-14T04:33:56,95,0,54,95
2023-06-14T04:46:01,95,0,54,95
2023-06-14T04:57:54,95,0,54,95
2023-06-14T05:09:45,95,0,54,95
2023-06-14T05:21:36,95,0,54,95
2023-06-14T05:33:26,95,0,54,95
2023-06-14T05:45:18,95,0,54,95
2023-06-14T05:57:09,95,0,54,95
2023-06-14T06:09:00,95,0,54,95
2023-06-14T06:20:51,95,0,54,95
2023-06-14T06:32:45,95,0,54,95
2023-06-14T06:44:45,95,0,54,95
2023-06-14T06:56:35,95,0,54,95
2023-06-14T07:08:25,95,0,54,95
2023-06-14T07:20:27,95,0,54,95
2023-06-14T07:32:16,95,0,54,95
2023-06-14T07:44:05,95,0,54,95
2023-06-14T07:55:54,95,0,54,95
2023-06-14T08:07:44,95,0,54,95
2023-06-14T08:19:34,95,0,54,95
2023-06-14T08:31:32,95,0,54,95
2023-06-14T08:43:23,95,0,54,95
2023-06-14T08:55:11,95,0,54,95
2023-06-14T09:06:59,95,0,54,95
2023-06-14T09:18:48,95,0,54,95
2023-06-14T09:30:36,95,0,54,95
2023-06-14T09:42:24,95,0,54,95
2023-06-14T09:54:22,95,0,54,95
2023-06-14T10:06:13,95,0,54,95
2023-06-14T10:18:02,95,0,54,95
2023-06-14T10:29:51,95,0,54,95
2023-06-14T10:41:41,95,0,54,95
2023-06-14T10:53:30,95,0,54,95
2023-06-14T11:05:19,95,0,54,95
2023-06-14T11:17:08,95,0,54,95
2023-06-14T11:28:59,95,0,54,95
2023-06-14T11:40:59,95,0,54,95
2023-06-14T11:52:50,95,0,54,95
2023-06-14T12:04:38,95,0,54,95
2023-06-14T12:16:27,95,0,54,95
2023-06-14T12:28:15,95,0,54,95
2023-06-14T12:40:04,95,0,54,95
2023-06-14T12:51:52,95,0,54,95
2023-06-14T13:03:41,95,0,54,95
2023-06-14T13:15:30,95,0,54,95
2023-06-14T13:27:31,95,0,54,95
2023-06-14T13:39:26,95,0,54,95
2023-06-14T13:51:21,95,0,54,95
2023-06-14T14:03:22,95,0,54,95
2023-06-14T14:15:27,95,0,54,95
2023-06-14T14:27:36,95,0,54,95
2023-06-14T14:39:52,95,0,54,95
2023-06-14T14:52:18,95,0,54,95
2023-06-14T15:04:33,95,0,54,95
2023-06-14T15:16:46,95,0,54,95
2023-06-14T15:29:01,95,0,54,95
2023-06-14T15:41:16,95,0,54,95
2023-06-14T15:53:31,95,0,54,95
2023-06-14T16:05:48,95,0,54,95
2023-06-14T16:18:13,95,0,54,95
2023-06-14T16:30:27,95,0,54,95
2023-06-14T16:42:43,95,0,54,95
2023-06-14T16:54:57,95,0,54,95
2023-06-14T17:07:14,95,0,54,95
2023-06-14T17:19:29,95,0,55,95
2023-06-14T17:31:43,95,0,55,95
2023-06-14T17:44:10,95,0,55,95
2023-06-14T17:56:23,95,0,55,95
2023-06-14T18:08:38,95,0,55,95
2023-06-14T18:20:52,95,0,55,95
2023-06-14T18:33:06,95,0,54,95
2023-06-14T18:45:19,95,0,54,95
2023-06-14T18:57:34,95,0,54,95
2023-06-14T19:10:00,95,0,54,95
2023-06-14T19:22:15,95,0,54,95
2023-06-14T19:34:29,95,0,54,95
2023-06-14T19:46:43,95,0,54,95
2023-06-14T19:58:57,95,0,54,95
2023-06-14T20:11:14,95,0,54,95
2023-06-14T20:23:28,95,0,54,95
2023-06-14T20:35:42,95,0,54,95
2023-06-14T20:47:56,95,0,54,95
2023-06-14T21:00:21,95,0,54,95
2023-06-14T21:12:35,95,0,54,95
2023-06-14T21:24:49,95,0,54,95
2023-06-14T21:37:03,95,0,54,95
2023-06-14T21:49:17,95,0,54,95
2023-06-14T22:01:31,95,0,54,95
2023-06-14T22:13:45,95,0,54,95
2023-06-14T22:26:00,95,0,54,95
2023-06-14T22:38:25,95,0,54,95
2023-06-14T22:50:39,95,0,54,95
2023-06-14T23:02:54,95,0,54,95
2023-06-14T23:15:10,95,0,54,95
2023-06-14T23:27:24,95,0,54,95
2023-06-14T23:39:39,95,0,55,95
2023-06-14T23:51:53,95,0,55,95
2023-06-15T00:04:08,95,0,55,95
2023-06-15T00:16:26,95,0,55,95
2023-06-15T00:28:45,95,0,55,95
2023-06-15T00:41:04,95,0,55,95
2023-06-15T00:53:35,95,0,55,95
2023-06-15T01:05:54,95,0,55,95
2023-06-15T01:18:12,95,0,55,95
2023-06-15T01:30:28,95,0,55,95
2023-06-15T01:42:46,95,0,55,95
2023-06-15T01:55:03,95,0,55,95
2023-06-15T02:07:20,95,0,55,95
2023-06-15T02:19:36,95,0,55,95
2023-06-15T02:31:53,95,0,54,95
2023-06-15T02:44:09,95,0,54,95
2023-06-15T02:56:24,95,0,54,95
2023-06-15T03:08:51,95,0,54,95
2023-06-15T03:21:08,95,0,54,95
2023-06-15T03:33:25,95,0,54,95
2023-06-15T03:45:40,95,0,54,95
2023-06-15T03:57:58,95,0,54,95
2023-06-15T04:10:15,95,0,54,95
2023-06-15T04:26:18,95,0,54,95
2023-06-15T04:38:39,95,0,54,95
2023-06-15T04:52:19,95,0,54,95
2023-06-15T05:04:56,95,0,54,95
2023-06-15T05:17:15,95,0,54,95
2023-06-15T05:29:33,95,0,54,95
2023-06-15T05:41:51,95,0,54,95
2023-06-15T05:54:09,95,0,54,95
2023-06-15T06:06:26,95,0,54,95
2023-06-15T06:18:43,95,0,54,95
2023-06-15T06:31:00,95,0,54,95
2023-06-15T06:43:16,95,0,54,95
2023-06-15T06:55:33,95,0,54,95
2023-06-15T07:07:50,95,0,54,95
2023-06-15T07:20:08,95,0,54,95
2023-06-15T07:32:24,95,0,54,95
2023-06-15T07:44:50,95,0,54,95
2023-06-15T07:57:06,95,0,54,95
2023-06-15T08:09:22,95,0,54,95
2023-06-15T08:21:38,95,0,54,95
2023-06-15T08:33:55,95,0,54,95
2023-06-15T08:46:10,95,0,54,95
2023-06-15T08:58:26,95,0,54,95
2023-06-15T09:10:42,95,0,54,95
2023-06-15T09:22:58,95,0,54,95
2023-06-15T09:35:13,95,0,54,95
2023-06-15T09:47:29,95,0,54,95
2023-06-15T09:59:43,95,0,54,95
2023-06-15T10:12:07,95,0,54,95
2023-06-15T10:24:21,95,0,54,95
2023-06-15T10:36:35,95,0,54,95
2023-06-15T10:48:49,95,0,54,95
2023-06-15T11:01:03,95,0,54,95
2023-06-15T11:13:18,95,0,54,95
2023-06-15T11:25:31,95,0,54,95
2023-06-15T11:37:45,95,0,54,95
2023-06-15T11:50:11,95,0,54,95
2023-06-15T12:02:28,95,0,54,95
2023-06-15T12:14:42,95,0,54,95
2023-06-15T12:26:56,95,0,54,95
2023-06-15T12:39:12,95,0,54,95
2023-06-15T12:51:26,95,0,54,95
2023-06-15T13:03:40,95,0,54,95
2023-06-15T13:16:04,95,0,54,95
2023-06-15T13:28:18,95,0,54,95
2023-06-15T13:40:33,95,0,54,95
2023-06-15T13:52:48,95,0,54,95
2023-06-15T14:05:02,95,0,54,95
2023-06-15T14:17:17,95,40,54,135
2023-06-15T14:29:31,95,40,54,135
2023-06-15T14:41:56,95,40,54,135
2023-06-15T14:54:11,95,40,54,135
2023-06-15T15:06:25,95,40,54,135
2023-06-15T15:18:39,95,40,54,135
2023-06-15T15:30:52,95,40,54,135
2023-06-15T15:43:07,95,40,54,135
2023-06-15T15:55:21,95,40,54,135
2023-06-15T16:07:46,95,40,54,135
2023-06-15T16:20:01,95,40,54,135
2023-06-15T16:32:14,95,40,54,135
2023-06-15T16:44:28,95,40,54,135
2023-06-15T16:56:42,95,40,54,135
2023-06-15T17:08:56,95,40,54,135
2023-06-15T17:21:11,95,40,54,135
2023-06-15T17:33:26,95,40,54,135
2023-06-15T17:45:50,95,40,54,135
2023-06-15T17:58:03,95,40,54,135
2023-06-15T18:10:19,95,40,54,135
2023-06-15T18:22:33,95,40,54,135
2023-06-15T18:34:47,95,40,54,135
2023-06-15T18:47:01,95,40,54,135
2023-06-15T18:59:16,95,40,54,135
2023-06-15T19:11:31,95,40,54,135
2023-06-15T19:23:45,95,40,54,135
2023-06-15T19:36:10,95,40,54,135
2023-06-15T19:48:24,95,40,54,135
2023-06-15T20:00:39,95,40,54,135
2023-06-15T20:12:53,95,40,54,135
2023-06-15T20:25:07,95,40,54,135
2023-06-15T20:37:21,95,40,54,135
2023-06-15T20:49:35,95,40,54,135
2023-06-15T21:02:01,95,40,54,135
2023-06-15T21:14:16,95,40,54,135
2023-06-15T21:26:30,95,40,54,135
2023-06-15T21:38:46,95,40,54,135
2023-06-15T21:51:00,95,40,54,135
2023-06-15T22:03:14,95,40,54,135
2023-06-15T22:15:28,95,40,54,135
2023-06-15T22:27:43,106,29,43,135
2023-06-15T22:39:57,135,0,14,135
2023-06-15T22:52:11,135,0,14,135
2023-06-15T23:04:37,135,0,14,135
2023-06-15T23:16:52,135,0,14,135
2023-06-15T23:29:09,135,0,14,135
2023-06-15T23:41:23,135,0,14,135
2023-06-15T23:53:38,135,0,14,135
2023-06-16T00:05:54,135,0,14,135
2023-06-16T00:18:10,135,0,14,135
2023-06-16T00:30:24,135,0,14,135
2023-06-16T00:42:38,135,0,14,135
2023-06-16T00:54:52,135,0,14,135
2023-06-16T01:07:08,135,0,14,135
2023-06-16T01:19:34,135,0,14,135
2023-06-16T01:31:49,135,0,14,135
2023-06-16T01:44:03,135,0,14,135
2023-06-16T01:56:17,135,0,14,135
2023-06-16T02:08:34,135,0,14,135
2023-06-16T02:20:49,135,0,14,135
2023-06-16T02:33:03,135,0,14,135
2023-06-16T02:45:19,135,0,14,135
2023-06-16T02:57:35,135,0,14,135
2023-06-16T03:09:52,135,0,14,135
2023-06-16T03:22:10,135,0,14,135
2023-06-16T03:34:30,135,0,14,135
2023-06-16T03:46:46,135,0,14,135
2023-06-16T03:59:03,135,0,14,135
2023-06-16T04:22:17,135,0,14,135
2023-06-16T04:34:38,135,0,14,135
2023-06-16T04:46:57,135,0,14,135
2023-06-16T05:01:03,135,0,14,135
2023-06-16T05:13:22,135,0,14,135
2023-06-16T05:25:39,135,0,14,135
2023-06-16T05:37:57,135,0,14,135
2023-06-16T05:50:15,135,0,14,135
2023-06-16T06:02:34,135,0,14,135
2023-06-16T06:14:51,135,0,14,135
2023-06-16T06:27:09,135,0,14,135
2023-06-16T06:39:26,135,0,14,135
2023-06-16T06:51:45,135,0,14,135
2023-06-16T07:04:01,135,0,14,135
2023-06-16T07:16:18,135,0,14,135
2023-06-16T07:28:34,135,0,14,135
2023-06-16T07:40:49,135,0,14,135
2023-06-16T07:53:05,135,0,14,135
2023-06-16T08:05:21,135,0,14,135
2023-06-16T08:17:48,135,0,14,135
2023-06-16T08:30:05,135,0,14,135
2023-06-16T08:42:23,135,0,14,135
2023-06-16T08:54:40,135,0,14,135
2023-06-16T09:06:57,135,0,14,135
2023-06-16T09:19:14,135,0,14,135
2023-06-16T09:31:30,135,0,14,135
2023-06-16T09:43:45,135,0,14,135
2023-06-16T09:56:00,135,0,14,135
2023-06-16T10:08:16,135,0,14,135
2023-06-16T10:20:45,135,0,14,135
2023-06-16T11:05:20,135,0,14,135
2023-06-16T11:17:36,135,0,14,135
2023-06-16T11:29:52,134,1,14,135
2023-06-16T11:42:07,134,1,14,135
2023-06-16T11:54:22,134,1,14,135
2023-06-16T12:06:48,134,1,14,135
2023-06-16T12:19:04,134,1,14,135
2023-06-16T12:31:19,134,1,14,135
2023-06-16T12:43:35,134,1,14,135
2023-06-16T12:55:50,134,1,14,135
2023-06-16T13:08:05,134,1,14,135
2023-06-16T13:20:21,134,1,14,135
2023-06-16T13:32:37,134,1,14,135
2023-06-16T13:45:02,134,1,14,135
2023-06-16T13:57:18,134,1,14,135
2023-06-16T14:09:34,134,1,14,135
2023-06-16T14:21:49,134,1,14,135
2023-06-16T14:34:05,134,1,14,135
2023-06-16T14:46:20,134,1,14,135
2023-06-16T14:58:36,134,1,14,135
2023-06-16T15:10:51,134,1,14,135
2023-06-16T15:23:18,134,1,14,135
2023-06-16T15:35:33,134,1,14,135
2023-06-16T15:47:49,134,1,14,135
2023-06-16T16:00:05,134,1,14,135
2023-06-16T16:12:20,134,1,14,135
2023-06-16T16:24:36,134,1,14,135
2023-06-16T16:36:52,134,1,14,135
2023-06-16T16:49:07,134,1,14,135
2023-06-16T17:01:22,134,1,14,135
2023-06-16T17:13:49,134,1,14,135
2023-06-16T17:26:04,134,1,14,135
2023-06-16T17:38:20,134,1,14,135
2023-06-16T17:50:36,134,1,14,135
2023-06-16T18:02:51,134,1,14,135
2023-06-16T18:15:06,134,1,14,135
2023-06-16T18:27:22,134,1,14,135
2023-06-16T18:39:38,134,1,14,135
2023-06-16T18:51:53,134,1,14,135
2023-06-16T19:04:09,134,1,14,135
2023-06-16T19:16:37,134,1,14,135
2023-06-16T19:28:53,134,1,14,135
2023-06-16T19:41:09,134,1,14,135
2023-06-16T19:53:24,134,1,14,135
2023-06-16T20:05:41,134,1,14,135
2023-06-16T20:17:57,134,1,14,135
2023-06-16T20:30:12,134,1,14,135
2023-06-16T20:42:27,134,1,14,135
2023-06-16T20:54:43,134,1,14,135
2023-06-16T21:06:59,134,1,14,135
2023-06-16T21:19:26,134,1,14,135
2023-06-16T21:31:41,134,1,14,135
2023-06-16T21:43:56,134,1,14,135
2023-06-16T21:56:12,134,1,14,135
2023-06-16T22:08:28,134,1,14,135
2023-06-16T22:20:43,134,1,14,135
2023-06-16T22:32:59,135,0,13,135
2023-06-16T22:45:14,135,0,13,135
2023-06-16T22:57:29,135,0,13,135
2023-06-16T23:09:48,135,0,13,135
2023-06-16T23:22:14,135,0,13,135
2023-06-16T23:34:30,135,0,13,135
2023-06-16T23:46:46,135,0,13,135
2023-06-16T23:59:02,135,0,13,135
2023-06-17T00:11:21,135,0,13,135
2023-06-17T00:23:46,135,0,13,135
2023-06-17T00:36:05,135,0,13,135
2023-06-17T00:48:25,135,0,13,135
2023-06-17T01:00:44,135,0,13,135
2023-06-17T01:13:04,135,0,13,135
2023-06-17T01:25:23,135,0,13,135
2023-06-17T01:37:42,135,0,13,135
2023-06-17T01:50:01,135,0,13,135
2023-06-17T02:02:20,135,0,13,135
2023-06-17T02:14:51,135,0,13,135
2023-06-17T02:27:10,135,0,13,135
2023-06-17T02:39:28,135,0,13,135
2023-06-17T02:51:45,135,0,13,135
2023-06-17T03:04:01,135,0,13,135
2023-06-17T03:16:19,135,0,13,135
2023-06-17T03:28:37,135,0,13,135
2023-06-17T03:40:54,135,0,13,135
2023-06-17T03:53:12,135,0,13,135
2023-06-17T04:05:31,135,0,13,135
2023-06-17T04:17:53,135,0,13,135
2023-06-17T04:34:22,135,0,13,135
2023-06-17T04:47:57,135,0,13,135
2023-06-17T05:00:35,135,0,13,135
2023-06-17T05:12:52,135,0,13,135
2023-06-17T05:25:08,135,0,13,135
2023-06-17T05:37:27,135,0,13,135
2023-06-17T05:50:02,135,0,13,135
2023-06-17T06:02:24,135,0,13,135
2023-06-17T06:14:42,135,0,13,135
2023-06-17T06:27:00,135,0,13,135
2023-06-17T06:39:19,135,0,13,135
2023-06-17T06:51:38,135,0,13,135
2023-06-17T07:03:57,135,0,13,135
2023-06-17T07:16:16,135,0,13,135
2023-06-17T07:28:35,135,0,13,135
2023-06-17T07:41:06,135,0,13,135
2023-06-17T07:53:23,135,0,13,135
2023-06-17T08:05:43,135,0,13,135
2023-06-17T08:18:01,135,0,13,135
2023-06-17T08:30:20,135,0,13,135
2023-06-17T08:42:38,135,0,13,135
2023-06-17T08:54:57,135,0,13,135
2023-06-17T09:07:15,135,0,13,135
2023-06-17T09:19:35,135,0,13,135
2023-06-17T09:31:53,135,0,13,135
2023-06-17T09:44:11,135,0,13,135
2023-06-17T09:56:41,135,0,13,135
2023-06-17T10:09:00,135,0,13,135
2023-06-17T10:21:17,135,0,13,135
2023-06-17T10:33:36,135,0,13,135
2023-06-17T10:45:54,135,0,13,135
2023-06-17T10:58:12,135,0,13,135
2023-06-17T11:10:31,135,0,13,135
2023-06-17T11:22:49,135,0,13,135
2023-06-17T11:35:07,135,0,13,135
2023-06-17T11:47:35,135,0,13,135
2023-06-17T11:59:52,135,0,13,135
2023-06-17T12:12:10,135,0,13,135
2023-06-17T12:24:24,135,0,13,135
2023-06-17T12:36:40,135,0,13,135
2023-06-17T12:48:54,135,0,13,135
2023-06-17T13:01:10,135,0,13,135
2023-06-17T13:13:25,135,0,13,135
2023-06-17T13:25:41,135,0,13,135
2023-06-17T13:38:16,135,0,13,135
2023-06-17T13:50:32,135,0,13,135
2023-06-17T14:02:48,135,0,13,135
2023-06-17T14:15:03,135,0,13,135
2023-06-17T14:27:19,135,0,13,135
2023-06-17T14:39:34,135,0,13,135
2023-06-17T14:51:50,135,0,13,135
2023-06-17T15:04:05,135,0,13,135
2023-06-17T15:16:20,135,0,13,135
2023-06-17T15:28:36,135,0,13,135
2023-06-17T15:41:01,135,0,13,135
2023-06-17T15:53:16,135,0,13,135
2023-06-17T16:05:31,135,0,13,135
2023-06-17T16:17:46,135,0,13,135
2023-06-17T16:30:01,135,0,13,135
2023-06-17T16:42:16,135,0,13,135
2023-06-17T16:54:31,135,0,13,135
2023-06-17T17:06:47,135,0,13,135
2023-06-17T17:19:03,135,0,13,135
2023-06-17T17:31:18,135,0,13,135
2023-06-17T17:43:34,135,0,13,135
2023-06-17T17:55:49,135,0,13,135
2023-06-17T18:08:14,135,0,13,135
2023-06-17T18:20:30,135,0,13,135
2023-06-17T18:32:45,135,0,13,135
2023-06-17T18:45:01,135,0,13,135
2023-06-17T18:57:16,135,0,13,135
2023-06-17T19:09:33,135,0,13,135
2023-06-17T19:21:48,135,0,13,135
2023-06-17T19:34:03,135,0,13,135
2023-06-17T19:46:19,135,0,13,135
2023-06-17T19:58:34,135,0,13,135
2023-06-17T20:10:49,135,0,13,135
2023-06-17T20:23:05,135,0,13,135
2023-06-17T20:35:30,135,0,13,135
2023-06-17T20:47:45,135,0,13,135
2023-06-17T21:00:01,135,0,13,135
2023-06-17T21:12:16,135,0,13,135
2023-06-17T21:24:31,135,0,13,135
2023-06-17T21:36:47,135,0,13,135
2023-06-17T21:49:03,135,0,13,135
2023-06-17T22:01:18,135,0,13,135
2023-06-17T22:13:33,135,0,13,135
2023-06-17T22:25:48,135,0,13,135
2023-06-17T22:38:04,135,0,13,135
2023-06-17T22:50:20,135,0,13,135
2023-06-17T23:02:47,135,0,13,135
2023-06-17T23:15:04,135,0,14,135
2023-06-17T23:27:20,135,0,14,135
2023-06-17T23:39:36,135,0,14,135
2023-06-17T23:51:52,135,0,14,135
2023-06-18T00:04:09,135,0,14,135
2023-06-18T00:16:26,135,0,14,135
2023-06-18T00:28:43,135,0,14,135
2023-06-18T00:40:59,135,0,14,135
2023-06-18T00:53:18,135,0,14,135
2023-06-18T01:22:41,135,0,14,135
2023-06-18T01:35:01,135,0,14,135
2023-06-18T01:47:20,135,0,14,135
2023-06-18T01:59:40,135,0,14,135
2023-06-18T02:12:30,135,0,14,135
2023-06-18T02:25:04,135,0,14,135
2023-06-18T02:37:23,135,0,14,135
2023-06-18T02:49:42,135,0,14,135
2023-06-18T03:02:01,135,0,14,135
2023-06-18T03:14:22,135,0,14,135
2023-06-18T03:26:42,135,0,14,135
2023-06-18T03:39:11,135,0,14,135
2023-06-18T03:51:29,135,0,14,135
2023-06-18T04:03:47,135,0,14,135
2023-06-18T04:16:05,135,0,14,135
2023-06-18T04:35:20,135,0,14,135
2023-06-18T04:47:53,135,0,14,135
2023-06-18T05:00:15,135,0,14,135
2023-06-18T05:12:34,135,0,14,135
2023-06-18T05:24:53,135,0,14,135
2023-06-18T05:37:12,135,0,14,135
2023-06-18T05:49:30,135,0,14,135
2023-06-18T06:01:49,135,0,14,135
2023-06-18T06:14:08,135,0,14,135
2023-06-18T06:26:27,135,0,14,135
2023-06-18T06:38:45,135,0,14,135
2023-06-18T06:51:02,135,0,14,135
2023-06-18T07:03:22,135,0,14,135
2023-06-18T07:15:41,135,0,14,135
2023-06-18T07:27:58,135,0,14,135
2023-06-18T07:40:14,135,0,14,135
2023-06-18T07:52:31,135,0,14,135
2023-06-18T08:04:51,135,0,14,135
2023-06-18T08:17:07,135,0,14,135
2023-06-18T08:29:23,135,0,14,135
2023-06-18T08:41:39,135,0,14,135
2023-06-18T08:54:07,135,0,14,135
2023-06-18T09:06:23,135,0,14,135
2023-06-18T09:18:38,135,0,14,135
2023-06-18T09:30:53,135,0,14,135
2023-06-18T09:43:08,135,0,14,135
2023-06-18T09:55:23,135,0,14,135
2023-06-18T10:07:42,135,0,14,135
2023-06-18T10:20:00,135,0,14,135
2023-06-18T10:32:17,135,0,14,135
2023-06-18T10:44:32,135,0,14,135
2023-06-18T10:56:49,135,0,14,135
2023-06-18T11:09:07,135,0,14,135
2023-06-18T11:21:26,135,0,14,135
2023-06-18T11:33:54,135,0,14,135
2023-06-18T11:46:11,135,0,14,135
2023-06-18T11:58:27,135,0,14,135
2023-06-18T12:10:42,135,0,14,135
2023-06-18T12:22:57,135,0,14,135
2023-06-18T12:35:12,135,0,14,135
2023-06-18T12:47:27,135,0,14,135
2023-06-18T12:59:42,135,0,14,135
2023-06-18T13:12:13,135,0,14,135
2023-06-18T13:24:28,135,0,14,135
2023-06-18T13:36:43,135,0,14,135
2023-06-18T13:48:59,135,0,14,135
2023-06-18T14:01:14,135,0,14,135
2023-06-18T14:13:29,135,0,14,135
2023-06-18T14:25:44,135,0,14,135
2023-06-18T14:37:58,135,0,14,135
2023-06-18T14:50:13,135,0,14,135
2023-06-18T15:02:38,135,0,14,135
2023-06-18T15:14:53,135,0,14,135
2023-06-18T15:27:08,135,0,14,135
2023-06-18T15:39:23,135,0,14,135
2023-06-18T15:51:39,135,0,14,135
2023-06-18T16:03:55,135,0,14,135
2023-06-18T16:16:10,135,0,14,135
2023-06-18T16:28:25,135,0,14,135
2023-06-18T16:40:41,135,0,14,135
2023-06-18T16:53:06,135,0,14,135
2023-06-18T17:05:21,135,0,14,135
2023-06-18T17:17:37,135,0,14,135
2023-06-18T17:29:52,135,0,14,135
2023-06-18T17:42:07,135,0,14,135
2023-06-18T17:54:22,135,0,14,135
2023-06-18T18:06:37,135,0,14,135
2023-06-18T18:18:52,135,0,14,135
2023-06-18T18:31:18,135,0,14,135
2023-06-18T18:43:33,135,0,14,135
2023-06-18T18:55:48,135,0,14,135
2023-06-18T19:08:05,135,0,14,135
2023-06-18T19:20:21,135,0,14,135
2023-06-18T19:32:36,135,0,14,135
2023-06-18T19:44:51,135,0,14,135
2023-06-18T19:57:06,135,0,14,135
2023-06-18T20:09:21,135,0,14,135
2023-06-18T20:21:47,135,0,14,135
2023-06-18T20:34:02,135,0,14,135
2023-06-18T20:46:16,135,0,14,135
2023-06-18T20:58:31,135,0,14,135
2023-06-18T21:10:46,135,0,14,135
2023-06-18T21:23:02,135,0,14,135
2023-06-18T21:35:19,135,0,14,135
2023-06-18T21:47:34,135,0,14,135
2023-06-18T21:59:49,135,0,14,135
2023-06-18T22:12:15,135,0,14,135
2023-06-18T22:24:30,135,0,14,135
2023-06-18T22:36:45,135,0,14,135
2023-06-18T22:49:00,135,0,14,135
2023-06-18T23:01:16,135,0,14,135
2023-06-18T23:13:33,135,0,14,135
2023-06-18T23:25:49,135,0,14,135
2023-06-18T23:38:25,135,0,14,135
2023-06-18T23:50:41,135,0,14,135
2023-06-19T00:02:59,135,0,14,135
2023-06-19T00:15:26,135,0,14,135
2023-06-19T00:27:55,135,0,14,135
2023-06-19T00:40:27,135,0,14,135
2023-06-19T00:52:52,135,0,14,135
2023-06-19T01:05:13,135,0,14,135
2023-06-19T01:17:35,135,0,14,135
2023-06-19T01:29:54,135,0,14,135
2023-06-19T01:42:25,135,0,14,135
2023-06-19T01:54:44,135,0,14,135
2023-06-19T02:07:13,135,0,14,135
2023-06-19T02:19:32,135,0,14,135
2023-06-19T02:31:50,135,0,14,135
2023-06-19T02:44:07,135,0,14,135
2023-06-19T02:56:23,135,0,14,135
2023-06-19T03:08:40,135,0,14,135
2023-06-19T03:21:01,135,0,14,135
2023-06-19T03:33:19,135,0,14,135
2023-06-19T03:45:36,135,0,14,135
2023-06-19T03:58:15,135,0,14,135
2023-06-19T04:10:33,135,0,14,135
2023-06-19T04:27:03,135,0,14,135
2023-06-19T04:39:23,135,0,14,135
2023-06-19T04:53:25,135,0,14,135
2023-06-19T05:05:47,135,0,14,135
2023-06-19T05:18:05,135,0,14,135
2023-06-19T05:30:24,135,0,14,135
2023-06-19T05:42:43,135,0,14,135
2023-06-19T05:55:06,135,0,14,135
2023-06-19T06:07:25,135,0,14,135
2023-06-19T06:19:44,135,0,14,135
2023-06-19T06:32:04,135,0,14,135
2023-06-19T06:44:22,135,0,14,135
2023-06-19T06:56:41,135,0,14,135
2023-06-19T07:09:00,135,0,14,135
2023-06-19T07:21:17,135,0,14,135
2023-06-19T07:33:33,135,0,14,135
2023-06-19T07:45:48,135,0,14,135
2023-06-19T07:58:03,135,0,14,135
2023-06-19T08:10:30,135,0,14,135
2023-06-19T08:22:46,135,0,14,135
2023-06-19T08:35:03,135,0,14,135
2023-06-19T08:47:18,135,0,14,135
2023-06-19T08:59:33,135,0,14,135
2023-06-19T09:11:49,135,0,14,135
2023-06-19T09:24:05,135,0,14,135
2023-06-19T09:36:21,135,0,14,135
2023-06-19T09:48:37,135,0,14,135
2023-06-19T10:01:01,135,0,14,135
2023-06-19T10:13:17,135,0,14,135
2023-06-19T10:25:33,135,0,14,135
2023-06-19T10:37:51,135,0,14,135
2023-06-19T10:50:07,135,0,14,135
2023-06-19T11:02:22,135,0,14,135
2023-06-19T11:14:48,135,0,14,135
2023-06-19T11:27:04,135,0,14,135
2023-06-19T11:39:19,135,0,14,135
2023-06-19T11:51:35,135,0,14,135
2023-06-19T12:03:50,135,0,14,135
2023-06-19T12:16:07,135,0,14,135
2023-06-19T12:28:22,135,0,14,135
2023-06-19T12:40:48,135,0,14,135
2023-06-19T12:53:04,135,0,14,135
2023-06-19T13:05:19,135,0,14,135
2023-06-19T13:17:36,135,0,14,135
2023-06-19T13:29:51,135,0,14,135
2023-06-19T13:42:07,135,0,14,135
2023-06-19T13:54:34,135,0,14,135
2023-06-19T14:06:50,135,0,14,135
2023-06-19T14:19:07,135,0,14,135
2023-06-19T14:31:23,135,0,14,135
2023-06-19T14:43:38,135,0,14,135
2023-06-19T14:55:56,135,0,14,135
2023-06-19T15:08:23,135,0,14,135
2023-06-19T15:20:38,135,0,14,135
2023-06-19T15:32:53,135,0,14,135
2023-06-19T15:45:10,135,0,14,135
2023-06-19T15:57:25,135,0,14,135
2023-06-19T16:09:41,135,0,14,135
2023-06-19T16:21:56,135,0,14,135
2023-06-19T16:34:22,135,0,14,135
2023-06-19T16:46:37,135,0,14,135
2023-06-19T16:58:54,135,0,14,135
2023-06-19T17:11:11,135,0,14,135
2023-06-19T17:23:27,135,0,14,135
2023-06-19T17:35:43,135,0,14,135
2023-06-19T17:47:59,135,0,14,135
2023-06-19T18:00:14,135,0,14,135
2023-06-19T18:12:41,135,0,14,135
2023-06-19T18:24:56,135,0,14,135
2023-06-19T18:37:13,135,0,14,135
2023-06-19T18:49:28,135,0,14,135
2023-06-19T19:01:45,135,0,14,135
2023-06-19T19:14:02,135,0,14,135
2023-06-19T19:26:20,135,0,14,135
2023-06-19T19:38:46,135,0,14,135
2023-06-19T19:51:02,135,0,14,135
2023-06-19T20:03:18,135,0,14,135
2023-06-19T20:15:33,135,0,14,135
2023-06-19T20:27:49,135,0,14,135
2023-06-19T20:40:04,135,0,14,135
2023-06-19T20:52:20,135,0,14,135
2023-06-19T21:04:46,135,0,14,135
2023-06-19T21:17:01,135,0,14,135
2023-06-19T21:29:18,135,0,14,135
2023-06-19T21:41:34,135,0,14,135
2023-06-19T21:53:51,135,0,14,135
2023-06-19T22:06:06,135,0,14,135
2023-06-19T22:18:33,135,0,14,135
2023-06-19T22:30:49,135,0,14,135
2023-06-19T22:43:04,135,0,14,135
2023-06-19T22:55:20,135,0,14,135
2023-06-19T23:07:37,135,0,14,135
2023-06-19T23:19:53,135,0,14,135
2023-06-19T23:32:21,135,0,14,135
2023-06-19T23:44:37,135,0,14,135
2023-06-19T23:56:54,135,0,14,135
2023-06-20T00:09:11,135,0,14,135
2023-06-20T00:21:33,135,0,14,135
2023-06-20T00:33:50,135,0,14,135
2023-06-20T00:46:09,135,0,14,135
2023-06-20T00:58:39,135,0,14,135
2023-06-20T01:10:59,135,0,14,135
2023-06-20T01:23:19,135,0,14,135
2023-06-20T01:35:39,135,0,14,135
2023-06-20T01:47:57,135,0,14,135
2023-06-20T02:00:15,135,0,14,135
2023-06-20T02:13:03,135,0,14,135
2023-06-20T02:25:21,135,0,14,135
2023-06-20T02:37:39,135,0,14,135
2023-06-20T02:49:56,135,0,14,135
2023-06-20T03:02:13,135,0,14,135
2023-06-20T03:14:31,135,0,14,135
2023-06-20T03:26:50,135,0,14,135
2023-06-20T03:39:08,135,0,14,135
2023-06-20T03:51:37,135,0,14,135
2023-06-20T04:03:55,135,0,14,135
2023-06-20T04:17:41,135,0,14,135
2023-06-20T04:33:53,135,0,14,135
2023-06-20T04:46:16,135,0,14,135
2023-06-20T04:58:37,135,0,14,135
2023-06-20T05:10:58,135,0,14,135
2023-06-20T05:23:17,135,0,14,135
2023-06-20T05:35:36,135,0,14,135
2023-06-20T05:47:56,135,0,14,135
2023-06-20T06:00:14,135,0,14,135
2023-06-20T06:12:35,135,0,14,135
2023-06-20T06:24:53,135,0,14,135
2023-06-20T06:37:12,135,0,14,135
2023-06-20T06:49:30,135,0,14,135
2023-06-20T07:01:48,135,0,14,135
2023-06-20T07:14:08,135,0,14,135
2023-06-20T07:26:23,135,0,14,135
2023-06-20T07:38:49,135,0,14,135
2023-06-20T07:51:05,135,0,14,135
2023-06-20T08:03:20,135,0,14,135
2023-06-20T08:15:37,135,0,14,135
2023-06-20T08:27:54,135,0,14,135
2023-06-20T08:40:11,135,0,14,135
2023-06-20T08:52:29,135,0,14,135
2023-06-20T09:04:47,135,0,14,135
2023-06-20T09:17:13,135,0,14,135
2023-06-20T09:29:30,135,0,14,135
2023-06-20T09:41:45,135,0,14,135
2023-06-20T09:54:01,135,0,14,135
2023-06-20T10:06:18,135,0,14,135
2023-06-20T10:18:34,135,0,14,135
2023-06-20T10:31:02,135,0,14,135
2023-06-20T10:43:19,135,0,14,135
2023-06-20T10:55:35,135,0,14,135
2023-06-20T11:07:52,135,0,14,135
2023-06-20T11:20:07,135,0,14,135
2023-06-20T11:32:36,135,0,14,135
2023-06-20T11:44:51,135,0,14,135
2023-06-20T11:57:08,135,0,14,135
2023-06-20T12:09:26,135,0,14,135
2023-06-20T12:21:42,135,0,14,135
2023-06-20T12:34:09,135,0,14,135
2023-06-20T12:46:26,135,0,14,135
2023-06-20T12:58:42,135,0,14,135
2023-06-20T13:10:58,135,0,14,135
2023-06-20T13:23:15,135,0,14,135
2023-06-20T13:35:41,135,0,14,135
2023-06-20T13:47:58,135,0,14,135
2023-06-20T14:00:13,135,0,14,135
2023-06-20T14:12:29,135,0,14,135
2023-06-20T14:24:46,135,0,14,135
2023-06-20T14:37:13,135,0,14,135
2023-06-20T14:49:29,135,0,14,135
2023-06-20T15:01:46,135,0,14,135
2023-06-20T15:14:02,135,0,14,135
2023-06-20T15:26:32,135,0,14,135
2023-06-20T15:38:48,135,0,14,135
2023-06-20T15:51:05,135,0,14,135
2023-06-20T16:03:22,135,0,14,135
2023-06-20T16:15:38,135,0,14,135
2023-06-20T16:27:57,135,0,14,135
2023-06-20T16:40:24,135,0,14,135
2023-06-20T16:52:40,135,0,14,135
2023-06-20T17:04:57,135,0,14,135
2023-06-20T17:17:15,135,0,14,135
2023-06-20T17:29:31,135,0,14,135
2023-06-20T17:41:59,135,0,14,135
2023-06-20T17:54:15,135,0,14,135
2023-06-20T18:06:32,135,0,14,135
2023-06-20T18:18:48,135,0,14,135
2023-06-20T18:31:07,135,0,14,135
2023-06-20T18:43:37,135,0,14,135
2023-06-20T18:55:53,135,0,14,135
2023-06-20T19:08:10,135,0,14,135
2023-06-20T19:20:27,135,0,14,135
2023-06-20T19:32:44,135,0,14,135
2023-06-20T19:45:13,135,0,14,135
2023-06-20T19:57:30,135,0,14,135
2023-06-20T20:09:47,135,0,14,135
2023-06-20T20:22:04,135,0,14,135
2023-06-20T20:34:21,135,0,14,135
2023-06-20T20:46:52,135,0,14,135
2023-06-20T20:59:09,135,0,14,135
2023-06-20T21:11:25,135,0,14,135
2023-06-20T21:23:42,135,0,14,135
2023-06-20T21:35:58,135,0,14,135
2023-06-20T21:48:26,135,0,14,135
2023-06-20T22:00:43,135,0,14,135
2023-06-20T22:13:00,135,0,14,135
2023-06-20T22:25:16,135,0,14,135
2023-06-20T22:37:34,135,0,14,135
2023-06-20T22:50:02,135,0,14,135
2023-06-20T23:02:20,135,0,14,135
2023-06-20T23:14:38,135,0,14,135
2023-06-20T23:26:55,135,0,14,135
2023-06-20T23:39:12,135,0,14,135
2023-06-20T23:51:29,135,0,14,135
2023-06-21T00:04:00,135,0,14,135
2023-06-21T00:16:29,135,0,14,135
2023-06-21T00:28:51,135,0,14,135
2023-06-21T00:41:12,135,0,14,135
2023-06-21T00:53:33,135,0,14,135
2023-06-21T01:05:55,135,0,14,135
2023-06-21T01:18:16,135,0,14,135
2023-06-21T01:30:49,135,0,14,135
2023-06-21T01:43:10,135,0,14,135
2023-06-21T01:55:33,135,0,14,135
2023-06-21T02:07:55,135,0,14,135
2023-06-21T02:20:15,135,0,14,135
2023-06-21T02:32:35,135,0,14,135
2023-06-21T02:44:52,135,0,14,135
2023-06-21T02:57:09,135,0,14,135
2023-06-21T03:09:26,135,0,14,135
2023-06-21T03:21:57,135,0,14,135
2023-06-21T03:34:16,135,0,14,135
2023-06-21T03:46:34,135,0,14,135
2023-06-21T03:58:52,135,0,14,135
2023-06-21T04:24:02,135,0,14,135
2023-06-21T04:37:56,135,0,14,135
2023-06-21T04:50:35,135,0,14,135
2023-06-21T05:02:54,135,0,14,135
2023-06-21T05:15:14,135,0,14,135
2023-06-21T05:27:32,135,0,14,135
2023-06-21T05:39:50,135,0,14,135
2023-06-21T05:52:08,135,0,14,135
2023-06-21T06:04:25,135,0,14,135
2023-06-21T06:16:42,135,0,14,135
2023-06-21T06:28:57,135,0,14,135
2023-06-21T06:41:20,135,0,14,135
2023-06-21T06:53:57,135,0,14,135
2023-06-21T07:06:17,135,0,14,135
2023-06-21T07:18:36,134,1,14,135
2023-06-21T07:30:54,134,1,14,135
2023-06-21T07:43:11,134,1,14,135
2023-06-21T07:55:30,134,1,14,135
2023-06-21T08:07:49,134,1,14,135
2023-06-21T08:20:22,134,1,14,135
2023-06-21T08:32:41,134,1,14,135
2023-06-21T08:45:00,134,1,14,135
2023-06-21T08:57:19,134,1,14,135
2023-06-21T09:09:38,134,1,14,135
2023-06-21T09:22:09,134,1,14,135
2023-06-21T09:34:29,134,1,14,135
2023-06-21T09:46:48,134,1,14,135
2023-06-21T09:59:09,134,1,14,135
2023-06-21T10:11:29,134,1,14,135
2023-06-21T10:24:02,134,1,14,135
2023-06-21T10:36:22,134,1,14,135
2023-06-21T10:48:42,134,1,14,135
2023-06-21T11:01:18,134,1,14,135
2023-06-21T11:13:39,134,1,14,135
2023-06-21T11:26:02,134,1,14,135
2023-06-21T11:38:23,134,1,14,135
2023-06-21T11:50:56,134,1,14,135
2023-06-21T12:03:16,134,1,14,135
2023-06-21T12:15:35,134,1,14,135
2023-06-21T12:28:05,134,1,14,135
2023-06-21T12:40:22,134,1,14,135
2023-06-21T12:52:40,134,1,14,135
2023-06-21T13:04:58,134,1,14,135
2023-06-21T13:17:26,134,1,14,135
2023-06-21T13:29:44,134,1,14,135
2023-06-21T13:42:03,134,1,14,135
2023-06-21T13:54:22,134,1,14,135
2023-06-21T14:06:50,134,1,14,135
2023-06-21T14:19:08,134,1,14,135
2023-06-21T14:31:27,134,1,14,135
2023-06-21T14:43:45,134,1,14,135
2023-06-21T14:56:03,134,1,14,135
2023-06-21T15:08:36,134,1,14,135
2023-06-21T15:20:55,134,1,14,135
2023-06-21T15:33:14,134,1,14,135
2023-06-21T15:45:33,133,2,14,135
2023-06-21T15:58:04,133,2,14,135
2023-06-21T16:10:23,133,2,14,135
2023-06-21T16:22:42,133,2,14,135
2023-06-21T16:35:02,133,2,14,135
2023-06-21T16:47:20,133,2,14,135
2023-06-21T16:59:51,133,2,14,135
2023-06-21T17:12:12,133,2,14,135
2023-06-21T17:24:32,133,2,14,135
2023-06-21T17:36:51,133,2,14,135
2023-06-21T17:49:23,133,2,14,135
2023-06-21T18:01:42,133,2,13,135
2023-06-21T18:14:01,133,2,13,135
2023-06-21T18:26:24,133,2,13,135
2023-06-21T18:38:54,133,2,13,135
2023-06-21T18:51:13,133,2,13,135
2023-06-21T19:03:33,133,2,13,135
2023-06-21T19:15:52,133,2,13,135
2023-06-21T19:28:11,133,2,13,135
2023-06-21T19:40:29,133,2,13,135
2023-06-21T19:52:59,133,2,13,135
2023-06-21T20:05:19,133,2,13,135
2023-06-21T20:17:37,133,2,13,135
2023-06-21T20:29:57,133,2,13,135
2023-06-21T20:42:16,133,2,13,135
2023-06-21T20:54:50,133,2,13,135
2023-06-21T21:07:09,133,2,13,135
2023-06-21T21:19:30,133,2,13,135
2023-06-21T21:31:49,133,2,13,135
2023-06-21T21:44:09,133,2,13,135
2023-06-21T21:56:39,133,2,13,135
2023-06-21T22:08:59,133,2,13,135
2023-06-21T22:21:19,133,2,13,135
2023-06-21T22:33:38,135,0,11,135
2023-06-21T22:45:58,135,0,11,135
2023-06-21T22:58:28,135,0,11,135
2023-06-21T23:10:52,135,0,11,135
2023-06-21T23:23:11,135,0,11,135
2023-06-21T23:35:32,135,0,11,135
2023-06-21T23:47:51,135,0,11,135
2023-06-22T00:00:09,135,0,11,135
2023-06-22T00:12:48,135,0,11,135
2023-06-22T00:25:13,135,0,11,135
2023-06-22T00:37:35,135,0,11,135
2023-06-22T00:49:58,135,0,11,135
2023-06-22T01:02:21,135,0,11,135
2023-06-22T01:14:45,135,0,11,135
2023-06-22T01:27:20,135,0,11,135
2023-06-22T01:39:42,135,0,11,135
2023-06-22T01:52:06,135,0,11,135
2023-06-22T02:04:30,135,0,11,135
2023-06-22T02:16:50,135,0,11,135
2023-06-22T02:29:10,135,0,11,135
2023-06-22T02:41:32,135,0,11,135
2023-06-22T02:54:05,135,0,11,135
2023-06-22T03:06:26,135,0,11,135
2023-06-22T03:18:48,135,0,11,135
2023-06-22T03:31:11,135,0,11,135
2023-06-22T03:43:32,135,0,11,135
2023-06-22T03:55:54,135,0,11,135
2023-06-22T04:08:15,135,0,11,135
2023-06-22T04:33:36,135,0,11,135
2023-06-22T04:46:13,135,0,11,135
2023-06-22T04:58:37,135,0,11,135
2023-06-22T05:10:58,135,0,11,135
2023-06-22T05:23:18,135,0,11,135
2023-06-22T05:35:37,135,0,11,135
2023-06-22T05:47:59,135,0,11,135
2023-06-22T06:00:22,135,0,11,135
2023-06-22T06:12:47,135,0,11,135
2023-06-22T06:25:09,135,0,11,135
2023-06-22T06:37:31,135,0,11,135
2023-06-22T06:49:52,135,0,11,135
2023-06-22T07:02:15,135,0,11,135
2023-06-22T07:14:48,135,0,11,135
2023-06-22T07:27:09,135,0,11,135
2023-06-22T07:39:30,135,0,11,135
2023-06-22T07:51:51,135,0,11,135
2023-06-22T08:04:11,135,0,11,135
2023-06-22T08:16:31,135,0,11,135
2023-06-22T08:28:52,135,0,11,135
2023-06-22T08:41:22,135,0,11,135
2023-06-22T08:53:42,135,0,11,135
2023-06-22T09:06:01,135,0,11,135
2023-06-22T09:18:21,135,0,11,135
2023-06-22T09:30:44,135,0,11,135
2023-06-22T09:43:15,135,0,11,135
2023-06-22T09:55:35,135,0,11,135
2023-06-22T10:07:56,135,0,11,135
2023-06-22T10:20:16,135,0,12,135
2023-06-22T10:32:37,135,0,12,135
2023-06-22T10:45:10,135,0,11,135
2023-06-22T10:57:31,135,0,11,135
2023-06-22T11:09:52,135,0,11,135
2023-06-22T11:22:13,135,0,11,135
2023-06-22T11:34:32,135,0,11,135
2023-06-22T11:47:04,135,0,11,135
2023-06-22T11:59:23,135,0,11,135
2023-06-22T12:11:43,135,0,11,135
2023-06-22T12:24:02,135,0,11,135
2023-06-22T12:36:33,135,0,11,135
2023-06-22T12:48:52,135,0,11,135
2023-06-22T13:01:12,135,0,11,135
2023-06-22T13:13:32,135,0,11,135
2023-06-22T13:25:52,135,0,11,135
2023-06-22T13:38:29,135,0,11,135
2023-06-22T13:50:49,135,0,11,135
2023-06-22T14:03:08,135,0,11,135
2023-06-22T14:15:40,135,0,11,135
2023-06-22T14:27:59,135,0,11,135
2023-06-22T14:40:20,135,0,11,135
2023-06-22T14:52:40,135,0,11,135
2023-06-22T15:04:59,135,0,11,135
2023-06-22T15:17:33,135,0,11,135
2023-06-22T15:29:52,135,0,11,135
2023-06-22T15:42:12,135,0,11,135
2023-06-22T15:54:31,135,0,11,135
2023-06-22T16:06:51,135,0,11,135
2023-06-22T16:19:11,135,0,11,135
2023-06-22T16:31:41,135,0,11,135
2023-06-22T16:44:00,135,0,11,135
2023-06-22T16:56:19,135,0,11,135
2023-06-22T17:08:39,135,0,11,135
2023-06-22T17:20:59,135,0,11,135
2023-06-22T17:33:18,135,0,11,135
2023-06-22T17:45:49,135,0,11,135
2023-06-22T17:58:08,135,0,11,135
2023-06-22T18:10:28,135,0,11,135
2023-06-22T18:22:49,135,0,11,135
2023-06-22T18:35:09,135,0,11,135
2023-06-22T18:47:43,135,0,11,135
2023-06-22T19:00:02,135,0,11,135
2023-06-22T19:12:21,135,0,11,135
2023-06-22T19:24:40,135,0,11,135
2023-06-22T19:36:59,135,0,11,135
2023-06-22T19:49:18,135,0,11,135
2023-06-22T20:01:38,135,0,11,135
2023-06-22T20:14:09,135,0,11,135
2023-06-22T20:26:28,135,0,11,135
2023-06-22T20:38:47,135,0,11,135
2023-06-22T20:51:06,135,0,11,135
2023-06-22T21:03:25,135,0,11,135
2023-06-22T21:15:45,135,0,11,135
2023-06-22T21:28:04,135,0,11,135
2023-06-22T21:40:23,135,0,11,135
2023-06-22T21:52:54,135,0,11,135
2023-06-22T22:05:13,135,0,11,135
2023-06-22T22:17:32,135,0,11,135
2023-06-22T22:29:52,135,0,11,135
2023-06-22T22:42:11,135,0,11,135
2023-06-22T22:54:30,135,0,11,135
2023-06-22T23:06:51,135,0,11,135
2023-06-22T23:19:24,135,0,11,135
2023-06-22T23:31:44,135,0,11,135
2023-06-22T23:44:04,135,0,11,135
2023-06-22T23:56:24,135,0,11,135
2023-06-23T00:08:45,135,0,11,135
2023-06-23T00:21:06,135,0,11,135
2023-06-23T00:33:41,135,0,11,135
2023-06-23T00:46:03,135,0,11,135
2023-06-23T00:58:26,135,0,11,135
2023-06-23T01:10:50,135,0,11,135
2023-06-23T01:23:13,135,0,11,135
2023-06-23T01:35:50,135,0,11,135
2023-06-23T01:48:16,135,0,11,135
2023-06-23T02:00:39,135,0,11,135
2023-06-23T02:13:01,135,0,11,135
2023-06-23T02:25:22,135,0,11,135
2023-06-23T02:37:45,135,0,11,135
2023-06-23T02:50:05,135,0,11,135
2023-06-23T03:02:24,135,0,11,135
2023-06-23T03:14:43,135,0,11,135
2023-06-23T03:27:15,135,0,11,135
2023-06-23T03:39:33,135,0,11,135
2023-06-23T03:51:51,135,0,11,135
2023-06-23T04:04:10,135,0,11,135
2023-06-23T04:22:34,135,0,11,135
2023-06-23T04:35:19,135,0,11,135
2023-06-23T04:47:38,135,0,11,135
2023-06-23T05:00:02,135,0,11,135
2023-06-23T05:12:25,135,0,11,135
2023-06-23T05:24:58,135,0,11,135
2023-06-23T05:37:24,135,0,11,135
2023-06-23T05:49:48,135,0,11,135
2023-06-23T06:02:11,135,0,11,135
2023-06-23T06:14:33,135,0,11,135
2023-06-23T06:27:05,135,0,11,135
2023-06-23T06:39:28,135,0,11,135
2023-06-23T06:51:50,135,0,11,135
2023-06-23T07:04:13,135,0,11,135
2023-06-23T07:16:36,135,0,11,135
2023-06-23T07:28:58,135,0,11,135
2023-06-23T07:41:19,135,0,11,135
2023-06-23T07:53:41,135,0,11,135
2023-06-23T08:06:03,135,0,11,135
2023-06-23T08:18:24,135,0,11,135
2023-06-23T08:30:46,135,0,11,135
2023-06-23T08:43:07,135,0,11,135
2023-06-23T08:55:27,135,0,11,135
2023-06-23T09:07:58,135,0,11,135
2023-06-23T09:20:17,135,0,11,135
2023-06-23T09:32:37,135,0,11,135
2023-06-23T09:44:56,135,0,11,135
2023-06-23T09:57:16,135,8,11,143
2023-06-23T10:09:35,135,8,11,143
2023-06-23T10:21:55,135,8,11,143
2023-06-23T10:34:15,135,8,11,143
2023-06-23T10:46:44,135,8,11,143
2023-06-23T10:59:04,135,8,11,143
2023-06-23T11:11:24,135,8,11,143
2023-06-23T11:23:43,135,8,11,143
2023-06-23T11:36:03,135,8,11,143
2023-06-23T11:48:23,135,8,11,143
2023-06-23T12:00:52,135,8,11,143
2023-06-23T12:13:11,135,8,11,143
2023-06-23T12:25:31,135,8,11,143
2023-06-23T12:37:51,135,8,11,143
2023-06-23T12:50:10,135,8,11,143
2023-06-23T13:02:41,135,8,11,143
2023-06-23T13:15:01,135,8,11,143
2023-06-23T13:27:21,135,8,11,143
2023-06-23T13:39:41,135,8,11,143
2023-06-23T13:52:01,135,8,11,143
2023-06-23T14:04:21,135,8,11,143
2023-06-23T14:16:41,135,8,11,143
2023-06-23T14:29:15,135,8,11,143
2023-06-23T14:41:35,135,8,11,143
2023-06-23T14:53:55,135,8,11,143
2023-06-23T15:06:14,135,8,11,143
2023-06-23T15:18:33,135,8,11,143
2023-06-23T15:30:53,135,8,11,143
2023-06-23T15:43:25,135,8,11,143
2023-06-23T15:55:45,135,8,11,143
2023-06-23T16:08:05,135,8,11,143
2023-06-23T16:20:25,135,8,11,143
2023-06-23T16:32:45,135,8,11,143
2023-06-23T16:45:04,135,8,11,143
2023-06-23T16:57:23,135,8,11,143
2023-06-23T17:09:55,135,8,11,143
2023-06-23T17:22:15,135,8,11,143
2023-06-23T17:34:34,135,8,11,143
2023-06-23T17:46:54,135,8,11,143
2023-06-23T17:59:13,135,8,11,143
2023-06-23T18:11:33,135,8,11,143
2023-06-23T18:24:02,135,8,11,143
2023-06-23T18:36:22,135,8,11,143
2023-06-23T18:48:41,135,8,11,143
2023-06-23T19:01:01,135,8,11,143
2023-06-23T19:13:22,135,8,11,143
2023-06-23T19:25:41,135,8,11,143
2023-06-23T19:38:00,135,8,11,143
2023-06-23T19:50:31,135,8,11,143
2023-06-23T20:02:51,135,8,11,143
2023-06-23T20:15:11,135,8,11,143
2023-06-23T20:27:30,135,8,11,143
2023-06-23T20:39:50,135,8,11,143
2023-06-23T20:52:21,135,8,11,143
2023-06-23T21:04:40,135,8,11,143
2023-06-23T21:17:00,135,8,11,143
2023-06-23T21:29:20,135,8,11,143
2023-06-23T21:41:40,135,8,11,143
2023-06-23T21:53:59,135,8,11,143
2023-06-23T22:06:19,135,8,11,143
2023-06-23T22:18:51,135,8,11,143
2023-06-23T22:31:12,141,2,5,143
2023-06-23T22:43:31,141,2,5,143
2023-06-23T22:55:51,141,2,5,143
2023-06-23T23:08:12,141,2,5,143
2023-06-23T23:20:32,141,2,5,143
2023-06-23T23:32:53,141,2,5,143
2023-06-23T23:45:25,141,2,5,143
2023-06-23T23:57:46,141,2,5,143
2023-06-24T00:10:08,141,2,5,143
2023-06-24T00:22:34,141,2,5,143
2023-06-24T00:34:57,141,2,5,143
2023-06-24T00:47:21,141,2,5,143
2023-06-24T00:59:45,141,2,5,143
2023-06-24T01:12:09,141,2,5,143
2023-06-24T01:24:33,141,2,5,143
2023-06-24T01:37:00,141,2,5,143
2023-06-24T01:49:35,141,2,5,143
2023-06-24T02:01:58,141,2,5,143
2023-06-24T02:14:22,141,2,5,143
2023-06-24T02:26:45,141,2,5,143
2023-06-24T02:39:08,141,2,5,143
2023-06-24T02:51:27,141,2,5,143
2023-06-24T03:03:47,141,2,5,143
2023-06-24T03:16:09,141,2,5,143
2023-06-24T03:28:31,141,2,5,143
2023-06-24T03:40:53,141,2,5,143
2023-06-24T03:53:14,141,2,5,143
2023-06-24T04:05:36,141,2,5,143
2023-06-24T04:25:49,141,2,5,143
2023-06-24T04:38:13,141,2,5,143
2023-06-24T04:50:37,141,2,5,143
2023-06-24T05:03:01,141,2,5,143
2023-06-24T05:15:23,141,2,5,143
2023-06-24T05:27:52,141,2,5,143
2023-06-24T05:40:15,141,2,5,143
2023-06-24T05:52:38,141,2,5,143
2023-06-24T06:05:01,141,2,5,143
2023-06-24T06:17:23,141,2,5,143
2023-06-24T06:29:46,141,2,5,143
2023-06-24T06:42:08,141,2,5,143
2023-06-24T06:54:30,141,2,5,143
2023-06-24T07:06:52,141,2,5,143
2023-06-24T07:19:25,141,2,5,143
2023-06-24T07:31:48,141,2,5,143
2023-06-24T07:44:10,141,2,5,143
2023-06-24T07:56:32,141,2,5,143
2023-06-24T08:08:55,141,2,5,143
2023-06-24T08:21:17,141,2,5,143
2023-06-24T08:33:39,141,2,5,143
2023-06-24T08:46:01,141,2,5,143
2023-06-24T08:58:22,141,2,5,143
2023-06-24T09:10:54,141,2,5,143
2023-06-24T09:23:16,141,2,5,143
2023-06-24T09:35:38,141,2,5,143
2023-06-24T09:48:01,141,2,5,143
2023-06-24T10:00:23,141,2,5,143
2023-06-24T10:12:46,141,2,5,143
2023-06-24T10:25:08,141,2,5,143
2023-06-24T10:37:30,141,2,5,143
2023-06-24T10:49:54,141,2,5,143
2023-06-24T11:02:16,141,2,5,143
2023-06-24T11:14:48,141,2,5,143
2023-06-24T11:27:09,141,2,5,143
2023-06-24T11:39:30,141,2,5,143
2023-06-24T11:51:52,141,2,5,143
2023-06-24T12:04:12,141,2,5,143
2023-06-24T12:16:34,141,2,5,143
2023-06-24T12:28:54,141,2,5,143
2023-06-24T12:41:13,141,2,5,143
2023-06-24T12:53:33,141,2,5,143
2023-06-24T13:05:52,141,2,5,143
2023-06-24T13:18:23,141,2,5,143
2023-06-24T13:30:42,141,2,5,143
2023-06-24T13:43:01,141,2,5,143
2023-06-24T13:55:20,141,2,5,143
2023-06-24T14:07:39,141,2,5,143
2023-06-24T14:19:57,141,2,5,143
2023-06-24T14:32:17,141,2,5,143
2023-06-24T14:44:36,141,2,5,143
2023-06-24T14:56:55,141,2,5,143
2023-06-24T15:09:23,141,2,5,143
2023-06-24T15:21:42,141,2,5,143
2023-06-24T15:34:01,141,2,5,143
2023-06-24T15:46:20,141,2,5,143
2023-06-24T15:58:39,141,2,5,143
2023-06-24T16:10:58,141,2,5,143
2023-06-24T16:23:17,141,2,5,143
2023-06-24T16:35:36,141,2,5,143
2023-06-24T16:48:05,141,2,5,143
2023-06-24T17:00:24,141,2,5,143
2023-06-24T17:12:45,141,2,5,143
2023-06-24T17:25:04,141,2,5,143
2023-06-24T17:37:24,141,2,5,143
2023-06-24T17:49:43,141,2,5,143
2023-06-24T18:02:04,141,2,5,143
2023-06-24T18:14:23,141,2,5,143
2023-06-24T18:26:43,141,2,5,143
2023-06-24T18:39:13,141,2,5,143
2023-06-24T18:51:33,141,2,5,143
2023-06-24T19:03:52,141,2,5,143
2023-06-24T19:16:12,141,2,5,143
2023-06-24T19:28:31,141,2,5,143
2023-06-24T19:40:51,141,2,5,143
2023-06-24T19:53:11,141,2,5,143
2023-06-24T20:05:30,141,2,5,143
2023-06-24T20:18:00,141,2,5,143
2023-06-24T20:30:19,141,2,5,143
2023-06-24T20:42:39,141,2,5,143
2023-06-24T20:54:58,141,2,5,143
2023-06-24T21:07:17,141,2,5,143
2023-06-24T21:19:36,141,2,5,143
2023-06-24T21:31:55,141,2,5,143
2023-06-24T21:44:14,141,2,5,143
2023-06-24T21:56:46,141,2,5,143
2023-06-24T22:09:05,141,2,5,143
2023-06-24T22:21:24,141,2,5,143
2023-06-24T22:33:44,141,2,5,143
2023-06-24T22:46:03,141,2,5,143
2023-06-24T22:58:22,141,2,5,143
2023-06-24T23:10:43,141,2,5,143
2023-06-24T23:23:03,141,2,5,143
2023-06-24T23:35:23,141,2,5,143
2023-06-24T23:47:54,141,2,5,143
2023-06-25T00:00:14,141,2,5,143
2023-06-25T00:12:37,141,2,5,143
2023-06-25T00:25:02,141,2,5,143
2023-06-25T00:37:25,141,2,5,143
2023-06-25T00:49:49,141,2,5,143
2023-06-25T01:02:12,141,2,5,143
2023-06-25T01:14:34,141,2,5,143
2023-06-25T01:27:07,141,2,5,143
2023-06-25T01:39:31,141,2,5,143
2023-06-25T01:51:53,141,2,5,143
2023-06-25T02:04:16,141,2,5,143
2023-06-25T02:16:47,141,2,5,143
2023-06-25T02:29:10,141,2,5,143
2023-06-25T02:41:33,141,2,5,143
2023-06-25T02:53:56,141,2,5,143
2023-06-25T03:06:17,141,2,5,143
2023-06-25T03:18:40,141,2,5,143
2023-06-25T03:31:03,141,2,5,143
2023-06-25T03:43:36,141,2,5,143
2023-06-25T03:55:59,141,2,5,143
2023-06-25T04:08:23,141,2,5,143
2023-06-25T04:26:01,141,2,5,143
2023-06-25T04:38:26,141,2,5,143
2023-06-25T04:52:35,141,2,5,143
2023-06-25T05:04:58,141,2,5,143
2023-06-25T05:17:21,141,2,5,143
2023-06-25T05:29:44,141,2,5,143
2023-06-25T05:42:07,141,2,5,143
2023-06-25T05:54:30,141,2,5,143
2023-06-25T06:06:52,141,2,5,143
2023-06-25T06:19:15,141,2,5,143
2023-06-25T06:31:37,141,2,5,143
2023-06-25T06:43:59,141,2,5,143
2023-06-25T06:56:29,141,2,5,143
2023-06-25T07:08:50,141,2,5,143
2023-06-25T07:21:11,141,2,5,143
2023-06-25T07:33:30,141,2,5,143
2023-06-25T07:45:50,141,2,5,143
2023-06-25T07:58:09,141,2,5,143
2023-06-25T08:10:29,141,2,5,143
2023-06-25T08:22:49,141,2,5,143
2023-06-25T08:35:10,141,2,5,143
2023-06-25T08:47:38,141,2,5,143
2023-06-25T08:59:58,141,2,5,143
2023-06-25T09:12:18,141,2,5,143
2023-06-25T09:24:38,141,2,5,143
2023-06-25T09:36:57,141,2,5,143
2023-06-25T09:49:18,141,2,5,143
2023-06-25T10:01:38,141,2,5,143
2023-06-25T10:13:57,141,2,5,143
2023-06-25T10:26:16,141,2,5,143
2023-06-25T10:38:47,141,2,5,143
2023-06-25T10:51:07,141,2,5,143
2023-06-25T11:03:31,141,2,5,143
2023-06-25T11:15:51,141,2,5,143
2023-06-25T11:28:10,141,2,5,143
2023-06-25T11:40:31,141,2,5,143
2023-06-25T11:52:52,141,2,5,143
2023-06-25T12:05:13,141,2,5,143
2023-06-25T12:17:36,141,2,5,143
2023-06-25T12:29:59,141,2,5,143
2023-06-25T12:42:30,141,2,5,143
2023-06-25T12:54:50,141,2,5,143
2023-06-25T13:07:10,141,2,5,143
2023-06-25T13:19:29,141,2,5,143
2023-06-25T13:31:49,141,2,5,143
2023-06-25T13:44:08,141,2,5,143
2023-06-25T13:56:28,141,2,5,143
2023-06-25T14:08:57,141,2,5,143
2023-06-25T14:21:16,141,2,5,143
2023-06-25T14:33:35,141,2,5,143
2023-06-25T14:45:54,141,2,5,143
2023-06-25T14:58:13,141,2,5,143
2023-06-25T15:10:32,141,2,5,143
2023-06-25T15:23:03,141,2,5,143
2023-06-25T15:35:22,141,2,5,143
2023-06-25T15:47:41,141,2,5,143
2023-06-25T16:00:00,141,2,5,143
2023-06-25T16:12:20,141,2,5,143
2023-06-25T16:24:40,141,2,5,143
2023-06-25T16:37:11,141,2,5,143
2023-06-25T16:49:30,141,2,5,143
2023-06-25T17:01:49,141,2,5,143
2023-06-25T17:14:10,141,2,5,143
2023-06-25T17:26:29,141,2,5,143
2023-06-25T17:38:48,141,2,5,143
2023-06-25T17:51:08,141,2,5,143
2023-06-25T18:03:37,141,2,5,143
2023-06-25T18:15:56,141,2,5,143
2023-06-25T18:28:16,141,2,5,143
2023-06-25T18:40:35,141,2,5,143
2023-06-25T18:52:54,141,2,5,143
2023-06-25T19:05:15,141,2,5,143
2023-06-25T19:17:45,141,2,5,143
2023-06-25T19:30:05,141,2,5,143
2023-06-25T19:42:24,141,2,5,143
2023-06-25T19:54:44,141,2,5,143
2023-06-25T20:07:03,140,3,5,143
2023-06-25T20:19:23,140,3,5,143
2023-06-25T20:31:52,140,3,5,143
2023-06-25T20:44:11,140,3,5,143
2023-06-25T20:56:31,140,3,5,143
2023-06-25T21:08:50,140,3,5,143
2023-06-25T21:21:10,140,3,5,143
2023-06-25T21:33:29,140,3,5,143
2023-06-25T21:45:49,140,3,5,143
2023-06-25T21:58:09,140,3,5,143
2023-06-25T22:10:39,140,3,5,143
2023-06-25T22:22:58,140,3,5,143
2023-06-25T22:35:18,141,2,4,143
2023-06-25T22:47:38,141,2,4,143
2023-06-25T22:59:57,141,2,4,143
2023-06-25T23:12:17,141,2,4,143
2023-06-25T23:24:37,141,2,4,143
2023-06-25T23:36:59,141,2,4,143
2023-06-25T23:49:30,141,2,4,143
2023-06-26T00:01:51,141,2,4,143
2023-06-26T00:14:18,141,2,4,143
2023-06-26T00:26:47,141,2,4,143
2023-06-26T00:39:20,141,2,4,143
2023-06-26T00:51:45,141,2,4,143
2023-06-26T01:04:07,141,2,4,143
2023-06-26T01:16:34,141,2,4,143
2023-06-26T01:28:58,141,2,4,143
2023-06-26T01:41:36,141,2,4,143
2023-06-26T01:53:58,141,2,4,143
2023-06-26T02:06:36,141,2,4,143
2023-06-26T02:19:00,141,2,4,143
2023-06-26T02:31:23,141,2,4,143
2023-06-26T02:43:45,141,2,4,143
2023-06-26T02:56:07,141,2,4,143
2023-06-26T03:08:29,141,2,4,143
2023-06-26T03:20:52,141,2,4,143
2023-06-26T03:33:15,141,2,4,143
2023-06-26T03:45:37,141,2,4,143
2023-06-26T03:57:59,141,2,4,143
2023-06-26T04:12:26,141,2,4,143
2023-06-26T04:38:42,141,2,4,143
2023-06-26T04:51:08,141,2,4,143
2023-06-26T05:03:34,141,2,4,143
2023-06-26T05:15:58,141,2,4,143
2023-06-26T05:28:21,141,2,4,143
2023-06-26T05:40:45,141,2,4,143
2023-06-26T05:53:08,141,2,4,143
2023-06-26T06:05:31,141,2,4,143
2023-06-26T06:17:54,141,2,4,143
2023-06-26T06:30:17,141,2,4,143
2023-06-26T06:42:40,141,2,4,143
2023-06-26T06:55:02,141,2,4,143
2023-06-26T07:07:35,141,2,4,143
2023-06-26T07:19:56,141,2,4,143
2023-06-26T07:32:17,141,2,4,143
2023-06-26T07:44:37,141,2,4,143
2023-06-26T07:56:56,141,2,4,143
2023-06-26T08:09:16,141,2,4,143
2023-06-26T08:21:35,141,2,4,143
2023-06-26T08:33:55,141,2,4,143
2023-06-26T08:46:18,141,2,4,143
2023-06-26T08:58:52,141,2,4,143
2023-06-26T09:11:12,141,2,4,143
2023-06-26T09:23:32,141,2,4,143
2023-06-26T09:35:52,141,2,4,143
2023-06-26T09:48:12,141,2,4,143
2023-06-26T10:00:32,141,2,4,143
2023-06-26T10:13:04,141,2,4,143
2023-06-26T10:25:25,141,2,4,143
2023-06-26T10:37:45,141,2,4,143
2023-06-26T10:50:05,141,2,4,143
2023-06-26T11:02:26,141,2,4,143
2023-06-26T11:14:46,141,2,4,143
2023-06-26T11:27:07,141,2,4,143
2023-06-26T11:39:41,142,1,4,143
2023-06-26T11:52:01,141,2,4,143
2023-06-26T12:04:21,141,2,4,143
2023-06-26T12:16:40,141,2,4,143
2023-06-26T12:29:01,141,2,4,143
2023-06-26T12:41:21,141,2,4,143
2023-06-26T12:53:52,141,2,4,143
2023-06-26T13:06:12,141,2,4,143
2023-06-26T13:18:32,141,2,4,143
2023-06-26T13:30:53,141,2,4,143
2023-06-26T13:43:15,141,2,4,143
2023-06-26T13:55:36,141,2,4,143
2023-06-26T14:07:58,141,2,4,143
2023-06-26T14:20:30,141,2,4,143
2023-06-26T14:32:52,141,2,4,143
2023-06-26T14:45:14,141,2,4,143
2023-06-26T14:57:35,141,2,4,143
2023-06-26T15:09:56,141,2,4,143
2023-06-26T15:22:18,141,2,4,143
2023-06-26T15:34:39,141,2,4,143
2023-06-26T15:47:01,141,2,4,143
2023-06-26T15:59:34,142,1,4,143
2023-06-26T16:11:56,142,1,4,143
2023-06-26T16:24:17,142,1,4,143
2023-06-26T16:36:38,142,1,4,143
2023-06-26T16:48:59,142,1,4,143
2023-06-26T17:01:20,142,1,4,143
2023-06-26T17:13:54,142,1,4,143
2023-06-26T17:26:15,142,1,4,143
2023-06-26T17:38:36,142,1,4,143
2023-06-26T17:50:57,142,1,4,143
2023-06-26T18:03:18,142,1,4,143
2023-06-26T18:15:40,142,1,4,143
2023-06-26T18:28:01,142,1,4,143
2023-06-26T18:40:22,142,1,4,143
2023-06-26T18:52:43,142,1,4,143
2023-06-26T19:05:15,142,1,4,143
2023-06-26T19:17:36,142,1,4,143
2023-06-26T19:29:58,142,1,4,143
2023-06-26T19:42:19,142,1,4,143
2023-06-26T19:54:40,142,1,4,143
2023-06-26T20:07:01,142,1,4,143
2023-06-26T20:19:21,142,1,4,143
2023-06-26T20:31:45,142,1,4,143
2023-06-26T20:44:06,142,1,4,143
2023-06-26T20:56:38,142,1,4,143
2023-06-26T21:08:59,142,1,4,143
2023-06-26T21:21:20,142,1,4,143
2023-06-26T21:33:41,143,0,4,143
2023-06-26T21:46:03,143,0,4,143
2023-06-26T21:58:24,143,0,4,143
2023-06-26T22:10:45,143,0,4,143
2023-06-26T22:23:06,143,0,4,143
2023-06-26T22:35:28,143,0,4,143
2023-06-26T22:47:49,143,0,4,143
2023-06-26T23:00:09,143,0,4,143
2023-06-26T23:12:44,143,0,4,143
2023-06-26T23:25:06,143,0,4,143
2023-06-26T23:37:28,143,0,4,143
2023-06-26T23:49:50,143,0,4,143
2023-06-27T00:02:13,143,0,4,143
2023-06-27T00:14:39,143,0,4,143
2023-06-27T00:27:03,143,0,4,143
2023-06-27T00:39:29,143,0,4,143
2023-06-27T00:51:53,143,0,4,143
2023-06-27T01:04:19,143,0,4,143
2023-06-27T01:16:44,143,0,4,143
2023-06-27T01:29:10,143,0,4,143
2023-06-27T01:41:34,143,0,4,143
2023-06-27T01:53:58,143,0,4,143
2023-06-27T02:06:33,143,0,4,143
2023-06-27T02:18:56,143,0,4,143
2023-06-27T02:31:20,143,0,4,143
2023-06-27T02:43:43,143,0,4,143
2023-06-27T02:56:05,143,0,4,143
2023-06-27T03:08:28,143,0,4,143
2023-06-27T03:20:51,143,0,4,143
2023-06-27T03:33:14,143,0,4,143
2023-06-27T03:45:38,143,0,4,143
2023-06-27T03:58:02,143,0,4,143
2023-06-27T04:25:31,143,0,4,143
2023-06-27T04:39:17,143,0,4,143
2023-06-27T04:52:03,143,0,4,143
2023-06-27T05:04:47,143,0,4,143
2023-06-27T05:17:12,143,0,4,143
2023-06-27T05:29:37,143,0,4,143
2023-06-27T05:42:01,143,0,4,143
2023-06-27T05:54:25,143,0,4,143
2023-06-27T06:06:49,143,0,4,143
2023-06-27T06:19:13,143,0,4,143
2023-06-27T06:31:38,143,0,4,143
2023-06-27T06:44:02,143,0,4,143
2023-06-27T06:56:27,143,0,4,143
2023-06-27T07:08:50,143,0,4,143
2023-06-27T07:21:16,143,0,4,143
2023-06-27T07:33:39,143,0,4,143
2023-06-27T07:46:01,143,0,4,143
2023-06-27T07:58:25,143,0,4,143
2023-06-27T08:10:49,143,0,4,143
2023-06-27T08:23:12,143,0,4,143
2023-06-27T08:35:34,143,0,4,143
2023-06-27T08:48:06,143,0,4,143
2023-06-27T09:00:29,143,0,4,143
2023-06-27T09:12:51,143,0,4,143
2023-06-27T09:25:14,143,0,4,143
2023-06-27T09:37:37,143,0,4,143
2023-06-27T09:50:00,143,0,4,143
2023-06-27T10:02:23,143,0,4,143
2023-06-27T10:14:47,143,0,4,143
2023-06-27T10:27:11,143,0,4,143
2023-06-27T10:39:33,143,0,4,143
2023-06-27T10:51:55,143,0,4,143
2023-06-27T11:04:31,143,0,4,143
2023-06-27T11:16:53,143,0,4,143
2023-06-27T11:29:15,143,0,4,143
2023-06-27T11:41:37,143,0,4,143
2023-06-27T11:53:59,143,0,4,143
2023-06-27T12:06:21,143,0,4,143
2023-06-27T12:18:43,143,0,4,143
2023-06-27T12:31:06,143,0,4,143
2023-06-27T12:43:40,143,0,4,143
2023-06-27T12:56:03,143,0,4,143
2023-06-27T13:08:25,143,0,4,143
2023-06-27T13:20:47,143,0,4,143
2023-06-27T13:33:10,143,0,4,143
2023-06-27T13:45:32,143,0,4,143
2023-06-27T13:57:54,143,0,4,143
2023-06-27T14:10:16,143,0,4,143
2023-06-27T14:22:38,143,0,4,143
2023-06-27T14:35:11,142,1,4,143
2023-06-27T14:47:33,142,1,4,143
2023-06-27T14:59:55,142,1,4,143
2023-06-27T15:12:16,142,1,4,143
2023-06-27T15:24:38,142,1,4,143
2023-06-27T15:37:02,142,1,4,143
2023-06-27T15:49:25,142,1,4,143
2023-06-27T16:01:48,142,1,4,143
2023-06-27T16:14:22,142,1,4,143
2023-06-27T16:26:45,142,1,4,143
2023-06-27T16:39:08,142,1,4,143
2023-06-27T16:51:32,142,1,4,143
2023-06-27T17:03:55,142,1,4,143
2023-06-27T17:16:20,142,1,4,143
2023-06-27T17:28:43,142,1,4,143
2023-06-27T17:41:06,142,1,4,143
2023-06-27T17:53:28,142,1,4,143
2023-06-27T18:05:50,142,1,4,143
2023-06-27T18:18:23,142,1,4,143
2023-06-27T18:30:45,142,1,4,143
2023-06-27T18:43:07,142,1,4,143
2023-06-27T18:55:28,142,1,4,143
2023-06-27T19:07:51,142,1,4,143
2023-06-27T19:20:13,142,1,4,143
2023-06-27T19:32:36,142,1,4,143
2023-06-27T19:44:58,142,1,4,143
2023-06-27T19:57:20,142,1,4,143
2023-06-27T20:09:42,142,1,4,143
2023-06-27T20:22:04,142,1,4,143
2023-06-27T20:34:38,142,1,4,143
2023-06-27T20:47:00,142,1,4,143
2023-06-27T20:59:22,142,1,4,143
2023-06-27T21:11:44,142,1,4,143
2023-06-27T21:24:06,142,1,4,143
2023-06-27T21:36:28,142,1,4,143
2023-06-27T21:48:50,142,1,4,143
2023-06-27T22:01:12,142,1,4,143
2023-06-27T22:13:34,142,1,4,143
2023-06-27T22:25:56,142,1,4,143
2023-06-27T22:38:18,142,1,4,143
2023-06-27T22:50:40,142,1,4,143
2023-06-27T23:03:13,142,1,4,143
2023-06-27T23:15:36,142,1,4,143
2023-06-27T23:27:59,142,1,4,143
2023-06-27T23:40:21,142,1,4,143
2023-06-27T23:52:44,142,1,4,143
2023-06-28T00:05:08,142,1,4,143
2023-06-28T00:17:33,142,1,4,143
2023-06-28T00:29:58,142,1,4,143
2023-06-28T00:42:24,142,1,4,143
2023-06-28T00:54:50,142,1,4,143
2023-06-28T01:07:18,142,1,4,143
2023-06-28T01:19:44,142,1,4,143
2023-06-28T01:32:21,142,1,4,143
2023-06-28T01:44:48,142,1,4,143
2023-06-28T01:57:14,142,1,4,143
2023-06-28T02:09:38,142,1,4,143
2023-06-28T02:22:00,142,1,4,143
2023-06-28T02:34:23,142,1,4,143
2023-06-28T02:46:45,142,1,4,143
2023-06-28T02:59:07,142,1,4,143
2023-06-28T03:11:32,142,1,4,143
2023-06-28T03:23:58,142,1,4,143
2023-06-28T03:36:26,142,1,4,143
2023-06-28T03:49:10,142,1,4,143
2023-06-28T04:01:37,142,1,4,143
2023-06-28T04:14:15,142,1,4,143
2023-06-28T04:38:23,142,1,4,143
2023-06-28T04:51:11,142,1,4,143
2023-06-28T05:03:38,142,1,4,143
2023-06-28T05:16:04,142,1,4,143
2023-06-28T05:28:29,142,1,4,143
2023-06-28T05:40:55,142,1,4,143
2023-06-28T05:53:19,142,1,4,143
2023-06-28T06:05:45,142,1,4,143
2023-06-28T06:18:10,142,1,4,143
2023-06-28T06:30:36,142,1,4,143
2023-06-28T06:43:02,142,1,4,143
2023-06-28T06:55:29,142,1,4,143
2023-06-28T07:07:56,142,1,4,143
2023-06-28T07:20:20,142,1,4,143
2023-06-28T07:32:44,142,1,4,143
2023-06-28T07:45:15,142,1,4,143
2023-06-28T07:57:38,142,1,4,143
2023-06-28T08:10:02,142,1,4,143
2023-06-28T08:22:26,142,1,4,143
2023-06-28T08:34:50,142,1,4,143
2023-06-28T08:47:12,142,1,4,143
2023-06-28T08:59:36,142,1,4,143
2023-06-28T09:11:59,142,1,4,143
2023-06-28T09:24:21,142,1,4,143
2023-06-28T09:36:42,142,1,4,143
2023-06-28T09:49:05,142,1,4,143
2023-06-28T10:01:27,142,1,4,143
2023-06-28T10:13:59,142,1,4,143
2023-06-28T10:26:22,142,1,4,143
2023-06-28T10:38:44,142,1,4,143
2023-06-28T10:51:06,142,1,4,143
2023-06-28T11:03:29,142,1,4,143
2023-06-28T11:15:51,142,1,4,143
2023-06-28T11:28:14,142,1,4,143
2023-06-28T11:40:37,142,1,4,143
2023-06-28T11:52:59,142,1,4,143
2023-06-28T12:05:33,142,1,4,143
2023-06-28T12:17:55,142,1,4,143
2023-06-28T12:30:17,142,1,4,143
2023-06-28T12:42:40,142,1,4,143
2023-06-28T12:55:03,142,1,4,143
2023-06-28T13:07:25,142,1,4,143
2023-06-28T13:19:47,142,1,4,143
2023-06-28T13:32:09,142,1,4,143
2023-06-28T13:44:32,142,1,4,143
2023-06-28T13:57:07,142,1,4,143
2023-06-28T14:09:29,142,1,4,143
2023-06-28T14:21:52,142,1,4,143
2023-06-28T14:34:15,142,1,4,143
2023-06-28T14:46:38,142,1,4,143
2023-06-28T14:59:00,142,1,4,143
2023-06-28T15:11:25,142,1,4,143
2023-06-28T15:23:47,142,1,4,143
2023-06-28T15:36:10,142,1,4,143
2023-06-28T15:48:46,142,1,4,143
2023-06-28T16:01:09,142,1,4,143
2023-06-28T16:13:31,142,1,4,143
2023-06-28T16:25:54,142,1,4,143
2023-06-28T16:38:16,142,1,4,143
2023-06-28T16:50:38,142,1,4,143
2023-06-28T17:03:01,142,1,4,143
2023-06-28T17:15:35,142,1,4,143
2023-06-28T17:27:57,142,1,4,143
2023-06-28T17:40:20,142,1,4,143
2023-06-28T17:52:43,142,1,4,143
2023-06-28T18:05:05,142,1,4,143
2023-06-28T18:17:28,142,1,4,143
2023-06-28T18:29:50,142,1,4,143
2023-06-28T18:42:12,142,1,4,143
2023-06-28T18:54:34,142,1,4,143
2023-06-28T19:06:57,142,1,4,143
2023-06-28T19:19:31,142,1,4,143
2023-06-28T19:31:53,142,1,4,143
2023-06-28T19:44:16,142,1,4,143
2023-06-28T19:56:38,142,1,4,143
2023-06-28T20:09:01,142,1,4,143
2023-06-28T20:21:24,142,1,4,143
2023-06-28T20:33:47,142,1,4,143
2023-06-28T20:46:09,142,1,4,143
2023-06-28T20:58:31,142,1,4,143
2023-06-28T21:10:54,142,1,4,143
2023-06-28T21:23:28,142,1,4,143
2023-06-28T21:35:50,142,1,4,143
2023-06-28T21:48:13,142,1,4,143
2023-06-28T22:00:37,142,1,4,143
2023-06-28T22:13:00,142,1,4,143
2023-06-28T22:25:23,142,1,4,143
2023-06-28T22:37:46,142,1,4,143
2023-06-28T22:50:08,142,1,4,143
2023-06-28T23:02:31,142,1,4,143
2023-06-28T23:14:55,142,1,4,143
2023-06-28T23:27:18,142,1,4,143
2023-06-28T23:39:52,142,1,4,143
2023-06-28T23:52:15,142,1,4,143
2023-06-29T00:04:39,142,1,4,143
2023-06-29T00:17:09,142,1,4,143
2023-06-29T00:29:36,142,1,4,143
2023-06-29T00:42:03,142,1,4,143
2023-06-29T00:54:30,142,1,4,143
2023-06-29T01:06:57,142,1,4,143
2023-06-29T01:19:26,142,1,4,143
2023-06-29T01:31:51,142,1,4,143
2023-06-29T01:44:17,142,1,4,143
2023-06-29T01:56:42,142,1,4,143
2023-06-29T02:09:19,142,1,4,143
2023-06-29T02:21:43,142,1,4,143
2023-06-29T02:34:07,142,1,4,143
2023-06-29T02:46:30,142,1,4,143
2023-06-29T02:58:53,142,1,4,143
2023-06-29T03:11:16,142,1,4,143
2023-06-29T03:23:38,142,1,4,143
2023-06-29T03:36:01,142,1,4,143
2023-06-29T03:48:23,142,1,4,143
2023-06-29T04:00:46,142,1,4,143
2023-06-29T04:23:32,142,1,4,143
2023-06-29T04:35:56,142,1,4,143
2023-06-29T04:50:16,142,1,4,143
2023-06-29T05:02:39,142,1,4,143
2023-06-29T05:15:02,142,1,4,143
2023-06-29T05:27:30,142,1,4,143
2023-06-29T05:39:56,142,1,4,143
2023-06-29T05:52:23,142,1,4,143
2023-06-29T06:04:51,142,1,4,143
2023-06-29T06:17:18,142,1,4,143
2023-06-29T06:29:46,142,1,4,143
2023-06-29T06:42:12,142,1,4,143
2023-06-29T06:54:52,142,1,4,143
2023-06-29T07:07:23,142,1,4,143
2023-06-29T07:19:49,142,1,4,143
2023-06-29T07:32:24,142,1,4,143
2023-06-29T07:44:49,142,1,4,143
2023-06-29T07:57:16,142,1,4,143
2023-06-29T08:09:42,142,1,4,143
2023-06-29T08:22:07,142,1,4,143
2023-06-29T08:34:31,142,1,4,143
2023-06-29T08:46:56,142,1,4,143
2023-06-29T08:59:20,142,1,4,143
2023-06-29T09:11:46,142,1,4,143
2023-06-29T09:24:10,142,1,4,143
2023-06-29T09:36:35,142,1,4,143
2023-06-29T09:49:09,142,1,4,143
2023-06-29T10:01:33,142,1,4,143
2023-06-29T10:13:57,142,1,4,143
2023-06-29T10:26:22,142,1,4,143
2023-06-29T10:38:46,142,1,4,143
2023-06-29T10:51:10,142,1,4,143
2023-06-29T11:03:35,142,1,4,143
2023-06-29T11:15:59,142,1,4,143
2023-06-29T11:28:24,142,1,4,143
2023-06-29T11:40:59,142,1,4,143
2023-06-29T11:53:24,142,1,4,143
2023-06-29T12:05:47,142,1,4,143
2023-06-29T12:18:10,142,1,4,143
2023-06-29T12:30:32,142,1,4,143
2023-06-29T12:42:55,142,1,4,143
2023-06-29T12:55:19,142,1,4,143
2023-06-29T13:07:41,142,1,4,143
2023-06-29T13:20:04,142,1,4,143
2023-06-29T13:32:37,142,1,4,143
2023-06-29T13:44:59,142,1,4,143
2023-06-29T13:57:21,142,1,4,143
2023-06-29T14:09:44,142,1,4,143
2023-06-29T14:22:06,142,1,4,143
2023-06-29T14:34:29,142,1,4,143
2023-06-29T14:46:52,142,1,4,143
2023-06-29T14:59:15,142,1,4,143
2023-06-29T15:11:48,142,1,4,143
2023-06-29T15:24:11,142,1,4,143
2023-06-29T15:36:35,142,1,4,143
2023-06-29T15:48:57,142,1,4,143
2023-06-29T16:01:21,142,1,4,143
2023-06-29T16:13:44,142,1,4,143
2023-06-29T16:26:06,142,1,4,143
2023-06-29T16:38:29,142,1,4,143
2023-06-29T16:50:51,142,1,4,143
2023-06-29T17:03:25,142,1,4,143
2023-06-29T17:15:49,142,1,4,143
2023-06-29T17:28:12,142,1,4,143
2023-06-29T17:40:35,142,1,4,143
2023-06-29T17:52:57,142,1,4,143
2023-06-29T18:05:20,142,1,4,143
2023-06-29T18:17:43,142,1,4,143
2023-06-29T18:30:07,142,1,4,143
2023-06-29T18:42:30,142,1,4,143
2023-06-29T18:54:52,142,1,4,143
2023-06-29T19:07:26,142,1,4,143
2023-06-29T19:19:49,142,1,4,143
2023-06-29T19:32:13,142,1,4,143
2023-06-29T19:44:36,142,1,4,143
2023-06-29T19:57:00,142,1,4,143
2023-06-29T20:09:23,142,1,4,143
2023-06-29T20:21:46,142,1,4,143
2023-06-29T20:34:11,142,1,4,143
2023-06-29T20:46:47,142,1,4,143
2023-06-29T20:59:10,142,1,4,143
2023-06-29T21:11:33,142,1,4,143
2023-06-29T21:23:56,142,1,4,143
2023-06-29T21:36:20,142,1,4,143
2023-06-29T21:48:43,142,1,4,143
2023-06-29T22:01:06,142,1,4,143
2023-06-29T22:13:32,142,1,4,143
2023-06-29T22:25:54,142,1,4,143
2023-06-29T22:38:19,142,1,4,143
2023-06-29T22:50:54,142,1,4,143
2023-06-29T23:03:17,142,1,4,143
2023-06-29T23:15:41,142,1,4,143
2023-06-29T23:28:05,142,1,4,143
2023-06-29T23:40:29,142,1,4,143
2023-06-29T23:52:53,142,1,4,143
2023-06-30T00:05:18,142,1,4,143
2023-06-30T00:17:49,142,1,4,143
2023-06-30T00:30:16,142,1,4,143
2023-06-30T00:42:43,142,1,4,143
2023-06-30T00:55:10,142,1,4,143
2023-06-30T01:07:40,142,1,4,143
2023-06-30T01:20:20,142,1,4,143
2023-06-30T01:32:48,142,1,4,143
2023-06-30T01:45:15,142,1,4,143
2023-06-30T01:57:41,142,1,4,143
2023-06-30T02:10:07,142,1,4,143
2023-06-30T02:22:32,142,1,4,143
2023-06-30T02:34:58,142,1,4,143
2023-06-30T02:47:23,142,1,4,143
2023-06-30T02:59:50,142,1,4,143
2023-06-30T03:12:18,142,1,4,143
2023-06-30T03:24:45,142,1,4,143
2023-06-30T03:37:12,142,1,4,143
2023-06-30T03:49:56,142,1,4,143
2023-06-30T04:02:24,142,1,4,143
2023-06-30T04:27:48,142,1,4,143
2023-06-30T04:40:15,142,1,4,143
2023-06-30T04:54:23,142,1,4,143
2023-06-30T05:06:51,142,1,4,143
2023-06-30T05:19:20,142,1,4,143
2023-06-30T05:31:47,142,1,4,143
2023-06-30T05:44:13,142,1,4,143
2023-06-30T05:56:39,142,1,4,143
2023-06-30T06:09:06,142,1,4,143
2023-06-30T06:21:33,142,1,4,143
2023-06-30T06:33:59,142,1,4,143
2023-06-30T06:46:26,142,1,4,143
2023-06-30T06:58:57,142,1,4,143
2023-06-30T07:11:22,142,1,4,143
2023-06-30T07:23:55,142,1,4,143
2023-06-30T07:36:20,142,1,4,143
2023-06-30T07:48:44,142,1,4,143
2023-06-30T08:01:09,143,0,4,143
2023-06-30T08:13:34,143,0,4,143
2023-06-30T08:26:00,143,0,4,143
2023-06-30T08:38:25,143,0,4,143
2023-06-30T08:50:49,143,0,4,143
2023-06-30T09:03:14,143,0,4,143
2023-06-30T09:15:37,143,0,4,143
2023-06-30T09:28:00,143,0,4,143
2023-06-30T09:40:23,143,0,4,143
2023-06-30T09:52:46,143,0,4,143
2023-06-30T10:05:09,143,0,4,143
2023-06-30T10:17:44,143,0,4,143
2023-06-30T10:30:07,143,0,4,143
2023-06-30T10:42:30,143,0,4,143
2023-06-30T10:54:54,143,0,4,143
2023-06-30T11:07:17,143,0,4,143
2023-06-30T11:19:40,143,0,4,143
2023-06-30T11:32:04,143,0,4,143
2023-06-30T11:44:28,143,0,4,143
2023-06-30T11:57:04,143,0,4,143
2023-06-30T12:09:28,143,0,4,143
2023-06-30T12:21:51,143,0,4,143
2023-06-30T12:34:15,143,0,4,143
2023-06-30T12:46:39,143,0,4,143
2023-06-30T12:59:02,143,0,4,143
2023-06-30T13:11:26,143,0,4,143
2023-06-30T13:23:49,143,0,4,143
2023-06-30T13:36:24,143,0,4,143
2023-06-30T13:48:48,143,0,4,143
2023-06-30T14:01:11,143,0,4,143
2023-06-30T14:13:35,143,0,4,143
2023-06-30T14:25:58,143,0,4,143
2023-06-30T14:38:21,143,0,4,143
2023-06-30T14:50:44,143,0,4,143
2023-06-30T15:03:07,143,0,4,143
2023-06-30T15:15:41,143,0,4,143
2023-06-30T15:28:05,143,0,4,143
2023-06-30T15:40:29,143,0,4,143
2023-06-30T15:52:53,143,0,4,143
2023-06-30T16:05:16,143,0,4,143
2023-06-30T16:17:39,143,0,4,143
2023-06-30T16:30:03,143,0,4,143
2023-06-30T16:42:26,143,0,4,143
2023-06-30T16:54:49,143,0,4,143
2023-06-30T17:07:22,143,0,4,143
2023-06-30T17:19:46,143,0,4,143
2023-06-30T17:32:09,143,0,4,143
2023-06-30T17:44:32,143,0,4,143
2023-06-30T17:56:55,143,0,4,143
2023-06-30T18:09:18,143,0,4,143
2023-06-30T18:21:41,143,0,4,143
2023-06-30T18:34:05,143,0,4,143
2023-06-30T18:46:28,143,0,4,143
2023-06-30T18:58:51,143,0,4,143
2023-06-30T19:11:27,143,0,4,143
2023-06-30T19:23:49,143,0,4,143
2023-06-30T19:36:13,143,0,4,143
2023-06-30T19:48:36,143,0,4,143
2023-06-30T20:01:00,143,0,4,143
2023-06-30T20:13:23,143,0,4,143
2023-06-30T20:25:47,143,0,4,143
2023-06-30T20:38:10,143,0,4,143
2023-06-30T20:50:33,143,0,4,143
2023-06-30T21:03:08,143,0,4,143
2023-06-30T21:15:31,143,0,4,143
2023-06-30T21:27:54,143,0,4,143
2023-06-30T21:40:17,143,0,4,143
2023-06-30T21:52:41,143,0,4,143
2023-06-30T22:05:04,143,0,4,143
2023-06-30T22:17:34,143,0,4,143
2023-06-30T22:38:31,143,0,4,143
2023-06-30T22:50:56,143,0,4,143
2023-06-30T23:03:21,143,0,4,143
2023-06-30T23:15:45,143,0,4,143
2023-06-30T23:28:13,143,0,4,143
2023-06-30T23:40:37,143,0,4,143
2023-06-30T23:53:01,143,0,4,143
2023-07-01T00:05:26,143,0,4,143
2023-07-01T00:17:55,143,0,4,143
2023-07-01T00:30:23,143,0,4,143
2023-07-01T00:42:59,143,0,4,143
2023-07-01T00:55:27,143,0,4,143
2023-07-01T01:07:54,143,0,4,143
2023-07-01T01:20:23,143,0,4,143
2023-07-01T01:32:51,143,0,4,143
2023-07-01T01:45:19,143,0,4,143
2023-07-01T01:57:47,143,0,4,143
2023-07-01T02:10:13,143,0,4,143
2023-07-01T02:22:38,143,0,4,143
2023-07-01T02:35:04,143,0,4,143
2023-07-01T02:47:29,143,0,4,143
2023-07-01T02:59:53,143,0,4,143
2023-07-01T03:12:19,143,0,4,143
2023-07-01T03:24:45,143,0,4,143
2023-07-01T03:37:11,143,0,4,143
2023-07-01T03:49:36,143,0,4,143
2023-07-01T04:02:11,143,0,4,143
2023-07-01T04:25:42,143,0,4,143
2023-07-01T04:38:11,143,0,4,143
2023-07-01T04:50:38,143,0,4,143
2023-07-01T05:03:06,143,0,4,143
2023-07-01T05:15:33,143,0,4,143
2023-07-01T05:28:06,143,0,4,143
2023-07-01T05:40:34,143,0,4,143
2023-07-01T05:53:04,143,0,4,143
2023-07-01T06:05:31,143,0,4,143
2023-07-01T06:17:57,143,0,4,143
2023-07-01T06:30:23,143,0,4,143
2023-07-01T06:42:49,143,0,4,143
2023-07-01T06:55:15,143,0,4,143
2023-07-01T07:07:45,143,0,4,143
2023-07-01T07:20:11,143,0,4,143
2023-07-01T07:32:37,143,0,4,143
2023-07-01T07:45:19,143,0,4,143
2023-07-01T07:57:45,143,0,4,143
2023-07-01T08:10:12,143,0,4,143
2023-07-01T08:22:39,143,0,4,143
2023-07-01T08:35:06,143,0,4,143
2023-07-01T08:47:32,143,0,4,143
2023-07-01T08:59:58,143,0,4,143
2023-07-01T09:12:25,143,0,4,143
2023-07-01T09:25:00,143,0,4,143
2023-07-01T09:37:26,143,0,4,143
2023-07-01T09:49:53,143,0,4,143
2023-07-01T10:02:20,143,0,4,143
2023-07-01T10:14:46,143,0,4,143
2023-07-01T10:27:12,143,0,4,143
2023-07-01T10:39:38,143,0,4,143
2023-07-01T10:52:04,143,0,4,143
2023-07-01T11:04:29,143,0,4,143
2023-07-01T11:16:52,143,0,4,143
2023-07-01T11:29:15,143,0,4,143
2023-07-01T11:41:59,143,0,4,143
2023-07-01T11:54:22,143,0,4,143
2023-07-01T12:06:45,143,0,4,143
2023-07-01T12:19:08,143,0,4,143
2023-07-01T12:31:32,143,0,4,143
2023-07-01T12:43:54,143,0,4,143
2023-07-01T12:56:18,143,0,4,143
2023-07-01T13:08:40,143,0,4,143
2023-07-01T13:21:03,143,0,4,143
2023-07-01T13:33:26,143,0,4,143
2023-07-01T13:45:49,143,0,4,143
2023-07-01T13:58:12,143,0,4,143
2023-07-01T14:10:35,143,0,4,143
2023-07-01T14:23:09,143,0,4,143
2023-07-01T14:35:32,143,0,4,143
2023-07-01T14:47:54,143,0,4,143
2023-07-01T15:00:17,143,0,4,143
2023-07-01T15:12:40,143,0,4,143
2023-07-01T15:25:03,143,0,4,143
2023-07-01T15:37:26,143,0,4,143
2023-07-01T15:49:49,143,0,4,143
2023-07-01T16:02:12,143,0,4,143
2023-07-01T16:14:35,143,0,4,143
2023-07-01T16:26:58,143,0,4,143
2023-07-01T16:39:21,143,0,4,143
2023-07-01T16:51:44,143,0,4,143
2023-07-01T17:04:08,143,0,4,143
2023-07-01T17:16:49,143,0,4,143
2023-07-01T17:29:12,143,0,4,143
2023-07-01T17:41:35,143,0,4,143
2023-07-01T17:53:58,143,0,4,143
2023-07-01T18:06:23,143,0,4,143
2023-07-01T18:18:46,143,0,4,143
2023-07-01T18:31:09,143,0,4,143
2023-07-01T18:43:32,143,0,4,143
2023-07-01T18:55:55,143,0,4,143
2023-07-01T19:08:19,143,0,4,143
2023-07-01T19:20:43,143,0,4,143
2023-07-01T19:33:06,143,0,4,143
2023-07-01T19:45:29,143,0,4,143
2023-07-01T19:57:52,143,0,4,143
2023-07-01T20:10:20,143,0,4,143
2023-07-01T20:22:44,143,0,4,143
2023-07-01T20:35:17,143,0,4,143
2023-07-01T20:47:41,143,0,4,143
2023-07-01T21:00:05,143,0,4,143
2023-07-01T21:12:28,143,0,4,143
2023-07-01T21:24:52,143,0,4,143
2023-07-01T21:37:15,143,0,4,143
2023-07-01T21:49:39,143,0,4,143
2023-07-01T22:02:02,143,0,4,143
2023-07-01T22:14:25,143,0,4,143
2023-07-01T22:26:48,143,0,4,143
2023-07-01T22:39:12,143,0,4,143
2023-07-01T22:51:56,143,0,4,143
2023-07-01T23:04:19,143,0,4,143
2023-07-01T23:16:44,143,0,4,143
2023-07-01T23:29:07,143,0,4,143
2023-07-01T23:41:30,143,0,4,143
2023-07-01T23:53:53,143,0,4,143
2023-07-02T00:06:38,143,0,4,143
2023-07-02T00:19:05,143,0,4,143
2023-07-02T00:31:30,143,0,4,143
2023-07-02T00:43:55,143,0,4,143
2023-07-02T00:56:18,143,0,4,143
2023-07-02T01:08:42,143,0,4,143
2023-07-02T01:21:07,143,0,4,143
2023-07-02T01:33:31,143,0,4,143
2023-07-02T01:45:55,143,0,4,143
2023-07-02T01:58:18,143,0,4,143
2023-07-02T02:10:42,143,0,4,143
2023-07-02T02:23:17,143,0,4,143
2023-07-02T02:35:47,143,0,4,143
2023-07-02T02:48:19,143,0,4,143
2023-07-02T03:00:46,143,0,4,143
2023-07-02T03:13:19,143,0,4,143
2023-07-02T03:25:47,143,0,4,143
2023-07-02T03:38:15,143,0,4,143
2023-07-02T03:50:44,143,0,4,143
2023-07-02T04:03:11,143,0,4,143
2023-07-02T04:23:02,143,0,4,143
2023-07-02T04:37:07,143,0,4,143
2023-07-02T04:49:38,143,0,4,143
2023-07-02T05:02:07,143,0,4,143
2023-07-02T05:14:35,143,0,4,143
2023-07-02T05:27:02,143,0,4,143
2023-07-02T05:39:28,143,0,4,143
2023-07-02T05:51:55,143,0,4,143
2023-07-02T06:04:25,143,0,4,143
2023-07-02T06:16:55,143,0,4,143
2023-07-02T06:29:31,143,0,4,143
2023-07-02T06:42:05,143,0,4,143
2023-07-02T06:54:31,143,0,4,143
2023-07-02T07:07:01,143,0,4,143
2023-07-02T07:19:27,143,0,4,143
2023-07-02T07:31:55,143,0,4,143
2023-07-02T07:44:19,143,0,4,143
2023-07-02T07:56:46,143,0,4,143
2023-07-02T08:09:15,143,0,4,143
2023-07-02T08:21:43,143,0,4,143
2023-07-02T08:34:25,143,0,4,143
2023-07-02T08:46:52,143,0,4,143
2023-07-02T08:59:21,143,0,4,143
2023-07-02T09:11:49,143,0,4,143
2023-07-02T09:24:17,143,0,4,143
2023-07-02T09:36:45,143,0,4,143
2023-07-02T09:49:16,143,0,4,143
2023-07-02T10:01:54,143,0,4,143
2023-07-02T10:14:24,143,0,4,143
2023-07-02T10:26:55,143,0,4,143
2023-07-02T10:39:23,143,0,4,143
2023-07-02T10:51:49,143,0,4,143
2023-07-02T11:04:14,143,0,4,143
2023-07-02T11:16:39,143,0,4,143
2023-07-02T11:29:03,143,0,4,143
2023-07-02T11:41:26,143,0,4,143
2023-07-02T11:53:49,143,0,4,143
2023-07-02T12:06:12,143,0,4,143
2023-07-02T12:18:34,143,0,4,143
2023-07-02T12:31:09,143,0,4,143
2023-07-02T12:43:32,143,0,4,143
2023-07-02T12:55:55,143,0,4,143
2023-07-02T13:08:18,143,0,4,143
2023-07-02T13:20:41,143,0,4,143
2023-07-02T13:33:04,143,0,4,143
2023-07-02T13:45:27,143,0,4,143
2023-07-02T13:57:50,143,0,4,143
2023-07-02T14:10:13,143,0,4,143
2023-07-02T14:22:47,143,0,4,143
2023-07-02T14:35:10,143,0,4,143
2023-07-02T14:47:33,143,0,4,143
2023-07-02T14:59:57,143,0,4,143
2023-07-02T15:12:20,143,0,4,143
2023-07-02T15:24:44,143,0,4,143
2023-07-02T15:37:07,143,0,4,143
2023-07-02T15:49:31,143,0,4,143
2023-07-02T16:01:55,143,0,4,143
2023-07-02T16:14:19,143,0,4,143
2023-07-02T16:26:43,143,0,4,143
2023-07-02T16:39:18,143,0,4,143
2023-07-02T16:51:40,143,0,4,143
2023-07-02T17:04:03,143,0,4,143
2023-07-02T17:16:27,143,0,4,143
2023-07-02T17:28:50,143,0,4,143
2023-07-02T17:41:14,143,0,4,143
2023-07-02T17:53:36,143,0,4,143
2023-07-02T18:05:59,143,0,4,143
2023-07-02T18:18:23,143,0,4,143
2023-07-02T18:30:47,143,0,4,143
2023-07-02T18:43:10,143,0,4,143
2023-07-02T18:55:34,143,0,4,143
2023-07-02T19:08:11,143,0,4,143
2023-07-02T19:20:35,143,0,4,143
2023-07-02T19:32:58,143,0,4,143
2023-07-02T19:45:21,143,0,4,143
2023-07-02T19:57:44,143,0,4,143
2023-07-02T20:10:08,143,0,4,143
2023-07-02T20:22:30,143,0,4,143
2023-07-02T20:34:54,143,0,4,143
2023-07-02T20:47:17,143,0,4,143
2023-07-02T20:59:42,143,0,4,143
2023-07-02T21:12:15,143,0,4,143
2023-07-02T21:24:38,143,0,4,143
2023-07-02T21:37:01,143,0,4,143
2023-07-02T21:49:24,143,0,4,143
2023-07-02T22:01:47,143,0,4,143
2023-07-02T22:14:10,143,0,4,143
2023-07-02T22:26:33,143,0,4,143
2023-07-02T22:38:57,143,0,4,143
2023-07-02T22:51:20,143,0,4,143
2023-07-02T23:03:42,143,0,4,143
2023-07-02T23:16:16,143,0,4,143
2023-07-02T23:28:41,143,0,4,143
2023-07-02T23:41:04,143,0,4,143
2023-07-02T23:53:28,143,0,4,143
2023-07-03T00:05:54,143,0,4,143
2023-07-03T00:18:28,143,0,4,143
2023-07-03T00:31:01,143,0,4,143
2023-07-03T00:43:32,143,0,4,143
2023-07-03T00:55:57,143,0,4,143
2023-07-03T01:08:34,143,0,4,143
2023-07-03T01:21:06,143,0,4,143
2023-07-03T01:33:34,143,0,4,143
2023-07-03T01:46:01,143,0,4,143
2023-07-03T01:58:28,143,0,4,143
2023-07-03T02:11:10,143,0,4,143
2023-07-03T02:23:37,143,0,4,143
2023-07-03T02:36:03,143,0,4,143
2023-07-03T02:48:28,143,0,4,143
2023-07-03T03:00:53,143,0,4,143
2023-07-03T03:13:19,143,0,4,143
2023-07-03T03:25:46,143,0,4,143
2023-07-03T03:38:13,143,0,4,143
2023-07-03T03:50:39,143,0,4,143
2023-07-03T04:03:16,143,0,4,143
2023-07-03T04:15:42,143,0,4,143
2023-07-03T04:34:35,143,0,4,143
2023-07-03T04:48:26,143,0,4,143
2023-07-03T05:01:15,143,0,4,143
2023-07-03T05:13:44,143,0,4,143
2023-07-03T05:26:11,143,0,4,143
2023-07-03T05:38:38,143,0,4,143
2023-07-03T05:51:05,143,0,4,143
2023-07-03T06:03:31,143,0,4,143
2023-07-03T06:15:59,143,0,4,143
2023-07-03T06:28:26,143,0,4,143
2023-07-03T06:40:52,143,0,4,143
2023-07-03T06:53:21,142,1,4,143
2023-07-03T07:05:50,142,1,4,143
2023-07-03T07:18:15,142,1,4,143
2023-07-03T07:30:47,142,1,4,143
2023-07-03T07:43:11,142,1,4,143
2023-07-03T07:55:34,142,1,4,143
2023-07-03T08:07:57,142,1,4,143
2023-07-03T08:20:20,142,1,4,143
2023-07-03T08:32:44,142,1,4,143
2023-07-03T08:45:08,142,1,4,143
2023-07-03T08:57:31,142,1,4,143
2023-07-03T09:09:55,142,1,4,143
2023-07-03T09:22:32,142,1,4,143
2023-07-03T09:34:55,142,1,4,143
2023-07-03T09:47:18,142,1,4,143
2023-07-03T09:59:43,142,1,4,143
2023-07-03T10:12:07,142,1,4,143
2023-07-03T10:24:32,142,1,4,143
2023-07-03T10:36:56,142,1,4,143
2023-07-03T10:49:32,142,1,4,143
2023-07-03T11:01:56,142,1,4,143
2023-07-03T11:14:20,142,1,4,143
2023-07-03T11:26:45,143,0,4,143
2023-07-03T11:39:10,143,0,4,143
2023-07-03T11:51:47,143,0,4,143
2023-07-03T12:04:13,143,0,4,143
2023-07-03T12:16:39,143,0,4,143
2023-07-03T12:29:05,143,0,4,143
2023-07-03T12:41:31,143,0,4,143
2023-07-03T12:53:57,143,0,4,143
2023-07-03T13:06:24,143,0,4,143
2023-07-03T13:19:01,143,0,4,143
2023-07-03T13:31:26,143,0,4,143
2023-07-03T13:43:51,143,0,4,143
2023-07-03T13:56:16,143,0,4,143
2023-07-03T14:08:42,143,0,4,143
2023-07-03T14:21:07,143,0,4,143
2023-07-03T14:33:32,143,0,4,143
2023-07-03T14:45:56,143,0,4,143
2023-07-03T14:58:20,143,0,4,143
2023-07-03T15:10:55,143,0,4,143
2023-07-03T15:23:18,143,0,4,143
2023-07-03T15:35:42,143,0,4,143
2023-07-03T15:48:06,143,0,4,143
2023-07-03T16:00:31,143,0,4,143
2023-07-03T16:12:55,143,0,4,143
2023-07-03T16:25:19,143,0,4,143
2023-07-03T16:37:43,143,0,4,143
2023-07-03T16:50:06,143,0,4,143
2023-07-03T17:02:30,143,0,4,143
2023-07-03T17:14:56,143,0,4,143
2023-07-03T17:27:30,143,0,4,143
2023-07-03T17:39:54,143,0,4,143
2023-07-03T17:52:18,143,0,4,143
2023-07-03T18:04:42,143,0,4,143
2023-07-03T18:17:06,143,0,4,143
2023-07-03T18:29:30,143,0,4,143
2023-07-03T18:41:54,143,0,4,143
2023-07-03T18:54:20,143,0,4,143
2023-07-03T19:06:44,143,0,4,143
2023-07-03T19:19:08,143,0,4,143
2023-07-03T19:31:42,143,0,4,143
2023-07-03T19:44:06,143,0,4,143
