time,enrolled,available,waitlisted,total
2023-05-25T01:20:23,0,190,0,190
2023-05-25T01:31:59,0,190,0,190
2023-05-25T01:43:44,0,190,0,190
2023-05-25T01:55:19,0,190,0,190
2023-05-25T02:06:54,0,190,0,190
2023-05-25T02:18:31,0,190,0,190
2023-05-25T02:30:06,0,190,0,190
2023-05-25T02:41:40,0,190,0,190
2023-05-25T02:53:13,0,190,0,190
2023-05-25T03:04:46,0,190,0,190
2023-05-25T03:16:24,0,190,0,190
2023-05-25T03:28:23,0,190,0,190
2023-05-25T03:40:00,0,190,0,190
2023-05-25T03:51:35,0,190,0,190
2023-05-25T04:03:11,0,190,0,190
2023-05-25T04:22:58,0,190,0,190
2023-05-25T04:34:35,0,190,0,190
2023-05-25T04:46:11,0,190,0,190
2023-05-25T04:57:47,0,190,0,190
2023-05-25T05:09:24,0,190,0,190
2023-05-25T05:21:00,0,190,0,190
2023-05-25T05:32:37,0,190,0,190
2023-05-25T05:44:13,0,190,0,190
2023-05-25T05:55:49,0,190,0,190
2023-05-25T06:07:26,0,190,0,190
2023-05-25T06:19:01,0,190,0,190
2023-05-25T06:30:35,0,190,0,190
2023-05-25T06:42:10,0,190,0,190
2023-05-25T06:53:46,0,190,0,190
2023-05-25T07:05:22,0,190,0,190
2023-05-25T07:16:56,0,190,0,190
2023-05-25T07:28:30,0,190,0,190
2023-05-25T07:40:07,0,190,0,190
2023-05-25T07:51:42,0,190,0,190
2023-05-25T08:03:17,0,190,0,190
2023-05-25T08:14:51,0,190,0,190
2023-05-25T08:26:36,0,190,0,190
2023-05-25T08:38:09,0,190,0,190
2023-05-25T08:49:42,0,190,0,190
2023-05-25T09:01:15,0,190,0,190
2023-05-25T09:12:48,0,190,0,190
2023-05-25T09:24:21,0,190,0,190
2023-05-25T09:35:53,0,190,0,190
2023-05-25T09:47:26,0,190,0,190
2023-05-25T09:58:59,0,190,0,190
2023-05-25T10:10:44,0,190,0,190
2023-05-25T10:22:17,0,190,0,190
2023-05-25T10:33:50,0,190,0,190
2023-05-25T10:45:22,0,190,0,190
2023-05-25T10:57:05,0,190,0,190
2023-05-25T11:08:37,0,190,0,190
2023-05-25T11:20:10,0,190,0,190
2023-05-25T11:31:43,0,190,0,190
2023-05-25T11:43:15,0,190,0,190
2023-05-25T11:54:49,0,190,0,190
2023-05-25T12:06:33,0,190,0,190
2023-05-25T12:18:06,0,190,0,190
2023-05-25T12:29:38,0,190,0,190
2023-05-25T12:41:11,0,190,0,190
2023-05-25T12:52:44,0,190,0,190
2023-05-25T13:04:27,0,190,0,190
2023-05-25T13:16:00,0,190,0,190
2023-05-25T13:27:33,0,190,0,190
2023-05-25T13:39:06,0,190,0,190
2023-05-25T13:50:39,0,190,0,190
2023-05-25T14:02:23,0,190,0,190
2023-05-25T14:13:58,0,190,0,190
2023-05-25T14:25:31,0,190,0,190
2023-05-25T14:37:04,0,190,0,190
2023-05-25T14:48:37,0,190,0,190
2023-05-25T15:00:20,0,190,0,190
2023-05-25T15:11:54,0,190,0,190
2023-05-25T15:23:29,0,190,0,190
2023-05-25T15:35:03,0,190,0,190
2023-05-25T15:46:38,0,190,0,190
2023-05-25T15:58:13,0,190,0,190
2023-05-25T16:09:58,0,190,0,190
2023-05-25T16:21:33,0,190,0,190
2023-05-25T16:33:08,0,190,0,190
2023-05-25T16:44:43,0,190,0,190
2023-05-25T16:56:18,0,190,0,190
2023-05-25T17:07:55,0,190,0,190
2023-05-25T17:19:42,0,190,0,190
2023-05-25T17:31:18,0,190,0,190
2023-05-25T17:42:53,0,190,0,190
2023-05-25T17:54:29,0,190,0,190
2023-05-25T18:06:06,0,190,0,190
2023-05-25T18:17:42,0,190,0,190
2023-05-25T18:29:17,0,190,0,190
2023-05-25T18:41:02,0,190,0,190
2023-05-25T18:52:38,0,190,0,190
2023-05-25T19:04:14,0,190,0,190
2023-05-25T19:15:51,0,190,0,190
2023-05-25T19:27:26,0,190,0,190
2023-05-25T19:39:02,0,190,0,190
2023-05-25T19:50:48,0,190,0,190
2023-05-25T20:02:23,0,190,0,190
2023-05-25T20:13:59,0,190,0,190
2023-05-25T20:25:36,0,190,0,190
2023-05-25T20:37:11,0,190,0,190
2023-05-25T20:48:46,0,190,0,190
2023-05-25T21:00:22,0,190,0,190
2023-05-25T21:11:58,0,190,0,190
2023-05-25T21:23:45,0,190,0,190
2023-05-25T21:35:21,0,190,0,190
2023-05-25T21:46:56,0,190,0,190
2023-05-25T21:58:32,0,190,0,190
2023-05-25T22:10:07,0,190,0,190
2023-05-25T22:21:43,0,190,0,190
2023-05-25T22:33:18,0,190,0,190
2023-05-25T22:45:05,0,190,0,190
2023-05-25T22:56:40,0,190,0,190
2023-05-25T23:08:18,0,190,0,190
2023-05-25T23:19:54,0,190,0,190
2023-05-25T23:31:30,0,190,0,190
2023-05-25T23:43:06,0,190,0,190
2023-05-25T23:54:42,0,190,0,190
2023-05-26T00:06:38,0,190,0,190
2023-05-26T00:18:18,0,190,0,190
2023-05-26T00:29:57,0,190,0,190
2023-05-26T00:41:36,0,190,0,190
2023-05-26T00:53:14,0,190,0,190
2023-05-26T01:04:54,0,190,0,190
2023-05-26T01:16:33,0,190,0,190
2023-05-26T01:28:11,0,190,0,190
2023-05-26T01:39:49,0,190,0,190
2023-05-26T01:51:37,0,190,0,190
2023-05-26T02:03:19,0,190,0,190
2023-05-26T02:14:57,0,190,0,190
2023-05-26T02:26:34,0,190,0,190
2023-05-26T02:38:13,0,190,0,190
2023-05-26T02:50:02,0,190,0,190
2023-05-26T03:01:42,0,190,0,190
2023-05-26T03:13:21,0,190,0,190
2023-05-26T03:25:03,0,190,0,190
2023-05-26T03:36:41,0,190,0,190
2023-05-26T03:48:19,0,190,0,190
2023-05-26T03:59:58,0,190,0,190
2023-05-26T04:11:46,0,190,0,190
2023-05-26T04:33:57,0,190,0,190
2023-05-26T04:45:50,0,190,0,190
2023-05-26T04:57:31,0,190,0,190
2023-05-26T05:09:13,0,190,0,190
2023-05-26T05:20:52,0,190,0,190
2023-05-26T05:32:30,0,190,0,190
2023-05-26T05:44:10,0,190,0,190
2023-05-26T05:55:49,0,190,0,190
2023-05-26T06:07:26,0,190,0,190
2023-05-26T06:19:06,0,190,0,190
2023-05-26T06:30:45,0,190,0,190
2023-05-26T06:42:24,0,190,0,190
2023-05-26T06:54:02,0,190,0,190
2023-05-26T07:05:40,0,190,0,190
2023-05-26T07:17:19,0,190,0,190
2023-05-26T07:28:57,0,190,0,190
2023-05-26T07:40:43,0,190,0,190
2023-05-26T07:52:20,0,190,0,190
2023-05-26T08:03:56,0,190,0,190
2023-05-26T08:15:32,0,190,0,190
2023-05-26T08:27:09,0,190,0,190
2023-05-26T08:38:44,0,190,0,190
2023-05-26T08:50:21,0,190,0,190
2023-05-26T09:01:57,0,190,0,190
2023-05-26T09:13:33,0,190,0,190
2023-05-26T09:25:10,0,190,0,190
2023-05-26T09:36:57,0,190,0,190
2023-05-26T09:48:33,0,190,0,190
2023-05-26T10:00:09,0,190,0,190
2023-05-26T10:11:45,0,190,0,190
2023-05-26T10:23:22,0,190,0,190
2023-05-26T10:34:58,0,190,0,190
2023-05-26T10:46:46,0,190,0,190
2023-05-26T10:58:22,0,190,0,190
2023-05-26T11:09:58,0,190,0,190
2023-05-26T11:21:35,0,190,0,190
2023-05-26T11:33:12,1,189,0,190
2023-05-26T11:44:58,1,189,0,190
2023-05-26T11:56:34,1,189,0,190
2023-05-26T12:08:10,1,189,0,190
2023-05-26T12:19:46,1,189,0,190
2023-05-26T12:31:22,1,189,0,190
2023-05-26T12:43:10,1,189,0,190
2023-05-26T12:54:45,3,187,0,190
2023-05-26T13:06:22,4,186,0,190
2023-05-26T13:17:57,6,184,0,190
2023-05-26T13:29:43,7,183,0,190
2023-05-26T13:41:20,7,183,0,190
2023-05-26T13:52:55,9,181,0,190
2023-05-26T14:04:31,12,178,0,190
2023-05-26T14:16:07,12,178,0,190
2023-05-26T14:27:54,14,176,0,190
2023-05-26T14:39:30,14,176,0,190
2023-05-26T14:51:06,14,176,0,190
2023-05-26T15:02:43,14,176,0,190
2023-05-26T15:14:21,14,176,0,190
2023-05-26T15:26:07,14,176,0,190
2023-05-26T15:37:43,14,176,0,190
2023-05-26T15:49:18,14,176,0,190
2023-05-26T16:00:55,14,176,0,190
2023-05-26T16:12:30,14,176,0,190
2023-05-26T16:24:06,14,176,0,190
2023-05-26T16:35:52,14,176,0,190
2023-05-26T16:47:27,14,176,0,190
2023-05-26T16:59:03,14,176,0,190
2023-05-26T17:10:39,14,176,0,190
2023-05-26T17:22:16,14,176,0,190
2023-05-26T17:33:52,14,176,0,190
2023-05-26T17:45:37,14,176,0,190
2023-05-26T17:57:13,14,176,0,190
2023-05-26T18:08:49,14,176,0,190
2023-05-26T18:20:24,14,176,0,190
2023-05-26T18:32:00,14,176,0,190
2023-05-26T18:43:35,14,176,0,190
2023-05-26T18:55:22,14,176,0,190
2023-05-26T19:06:58,14,176,0,190
2023-05-26T19:18:34,14,176,0,190
2023-05-26T19:30:10,14,176,0,190
2023-05-26T19:41:46,14,176,0,190
2023-05-26T19:53:21,14,176,0,190
2023-05-26T20:04:57,14,176,0,190
2023-05-26T20:16:42,14,176,0,190
2023-05-26T20:28:18,14,176,0,190
2023-05-26T20:39:54,14,176,0,190
2023-05-26T20:51:29,14,176,0,190
2023-05-26T21:03:04,14,176,0,190
2023-05-26T21:14:41,14,176,0,190
2023-05-26T21:26:18,14,176,0,190
2023-05-26T21:37:53,14,176,0,190
2023-05-26T21:49:40,14,176,0,190
2023-05-26T22:01:16,14,176,0,190
2023-05-26T22:12:52,14,176,0,190
2023-05-26T22:24:28,14,176,0,190
2023-05-26T22:36:04,14,176,0,190
2023-05-26T22:47:40,14,176,0,190
2023-05-26T22:59:15,14,176,0,190
2023-05-26T23:11:05,14,176,0,190
2023-05-26T23:22:41,14,176,0,190
2023-05-26T23:34:17,14,176,0,190
2023-05-26T23:45:54,14,176,0,190
2023-05-26T23:57:30,14,176,0,190
2023-05-27T00:09:07,14,176,0,190
2023-05-27T00:20:48,14,176,0,190
2023-05-27T00:32:26,14,176,0,190
2023-05-27T00:44:05,14,176,0,190
2023-05-27T00:55:45,14,176,0,190
2023-05-27T01:07:23,14,176,0,190
2023-05-27T01:19:12,14,176,0,190
2023-05-27T01:30:51,14,176,0,190
2023-05-27T01:42:30,14,176,0,190
2023-05-27T01:54:10,14,176,0,190
2023-05-27T02:05:47,14,176,0,190
2023-05-27T02:17:26,14,176,0,190
2023-05-27T02:29:03,14,176,0,190
2023-05-27T02:40:40,14,176,0,190
2023-05-27T02:52:16,14,176,0,190
2023-05-27T03:03:51,14,176,0,190
2023-05-27T03:15:30,14,176,0,190
2023-05-27T03:27:08,14,176,0,190
2023-05-27T03:38:45,14,176,0,190
2023-05-27T03:50:22,14,176,0,190
2023-05-27T04:02:01,14,176,0,190
2023-05-27T04:13:54,14,176,0,190
2023-05-27T04:35:47,14,176,0,190
2023-05-27T04:48:27,14,176,0,190
2023-05-27T05:00:06,14,176,0,190
2023-05-27T05:11:45,14,176,0,190
2023-05-27T05:23:24,14,176,0,190
2023-05-27T05:35:03,14,176,0,190
2023-05-27T05:46:43,14,176,0,190
2023-05-27T05:58:22,14,176,0,190
2023-05-27T06:10:00,14,176,0,190
2023-05-27T06:21:41,14,176,0,190
2023-05-27T06:33:20,14,176,0,190
2023-05-27T06:44:58,14,176,0,190
2023-05-27T06:56:36,14,176,0,190
2023-05-27T07:08:14,14,176,0,190
2023-05-27T07:19:53,14,176,0,190
2023-05-27T07:31:31,14,176,0,190
2023-05-27T07:43:07,14,176,0,190
2023-05-27T07:54:58,14,176,0,190
2023-05-27T08:06:36,14,176,0,190
2023-05-27T08:18:13,14,176,0,190
2023-05-27T08:29:52,14,176,0,190
2023-05-27T08:41:30,14,176,0,190
2023-05-27T08:53:08,14,176,0,190
2023-05-27T09:04:46,14,176,0,190
2023-05-27T09:16:24,14,176,0,190
2023-05-27T09:28:02,14,176,0,190
2023-05-27T09:39:41,14,176,0,190
2023-05-27T09:51:19,14,176,0,190
2023-05-27T10:02:56,14,176,0,190
2023-05-27T10:14:50,14,176,0,190
2023-05-27T10:26:26,14,176,0,190
2023-05-27T10:38:05,14,176,0,190
2023-05-27T10:49:41,14,176,0,190
2023-05-27T11:01:18,14,176,0,190
2023-05-27T11:12:53,14,176,0,190
2023-05-27T11:24:29,14,176,0,190
2023-05-27T11:36:04,14,176,0,190
2023-05-27T11:47:39,14,176,0,190
2023-05-27T11:59:13,14,176,0,190
2023-05-27T12:10:58,14,176,0,190
2023-05-27T12:22:33,14,176,0,190
2023-05-27T12:34:09,14,176,0,190
2023-05-27T12:45:44,14,176,0,190
2023-05-27T12:57:19,14,176,0,190
2023-05-27T13:08:55,14,176,0,190
2023-05-27T13:20:30,14,176,0,190
2023-05-27T13:32:25,14,176,0,190
2023-05-27T13:44:00,14,176,0,190
2023-05-27T13:55:35,14,176,0,190
2023-05-27T14:07:11,14,176,0,190
2023-05-27T14:18:46,14,176,0,190
2023-05-27T14:30:22,14,176,0,190
2023-05-27T14:41:57,14,176,0,190
2023-05-27T14:53:32,14,176,0,190
2023-05-27T15:05:18,14,176,0,190
2023-05-27T15:16:53,14,176,0,190
2023-05-27T15:28:28,14,176,0,190
2023-05-27T15:40:03,14,176,0,190
2023-05-27T15:51:38,14,176,0,190
2023-05-27T16:03:13,14,176,0,190
2023-05-27T16:14:48,14,176,0,190
2023-05-27T16:26:33,14,176,0,190
2023-05-27T16:38:08,14,176,0,190
2023-05-27T16:49:44,14,176,0,190
2023-05-27T17:01:19,14,176,0,190
2023-05-27T17:12:57,14,176,0,190
2023-05-27T17:24:33,14,176,0,190
2023-05-27T17:36:09,14,176,0,190
2023-05-27T17:47:54,14,176,0,190
2023-05-27T17:59:29,14,176,0,190
2023-05-27T18:11:05,14,176,0,190
2023-05-27T18:22:40,14,176,0,190
2023-05-27T18:34:16,14,176,0,190
2023-05-27T18:45:50,14,176,0,190
2023-05-27T18:57:25,14,176,0,190
2023-05-27T19:09:21,14,176,0,190
2023-05-27T19:20:57,14,176,0,190
2023-05-27T19:32:33,14,176,0,190
2023-05-27T19:44:08,14,176,0,190
2023-05-27T19:55:44,14,176,0,190
2023-05-27T20:07:19,14,176,0,190
2023-05-27T20:18:54,14,176,0,190
2023-05-27T20:30:30,14,176,0,190
2023-05-27T20:42:05,14,176,0,190
2023-05-27T20:53:49,14,176,0,190
2023-05-27T21:05:24,14,176,0,190
2023-05-27T21:17:00,14,176,0,190
2023-05-27T21:28:35,14,176,0,190
2023-05-27T21:40:10,14,176,0,190
2023-05-27T21:51:46,14,176,0,190
2023-05-27T22:03:22,14,176,0,190
2023-05-27T22:15:06,14,176,0,190
2023-05-27T22:26:42,14,176,0,190
2023-05-27T22:38:17,14,176,0,190
2023-05-27T22:49:53,14,176,0,190
2023-05-27T23:01:29,14,176,0,190
2023-05-27T23:13:08,14,176,0,190
2023-05-27T23:24:44,14,176,0,190
2023-05-27T23:36:36,14,176,0,190
2023-05-27T23:48:11,14,176,0,190
2023-05-27T23:59:47,14,176,0,190
2023-05-28T00:11:24,14,176,0,190
2023-05-28T00:23:05,14,176,0,190
2023-05-28T00:34:43,14,176,0,190
2023-05-28T00:46:20,14,176,0,190
2023-05-28T00:57:56,14,176,0,190
2023-05-28T01:09:33,14,176,0,190
2023-05-28T01:21:09,14,176,0,190
2023-05-28T01:32:54,14,176,0,190
2023-05-28T01:44:30,14,176,0,190
2023-05-28T01:56:06,14,176,0,190
2023-05-28T02:07:41,14,176,0,190
2023-05-28T02:19:17,14,176,0,190
2023-05-28T02:30:54,14,176,0,190
2023-05-28T02:42:35,14,176,0,190
2023-05-28T02:54:14,14,176,0,190
2023-05-28T03:05:56,14,176,0,190
2023-05-28T03:17:36,14,176,0,190
2023-05-28T03:29:15,14,176,0,190
2023-05-28T03:41:05,14,176,0,190
2023-05-28T03:53:42,14,176,0,190
2023-05-28T04:05:40,14,176,0,190
2023-05-28T04:31:20,14,176,0,190
2023-05-28T04:44:33,14,176,0,190
2023-05-28T04:56:14,14,176,0,190
2023-05-28T05:07:53,14,176,0,190
2023-05-28T05:19:31,14,176,0,190
2023-05-28T05:31:10,14,176,0,190
2023-05-28T05:42:53,14,176,0,190
2023-05-28T05:54:32,14,176,0,190
2023-05-28T06:06:12,14,176,0,190
2023-05-28T06:17:51,14,176,0,190
2023-05-28T06:29:29,14,176,0,190
2023-05-28T06:41:07,14,176,0,190
2023-05-28T06:52:45,14,176,0,190
2023-05-28T07:04:23,14,176,0,190
2023-05-28T07:16:01,14,176,0,190
2023-05-28T07:27:40,14,176,0,190
2023-05-28T07:39:18,14,176,0,190
2023-05-28T07:50:57,14,176,0,190
2023-05-28T08:02:39,14,176,0,190
2023-05-28T08:14:18,14,176,0,190
2023-05-28T08:25:56,14,176,0,190
2023-05-28T08:37:33,14,176,0,190
2023-05-28T08:49:12,14,176,0,190
2023-05-28T09:00:51,14,176,0,190
2023-05-28T09:12:28,14,176,0,190
2023-05-28T09:24:12,14,176,0,190
2023-05-28T09:35:48,14,176,0,190
2023-05-28T09:47:24,14,176,0,190
2023-05-28T09:59:00,14,176,0,190
2023-05-28T10:10:36,14,176,0,190
2023-05-28T10:22:12,14,176,0,190
2023-05-28T10:33:48,14,176,0,190
2023-05-28T10:45:23,14,176,0,190
2023-05-28T10:56:59,14,176,0,190
2023-05-28T11:08:35,14,176,0,190
2023-05-28T11:20:11,14,176,0,190
2023-05-28T11:31:47,14,176,0,190
2023-05-28T11:43:23,14,176,0,190
2023-05-28T11:54:58,14,176,0,190
2023-05-28T12:06:43,14,176,0,190
2023-05-28T12:18:19,14,176,0,190
2023-05-28T12:29:55,14,176,0,190
2023-05-28T12:41:30,14,176,0,190
2023-05-28T12:53:06,14,176,0,190
2023-05-28T13:04:42,14,176,0,190
2023-05-28T13:16:18,14,176,0,190
2023-05-28T13:27:54,14,176,0,190
2023-05-28T13:39:29,14,176,0,190
2023-05-28T13:51:05,14,176,0,190
2023-05-28T14:02:40,14,176,0,190
2023-05-28T14:14:24,14,176,0,190
2023-05-28T14:25:59,14,176,0,190
2023-05-28T14:37:35,14,176,0,190
2023-05-28T14:49:11,14,176,0,190
2023-05-28T15:00:46,14,176,0,190
2023-05-28T15:12:21,14,176,0,190
2023-05-28T15:23:58,14,176,0,190
2023-05-28T15:35:33,14,176,0,190
2023-05-28T15:47:08,14,176,0,190
2023-05-28T15:58:44,14,176,0,190
2023-05-28T16:10:30,14,176,0,190
2023-05-28T16:22:06,14,176,0,190
2023-05-28T16:33:42,14,176,0,190
2023-05-28T16:45:17,14,176,0,190
2023-05-28T16:56:52,14,176,0,190
2023-05-28T17:08:28,14,176,0,190
2023-05-28T17:20:04,14,176,0,190
2023-05-28T17:31:39,14,176,0,190
2023-05-28T17:43:14,14,176,0,190
2023-05-28T17:54:59,14,176,0,190
2023-05-28T18:06:35,14,176,0,190
2023-05-28T18:18:11,14,176,0,190
2023-05-28T18:29:47,14,176,0,190
2023-05-28T18:41:22,14,176,0,190
2023-05-28T18:52:57,14,176,0,190
2023-05-28T19:04:34,14,176,0,190
2023-05-28T19:16:10,14,176,0,190
2023-05-28T19:27:45,14,176,0,190
2023-05-28T19:39:21,14,176,0,190
2023-05-28T19:51:06,14,176,0,190
2023-05-28T20:02:41,14,176,0,190
2023-05-28T20:14:17,14,176,0,190
2023-05-28T20:25:52,14,176,0,190
2023-05-28T20:37:27,14,176,0,190
2023-05-28T20:49:02,14,176,0,190
2023-05-28T21:00:37,14,176,0,190
2023-05-28T21:12:13,14,176,0,190
2023-05-28T21:23:48,14,176,0,190
2023-05-28T21:35:33,14,176,0,190
2023-05-28T21:47:09,14,176,0,190
2023-05-28T21:58:44,14,176,0,190
2023-05-28T22:10:19,14,176,0,190
2023-05-28T22:21:55,14,176,0,190
2023-05-28T22:33:32,14,176,0,190
2023-05-28T22:45:07,14,176,0,190
2023-05-28T22:56:42,14,176,0,190
2023-05-28T23:08:31,14,176,0,190
2023-05-28T23:20:07,14,176,0,190
2023-05-28T23:31:44,14,176,0,190
2023-05-28T23:43:21,14,176,0,190
2023-05-28T23:54:56,14,176,0,190
2023-05-29T00:06:34,14,176,0,190
2023-05-29T00:18:22,14,176,0,190
2023-05-29T00:30:06,14,176,0,190
2023-05-29T00:41:46,14,176,0,190
2023-05-29T00:53:23,14,176,0,190
2023-05-29T01:05:12,14,176,0,190
2023-05-29T01:16:53,14,176,0,190
2023-05-29T01:28:32,14,176,0,190
2023-05-29T01:40:11,14,176,0,190
2023-05-29T01:51:48,14,176,0,190
2023-05-29T02:03:26,14,176,0,190
2023-05-29T02:15:12,14,176,0,190
2023-05-29T02:26:49,14,176,0,190
2023-05-29T02:38:26,14,176,0,190
2023-05-29T02:50:03,14,176,0,190
2023-05-29T03:01:39,14,176,0,190
2023-05-29T03:13:16,14,176,0,190
2023-05-29T03:24:54,14,176,0,190
2023-05-29T03:36:32,14,176,0,190
2023-05-29T03:48:18,14,176,0,190
2023-05-29T03:59:57,14,176,0,190
2023-05-29T04:11:37,14,176,0,190
2023-05-29T04:34:20,14,176,0,190
2023-05-29T04:47:11,14,176,0,190
2023-05-29T04:59:09,14,176,0,190
2023-05-29T05:10:48,14,176,0,190
2023-05-29T05:22:27,14,176,0,190
2023-05-29T05:34:05,14,176,0,190
2023-05-29T05:45:44,14,176,0,190
2023-05-29T05:57:23,14,176,0,190
2023-05-29T06:09:01,14,176,0,190
2023-05-29T06:20:40,14,176,0,190
2023-05-29T06:32:18,14,176,0,190
2023-05-29T06:43:56,14,176,0,190
2023-05-29T06:55:33,14,176,0,190
2023-05-29T07:07:13,14,176,0,190
2023-05-29T07:18:48,14,176,0,190
2023-05-29T07:30:31,14,176,0,190
2023-05-29T07:42:06,14,176,0,190
2023-05-29T07:53:42,14,176,0,190
2023-05-29T08:05:17,14,176,0,190
2023-05-29T08:16:52,14,176,0,190
2023-05-29T08:28:27,14,176,0,190
2023-05-29T08:40:03,14,176,0,190
2023-05-29T08:51:37,14,176,0,190
2023-05-29T09:03:13,14,176,0,190
2023-05-29T09:14:48,14,176,0,190
2023-05-29T09:26:24,14,176,0,190
2023-05-29T09:37:58,14,176,0,190
2023-05-29T09:49:45,14,176,0,190
2023-05-29T10:01:20,14,176,0,190
2023-05-29T10:12:55,14,176,0,190
2023-05-29T10:24:31,14,176,0,190
2023-05-29T10:36:06,14,176,0,190
2023-05-29T10:47:41,14,176,0,190
2023-05-29T10:59:16,14,176,0,190
2023-05-29T11:11:01,14,176,0,190
2023-05-29T11:22:36,14,176,0,190
2023-05-29T11:34:11,14,176,0,190
2023-05-29T11:45:46,14,176,0,190
2023-05-29T11:57:21,14,176,0,190
2023-05-29T12:08:56,14,176,0,190
2023-05-29T12:20:40,14,176,0,190
2023-05-29T12:32:17,14,176,0,190
2023-05-29T12:43:53,14,176,0,190
2023-05-29T12:55:29,14,176,0,190
2023-05-29T13:07:05,14,176,0,190
2023-05-29T13:18:49,14,176,0,190
2023-05-29T13:30:26,14,176,0,190
2023-05-29T13:42:02,14,176,0,190
2023-05-29T13:53:38,14,176,0,190
2023-05-29T14:05:14,14,176,0,190
2023-05-29T14:17:00,14,176,0,190
2023-05-29T14:28:36,14,176,0,190
2023-05-29T14:40:13,14,176,0,190
2023-05-29T14:51:50,14,176,0,190
2023-05-29T15:03:38,14,176,0,190
2023-05-29T15:15:14,14,176,0,190
2023-05-29T15:26:49,14,176,0,190
2023-05-29T15:38:25,14,176,0,190
2023-05-29T15:50:02,14,176,0,190
2023-05-29T16:01:49,14,176,0,190
2023-05-29T16:13:27,14,176,0,190
2023-05-29T16:25:04,14,176,0,190
2023-05-29T16:36:40,14,176,0,190
2023-05-29T16:48:25,14,176,0,190
2023-05-29T17:00:02,14,176,0,190
2023-05-29T17:11:42,14,176,0,190
2023-05-29T17:23:19,14,176,0,190
2023-05-29T17:34:55,14,176,0,190
2023-05-29T17:46:40,14,176,0,190
2023-05-29T17:58:18,14,176,0,190
2023-05-29T18:09:56,14,176,0,190
2023-05-29T18:21:33,14,176,0,190
2023-05-29T18:33:10,14,176,0,190
2023-05-29T18:45:00,14,176,0,190
2023-05-29T18:56:36,14,176,0,190
2023-05-29T19:08:12,14,176,0,190
2023-05-29T19:19:50,14,176,0,190
2023-05-29T19:31:25,14,176,0,190
2023-05-29T19:43:11,14,176,0,190
2023-05-29T19:54:48,14,176,0,190
2023-05-29T20:06:25,15,175,0,190
2023-05-29T20:18:02,15,175,0,190
2023-05-29T20:29:39,15,175,0,190
2023-05-29T20:41:26,16,174,0,190
2023-05-29T20:53:02,16,174,0,190
2023-05-29T21:04:38,16,174,0,190
2023-05-29T21:16:15,16,174,0,190
2023-05-29T21:27:52,16,174,0,190
2023-05-29T21:39:41,16,174,0,190
2023-05-29T21:51:20,17,173,0,190
2023-05-29T22:02:56,17,173,0,190
2023-05-29T22:14:32,17,173,0,190
2023-05-29T22:26:07,17,173,0,190
2023-05-29T22:37:52,17,173,0,190
2023-05-29T22:49:28,17,173,0,190
2023-05-29T23:01:04,18,172,0,190
2023-05-29T23:12:41,18,172,0,190
2023-05-29T23:24:18,18,172,0,190
2023-05-29T23:36:04,18,172,0,190
2023-05-29T23:47:40,18,172,0,190
2023-05-29T23:59:16,18,172,0,190
2023-05-30T00:10:53,18,172,0,190
2023-05-30T00:22:31,18,172,0,190
2023-05-30T00:34:08,18,172,0,190
2023-05-30T00:45:47,18,172,0,190
2023-05-30T00:57:33,18,172,0,190
2023-05-30T01:09:11,18,172,0,190
2023-05-30T01:20:49,18,172,0,190
2023-05-30T01:32:26,18,172,0,190
2023-05-30T01:44:02,18,172,0,190
2023-05-30T01:55:38,18,172,0,190
2023-05-30T02:07:15,18,172,0,190
2023-05-30T02:18:53,18,172,0,190
2023-05-30T02:30:38,18,172,0,190
2023-05-30T02:42:15,18,172,0,190
2023-05-30T02:54:01,18,172,0,190
2023-05-30T03:05:39,18,172,0,190
2023-05-30T03:17:18,18,172,0,190
2023-05-30T03:28:56,18,172,0,190
2023-05-30T03:40:34,18,172,0,190
2023-05-30T03:52:12,18,172,0,190
2023-05-30T04:03:49,18,172,0,190
2023-05-30T04:15:27,18,172,0,190
2023-05-30T04:37:36,18,172,0,190
2023-05-30T04:49:17,18,172,0,190
2023-05-30T05:00:57,18,172,0,190
2023-05-30T05:12:37,18,172,0,190
2023-05-30T05:24:15,18,172,0,190
2023-05-30T05:35:53,18,172,0,190
2023-05-30T05:47:32,18,172,0,190
2023-05-30T05:59:11,18,172,0,190
2023-05-30T06:10:50,18,172,0,190
2023-05-30T06:22:28,18,172,0,190
2023-05-30T06:34:07,18,172,0,190
2023-05-30T06:45:45,18,172,0,190
2023-05-30T06:57:23,18,172,0,190
2023-05-30T07:09:01,18,172,0,190
2023-05-30T07:20:38,18,172,0,190
2023-05-30T07:32:14,18,172,0,190
2023-05-30T07:43:52,18,172,0,190
2023-05-30T07:55:28,18,172,0,190
2023-05-30T08:07:04,18,172,0,190
2023-05-30T08:18:50,18,172,0,190
2023-05-30T08:30:27,18,172,0,190
2023-05-30T08:42:03,18,172,0,190
2023-05-30T08:53:40,18,172,0,190
2023-05-30T09:05:16,18,172,0,190
2023-05-30T09:16:53,18,172,0,190
2023-05-30T09:28:31,19,171,0,190
2023-05-30T09:40:20,19,171,0,190
2023-05-30T09:51:58,19,171,0,190
2023-05-30T10:03:37,19,171,0,190
2023-05-30T10:15:16,19,171,0,190
2023-05-30T10:27:05,19,171,0,190
2023-05-30T10:38:48,19,171,0,190
2023-05-30T10:50:27,19,171,0,190
2023-05-30T11:02:08,19,171,0,190
2023-05-30T11:14:04,19,171,0,190
2023-05-30T11:25:44,19,171,0,190
2023-05-30T11:37:34,19,171,0,190
2023-05-30T11:49:13,19,156,0,175
2023-05-30T12:00:54,19,156,0,175
2023-05-30T12:12:45,19,156,0,175
2023-05-30T12:24:22,19,156,0,175
2023-05-30T12:36:02,19,156,0,175
2023-05-30T12:47:45,20,155,0,175
2023-05-30T12:59:38,21,154,0,175
2023-05-30T13:11:22,21,154,0,175
2023-05-30T13:23:03,21,154,0,175
2023-05-30T13:34:54,21,154,0,175
2023-05-30T13:46:36,21,154,0,175
2023-05-30T13:58:15,21,154,0,175
2023-05-30T14:10:06,21,154,0,175
2023-05-30T14:21:50,21,154,0,175
2023-05-30T14:33:34,21,154,0,175
2023-05-30T14:45:23,21,154,0,175
2023-05-30T14:57:02,21,154,0,175
2023-05-30T15:08:42,21,154,0,175
2023-05-30T15:20:34,21,154,0,175
2023-05-30T15:32:15,21,154,0,175
2023-05-30T15:44:08,21,154,0,175
2023-05-30T15:55:48,22,153,0,175
2023-05-30T16:07:33,23,152,0,175
2023-05-30T16:19:23,23,152,0,175
2023-05-30T16:31:05,23,152,0,175
2023-05-30T16:42:45,23,152,0,175
2023-05-30T16:54:24,23,152,0,175
2023-05-30T17:06:15,23,152,0,175
2023-05-30T17:17:55,23,152,0,175
2023-05-30T17:29:33,23,152,0,175
2023-05-30T17:41:24,23,152,0,175
2023-05-30T17:53:01,23,152,0,175
2023-05-30T18:04:49,23,152,0,175
2023-05-30T18:16:27,23,152,0,175
2023-05-30T18:28:18,25,150,0,175
2023-05-30T18:39:57,25,150,0,175
2023-05-30T18:51:36,25,150,0,175
2023-05-30T19:03:15,26,149,0,175
2023-05-30T19:15:05,26,149,0,175
2023-05-30T19:26:45,26,149,0,175
2023-05-30T19:38:25,28,147,0,175
2023-05-30T19:50:03,29,146,0,175
2023-05-30T20:01:52,31,144,0,175
2023-05-30T20:13:31,31,144,0,175
2023-05-30T20:25:10,31,144,0,175
2023-05-30T20:36:48,33,142,0,175
2023-05-30T20:48:37,33,142,0,175
2023-05-30T21:00:18,33,142,0,175
2023-05-30T21:11:57,34,141,0,175
2023-05-30T21:23:36,37,138,0,175
2023-05-30T21:35:14,38,137,0,175
2023-05-30T21:47:04,38,137,0,175
2023-05-30T21:58:41,39,136,0,175
2023-05-30T22:10:20,40,135,0,175
2023-05-30T22:21:56,40,135,0,175
2023-05-30T22:33:44,40,135,0,175
2023-05-30T22:45:20,41,134,0,175
2023-05-30T22:56:56,42,133,0,175
2023-05-30T23:08:33,42,133,0,175
2023-05-30T23:20:11,42,133,0,175
2023-05-30T23:31:48,42,133,0,175
2023-05-30T23:43:36,42,133,0,175
2023-05-30T23:55:13,42,133,0,175
2023-05-31T00:06:50,43,132,0,175
2023-05-31T00:18:31,43,132,0,175
2023-05-31T00:30:10,43,132,0,175
2023-05-31T00:41:49,43,132,0,175
2023-05-31T00:53:27,43,132,0,175
2023-05-31T01:05:05,43,132,0,175
2023-05-31T01:16:57,43,132,0,175
2023-05-31T01:28:36,43,132,0,175
2023-05-31T01:40:15,43,132,0,175
2023-05-31T01:51:54,43,132,0,175
2023-05-31T02:03:32,43,132,0,175
2023-05-31T02:15:11,43,132,0,175
2023-05-31T02:26:49,43,132,0,175
2023-05-31T02:38:28,43,132,0,175
2023-05-31T02:50:05,43,132,0,175
2023-05-31T03:01:43,43,132,0,175
2023-05-31T03:13:33,43,132,0,175
2023-05-31T03:25:13,43,132,0,175
2023-05-31T03:36:52,43,132,0,175
2023-05-31T03:48:32,43,132,0,175
2023-05-31T04:00:26,43,132,0,175
2023-05-31T04:12:06,43,132,0,175
2023-05-31T04:35:24,43,132,0,175
2023-05-31T04:47:22,43,132,0,175
2023-05-31T04:59:03,43,132,0,175
2023-05-31T05:10:44,43,132,0,175
2023-05-31T05:22:24,43,132,0,175
2023-05-31T05:34:04,43,132,0,175
2023-05-31T05:45:46,43,132,0,175
2023-05-31T05:57:24,43,132,0,175
2023-05-31T06:09:04,43,132,0,175
2023-05-31T06:20:42,43,132,0,175
2023-05-31T06:32:21,43,132,0,175
2023-05-31T06:44:00,43,132,0,175
2023-05-31T06:55:39,43,132,0,175
2023-05-31T07:07:18,43,132,0,175
2023-05-31T07:18:55,43,132,0,175
2023-05-31T07:30:33,43,132,0,175
2023-05-31T07:42:14,43,132,0,175
2023-05-31T07:53:52,43,132,0,175
2023-05-31T08:05:30,43,132,0,175
2023-05-31T08:17:17,43,132,0,175
2023-05-31T08:28:56,44,131,0,175
2023-05-31T08:40:36,47,128,0,175
2023-05-31T08:52:15,49,126,0,175
2023-05-31T09:03:56,50,125,0,175
2023-05-31T09:15:35,54,121,0,175
2023-05-31T09:27:16,56,119,0,175
2023-05-31T09:39:04,61,114,0,175
2023-05-31T09:50:44,65,110,0,175
2023-05-31T10:02:25,72,103,0,175
2023-05-31T10:14:03,80,95,0,175
2023-05-31T10:25:42,82,93,0,175
2023-05-31T10:37:34,85,90,0,175
2023-05-31T10:49:14,92,83,0,175
2023-05-31T11:00:56,100,75,0,175
2023-05-31T11:12:36,109,66,0,175
2023-05-31T11:24:27,117,58,0,175
2023-05-31T11:36:07,121,54,0,175
2023-05-31T11:47:46,130,45,0,175
2023-05-31T11:59:25,137,38,0,175
2023-05-31T12:11:15,142,33,0,175
2023-05-31T12:22:54,153,22,0,175
2023-05-31T12:34:33,159,16,0,175
2023-05-31T12:46:11,162,13,0,175
2023-05-31T12:58:00,167,8,0,175
2023-05-31T13:09:38,167,8,0,175
2023-05-31T13:21:15,173,2,0,175
2023-05-31T13:32:53,173,2,0,175
2023-05-31T13:44:43,173,2,0,175
2023-05-31T13:56:21,173,2,0,175
2023-05-31T14:07:59,173,2,0,175
2023-05-31T14:19:37,173,2,0,175
2023-05-31T14:31:14,173,2,0,175
2023-05-31T14:43:04,173,2,0,175
2023-05-31T14:54:43,174,1,0,175
2023-05-31T15:06:23,175,0,0,175
2023-05-31T15:18:03,175,0,0,175
2023-05-31T15:29:40,175,0,0,175
2023-05-31T15:41:29,175,0,0,175
2023-05-31T15:53:07,175,0,0,175
2023-05-31T16:04:45,175,0,0,175
2023-05-31T16:16:23,175,0,0,175
2023-05-31T16:28:01,175,0,0,175
2023-05-31T16:39:39,175,0,0,175
2023-05-31T16:51:28,175,0,0,175
2023-05-31T17:03:06,175,0,0,175
2023-05-31T17:14:46,175,0,0,175
2023-05-31T17:26:24,175,0,0,175
2023-05-31T17:38:02,175,0,0,175
2023-05-31T17:49:42,175,0,0,175
2023-05-31T18:01:30,175,0,0,175
2023-05-31T18:13:08,175,0,0,175
2023-05-31T18:24:47,175,0,0,175
2023-05-31T18:36:25,175,0,0,175
2023-05-31T18:48:02,175,0,0,175
2023-05-31T18:59:40,175,0,0,175
2023-05-31T19:11:20,175,0,0,175
2023-05-31T19:23:08,175,0,0,175
2023-05-31T19:34:47,175,0,0,175
2023-05-31T19:46:24,175,0,0,175
2023-05-31T19:58:02,175,0,0,175
2023-05-31T20:09:40,175,0,0,175
2023-05-31T20:21:18,175,0,0,175
2023-05-31T20:32:56,175,0,0,175
2023-05-31T20:44:34,175,0,0,175
2023-05-31T20:56:22,175,0,0,175
2023-05-31T21:08:00,175,0,0,175
2023-05-31T21:19:38,175,0,0,175
2023-05-31T21:31:16,175,0,0,175
2023-05-31T21:42:54,175,0,0,175
2023-05-31T21:54:32,175,0,0,175
2023-05-31T22:06:10,175,0,0,175
2023-05-31T22:17:58,175,0,0,175
2023-05-31T22:29:36,175,0,0,175
2023-05-31T22:41:15,175,0,0,175
2023-05-31T22:52:53,175,0,0,175
2023-05-31T23:04:31,175,0,0,175
2023-05-31T23:16:10,175,0,0,175
2023-05-31T23:27:48,175,0,0,175
2023-05-31T23:39:38,175,0,0,175
2023-05-31T23:51:16,175,0,0,175
2023-06-01T00:02:56,175,0,0,175
2023-06-01T00:14:41,175,0,0,175
2023-06-01T00:26:23,175,0,0,175
2023-06-01T00:38:03,175,0,0,175
2023-06-01T00:49:46,175,0,0,175
2023-06-01T01:01:27,175,0,0,175
2023-06-01T01:13:08,175,0,0,175
2023-06-01T01:24:49,175,0,0,175
2023-06-01T01:36:40,175,0,0,175
2023-06-01T01:48:19,175,0,0,175
2023-06-01T01:59:59,175,0,0,175
2023-06-01T02:11:38,175,0,0,175
2023-06-01T02:23:16,175,0,0,175
2023-06-01T02:34:55,175,0,0,175
2023-06-01T02:46:35,175,0,0,175
2023-06-01T02:58:15,175,0,0,175
2023-06-01T03:09:56,175,0,0,175
2023-06-01T03:21:38,175,0,0,175
2023-06-01T03:33:19,175,0,0,175
2023-06-01T03:45:00,175,0,0,175
2023-06-01T03:56:42,175,0,0,175
2023-06-01T04:08:22,175,0,0,175
2023-06-01T04:34:00,175,0,0,175
2023-06-01T04:46:57,175,0,0,175
2023-06-01T04:59:03,175,0,0,175
2023-06-01T05:10:46,175,0,0,175
2023-06-01T05:22:27,175,0,0,175
2023-06-01T05:34:08,175,0,0,175
2023-06-01T05:45:50,175,0,0,175
2023-06-01T05:57:31,175,0,0,175
2023-06-01T06:09:13,175,0,0,175
2023-06-01T06:20:53,175,0,0,175
2023-06-01T06:32:34,175,0,0,175
2023-06-01T06:44:15,175,0,0,175
2023-06-01T06:55:56,175,0,0,175
2023-06-01T07:07:38,175,0,0,175
2023-06-01T07:19:18,175,0,0,175
2023-06-01T07:30:58,175,0,0,175
2023-06-01T07:42:38,175,0,0,175
2023-06-01T07:54:17,175,0,0,175
2023-06-01T08:06:02,175,0,0,175
2023-06-01T08:17:42,175,0,0,175
2023-06-01T08:29:22,175,0,0,175
2023-06-01T08:41:02,175,0,0,175
2023-06-01T08:52:53,175,0,0,175
2023-06-01T09:04:32,175,0,0,175
2023-06-01T09:16:12,175,0,0,175
2023-06-01T09:27:52,175,0,0,175
2023-06-01T09:39:30,175,0,0,175
2023-06-01T09:51:09,175,0,0,175
2023-06-01T10:02:51,175,0,0,175
2023-06-01T10:14:29,175,0,0,175
2023-06-01T10:26:07,175,0,0,175
2023-06-01T10:37:57,175,0,0,175
2023-06-01T10:49:35,175,0,0,175
2023-06-01T11:01:13,175,0,0,175
2023-06-01T11:12:51,175,0,0,175
2023-06-01T11:24:29,175,0,0,175
2023-06-01T11:36:07,175,0,0,175
2023-06-01T11:47:45,175,0,0,175
2023-06-01T11:59:33,175,0,0,175
2023-06-01T12:11:12,175,0,0,175
2023-06-01T12:22:50,175,0,0,175
2023-06-01T12:34:28,175,0,0,175
2023-06-01T12:46:06,175,0,0,175
2023-06-01T12:57:45,175,0,0,175
2023-06-01T13:09:34,175,0,0,175
2023-06-01T13:21:13,175,0,0,175
2023-06-01T13:32:51,175,0,0,175
2023-06-01T13:44:29,175,0,0,175
2023-06-01T13:56:08,175,0,0,175
2023-06-01T14:07:47,175,0,0,175
2023-06-01T14:19:37,175,0,0,175
2023-06-01T14:31:15,175,0,0,175
2023-06-01T14:42:53,175,0,0,175
2023-06-01T14:54:33,175,0,0,175
2023-06-01T15:06:14,175,0,0,175
2023-06-01T15:18:04,175,0,0,175
2023-06-01T15:29:43,175,0,0,175
2023-06-01T15:41:22,175,0,0,175
2023-06-01T15:53:01,175,0,0,175
2023-06-01T16:04:40,175,0,0,175
2023-06-01T16:16:18,175,0,0,175
2023-06-01T16:27:57,175,0,0,175
2023-06-01T16:39:47,175,0,0,175
2023-06-01T16:51:26,175,0,0,175
2023-06-01T17:03:04,175,0,0,175
2023-06-01T17:14:45,175,0,0,175
2023-06-01T17:26:24,175,0,0,175
2023-06-01T17:38:03,175,0,0,175
2023-06-01T17:49:41,175,0,0,175
2023-06-01T18:01:31,175,0,0,175
2023-06-01T18:13:10,175,0,0,175
2023-06-01T18:24:50,175,0,0,175
2023-06-01T18:36:30,175,0,0,175
2023-06-01T18:48:11,175,0,0,175
2023-06-01T18:59:51,175,0,0,175
2023-06-01T19:11:32,175,0,0,175
2023-06-01T19:23:12,175,0,0,175
2023-06-01T19:34:53,175,0,0,175
2023-06-01T19:46:34,175,0,0,175
2023-06-01T19:58:26,175,0,0,175
2023-06-01T20:10:06,175,0,0,175
2023-06-01T20:21:47,175,0,0,175
2023-06-01T20:33:27,175,0,0,175
2023-06-01T20:45:08,175,0,0,175
2023-06-01T20:56:48,175,0,0,175
2023-06-01T21:08:29,175,0,0,175
2023-06-01T21:20:09,175,0,0,175
2023-06-01T21:31:50,175,0,0,175
2023-06-01T21:43:41,175,0,0,175
2023-06-01T21:55:22,175,0,0,175
2023-06-01T22:07:02,175,0,0,175
2023-06-01T22:18:42,175,0,0,175
2023-06-01T22:30:23,175,0,0,175
2023-06-01T22:42:14,175,0,0,175
2023-06-01T22:53:54,175,0,0,175
2023-06-01T23:05:35,175,0,0,175
2023-06-01T23:17:16,175,0,0,175
2023-06-01T23:28:57,175,0,0,175
2023-06-01T23:40:38,175,0,0,175
2023-06-01T23:52:18,175,0,0,175
2023-06-02T00:03:59,175,0,0,175
2023-06-02T00:15:54,175,0,0,175
2023-06-02T00:27:39,175,0,0,175
2023-06-02T00:39:24,175,0,0,175
2023-06-02T00:51:09,175,0,0,175
2023-06-02T01:02:54,175,0,0,175
2023-06-02T01:14:39,175,0,0,175
2023-06-02T01:26:25,175,0,0,175
2023-06-02T01:38:08,175,0,0,175
2023-06-02T01:49:52,175,0,0,175
2023-06-02T02:01:37,175,0,0,175
2023-06-02T02:13:21,175,0,0,175
2023-06-02T02:25:03,175,0,0,175
2023-06-02T02:36:46,175,0,0,175
2023-06-02T02:48:40,175,0,0,175
2023-06-02T03:00:22,175,0,0,175
2023-06-02T03:12:06,175,0,0,175
2023-06-02T03:23:50,175,0,0,175
2023-06-02T03:35:33,175,0,0,175
2023-06-02T03:47:17,175,0,0,175
2023-06-02T03:59:00,175,0,0,175
2023-06-02T04:10:43,175,0,0,175
2023-06-02T04:31:19,175,0,0,175
2023-06-02T04:44:32,175,0,0,175
2023-06-02T04:56:16,175,0,0,175
2023-06-02T05:08:00,175,0,0,175
2023-06-02T05:19:44,175,0,0,175
2023-06-02T05:31:29,175,0,0,175
2023-06-02T05:43:30,175,0,0,175
2023-06-02T05:55:15,175,0,0,175
2023-06-02T06:06:59,175,0,0,175
2023-06-02T06:18:42,175,0,0,175
2023-06-02T06:30:24,175,0,0,175
2023-06-02T06:42:08,175,0,0,175
2023-06-02T06:53:50,175,0,0,175
2023-06-02T07:05:32,175,0,0,175
2023-06-02T07:17:14,175,0,0,175
2023-06-02T07:28:56,175,0,0,175
2023-06-02T07:40:38,175,0,0,175
2023-06-02T07:52:21,175,0,0,175
2023-06-02T08:04:13,175,0,0,175
2023-06-02T08:15:56,175,0,0,175
2023-06-02T08:27:39,175,0,0,175
2023-06-02T08:39:21,175,0,0,175
2023-06-02T08:51:03,175,0,0,175
2023-06-02T09:02:46,175,0,0,175
2023-06-02T09:14:28,175,0,0,175
2023-06-02T09:26:11,175,0,0,175
2023-06-02T09:37:54,175,0,0,175
2023-06-02T09:49:36,175,0,0,175
2023-06-02T10:01:18,175,0,0,175
2023-06-02T10:13:00,175,0,0,175
2023-06-02T10:24:53,175,0,0,175
2023-06-02T10:36:33,175,0,0,175
2023-06-02T10:48:14,175,0,0,175
2023-06-02T10:59:54,175,0,0,175
2023-06-02T11:11:35,175,0,0,175
2023-06-02T11:23:16,175,0,0,175
2023-06-02T11:34:56,175,0,0,175
2023-06-02T11:46:48,175,0,0,175
2023-06-02T11:58:28,175,0,0,175
2023-06-02T12:10:09,175,0,0,175
2023-06-02T12:21:49,175,0,0,175
2023-06-02T12:33:29,175,0,0,175
2023-06-02T12:45:10,175,0,0,175
2023-06-02T12:57:02,175,0,0,175
2023-06-02T13:08:43,175,0,0,175
2023-06-02T13:20:23,175,0,0,175
2023-06-02T13:32:03,175,0,0,175
2023-06-02T13:43:44,175,0,0,175
2023-06-02T13:55:24,175,0,0,175
2023-06-02T14:07:05,175,0,0,175
2023-06-02T14:18:57,175,0,0,175
2023-06-02T14:30:38,175,0,0,175
2023-06-02T14:42:19,175,0,0,175
2023-06-02T14:54:00,175,0,0,175
2023-06-02T15:05:41,175,0,0,175
2023-06-02T15:17:22,175,0,0,175
2023-06-02T15:29:02,175,0,0,175
2023-06-02T15:40:46,175,0,0,175
2023-06-02T15:52:37,175,0,0,175
2023-06-02T16:04:19,175,0,0,175
2023-06-02T16:16:01,175,0,0,175
2023-06-02T16:27:43,175,0,0,175
2023-06-02T16:39:25,175,0,0,175
2023-06-02T16:51:06,175,0,0,175
2023-06-02T17:02:49,175,0,0,175
2023-06-02T17:14:31,175,0,0,175
2023-06-02T17:26:23,175,0,0,175
2023-06-02T17:38:04,175,0,0,175
2023-06-02T17:49:45,175,0,0,175
2023-06-02T18:01:26,175,0,0,175
2023-06-02T18:13:06,175,0,0,175
2023-06-02T18:24:47,175,0,0,175
2023-06-02T18:36:28,175,0,0,175
2023-06-02T18:48:09,175,0,0,175
2023-06-02T18:59:50,175,0,0,175
2023-06-02T19:11:32,175,0,0,175
2023-06-02T19:23:24,175,0,0,175
2023-06-02T19:35:06,175,0,0,175
2023-06-02T19:46:47,175,0,0,175
2023-06-02T19:58:28,175,0,0,175
2023-06-02T20:10:10,175,0,0,175
2023-06-02T20:21:51,175,0,0,175
2023-06-02T20:33:32,175,0,0,175
2023-06-02T20:45:13,175,0,0,175
2023-06-02T20:56:54,175,0,0,175
2023-06-02T21:08:36,175,0,0,175
2023-06-02T21:20:17,175,0,0,175
2023-06-02T21:32:09,175,0,0,175
2023-06-02T21:43:50,175,0,0,175
2023-06-02T21:55:30,175,0,0,175
2023-06-02T22:07:12,175,0,0,175
2023-06-02T22:18:53,175,0,0,175
2023-06-02T22:30:34,175,0,0,175
2023-06-02T22:42:14,175,0,0,175
2023-06-02T22:53:55,175,0,0,175
2023-06-02T23:05:37,175,0,0,175
2023-06-02T23:17:19,175,0,0,175
2023-06-02T23:29:01,175,0,0,175
2023-06-02T23:40:53,175,0,0,175
2023-06-02T23:52:35,175,0,0,175
2023-06-03T00:04:52,175,0,0,175
2023-06-03T00:16:40,175,0,0,175
2023-06-03T00:28:27,175,0,0,175
2023-06-03T00:40:11,175,0,0,175
2023-06-03T00:51:55,175,0,0,175
2023-06-03T01:03:39,175,0,0,175
2023-06-03T01:15:24,175,0,0,175
2023-06-03T01:27:09,175,0,0,175
2023-06-03T01:38:53,175,0,0,175
2023-06-03T01:50:48,175,0,0,175
2023-06-03T02:02:31,175,0,0,175
2023-06-03T02:14:14,175,0,0,175
2023-06-03T02:25:57,175,0,0,175
2023-06-03T02:37:40,175,0,0,175
2023-06-03T02:49:23,175,0,0,175
2023-06-03T03:01:05,175,0,0,175
2023-06-03T03:12:47,175,0,0,175
2023-06-03T03:24:31,175,0,0,175
2023-06-03T03:36:13,175,0,0,175
2023-06-03T03:47:55,175,0,0,175
2023-06-03T03:59:41,175,0,0,175
2023-06-03T04:27:00,175,0,0,175
2023-06-03T04:38:46,175,0,0,175
2023-06-03T04:50:32,175,0,0,175
2023-06-03T05:02:16,175,0,0,175
2023-06-03T05:14:00,175,0,0,175
2023-06-03T05:25:46,175,0,0,175
2023-06-03T05:37:31,175,0,0,175
2023-06-03T05:49:16,175,0,0,175
2023-06-03T06:01:00,175,0,0,175
2023-06-03T06:12:44,175,0,0,175
2023-06-03T06:24:29,175,0,0,175
2023-06-03T06:36:15,175,0,0,175
2023-06-03T06:48:03,175,0,0,175
2023-06-03T06:59:47,175,0,0,175
2023-06-03T07:11:31,175,0,0,175
2023-06-03T07:23:15,175,0,0,175
2023-06-03T07:35:06,175,0,0,175
2023-06-03T07:46:49,175,0,0,175
2023-06-03T07:58:33,175,0,0,175
2023-06-03T08:10:16,175,0,0,175
2023-06-03T08:22:00,175,0,0,175
2023-06-03T08:33:45,175,0,0,175
2023-06-03T08:45:30,175,0,0,175
2023-06-03T08:57:14,175,0,0,175
2023-06-03T09:08:57,175,0,0,175
2023-06-03T09:20:40,175,0,0,175
2023-06-03T09:32:34,175,0,0,175
2023-06-03T09:44:17,175,0,0,175
2023-06-03T09:55:59,175,0,0,175
2023-06-03T10:07:40,175,0,0,175
2023-06-03T10:19:23,175,0,0,175
2023-06-03T10:31:05,175,0,0,175
2023-06-03T10:42:46,175,0,0,175
2023-06-03T10:54:28,175,0,0,175
2023-06-03T11:06:08,175,0,0,175
2023-06-03T11:17:49,175,0,0,175
2023-06-03T11:29:40,175,0,0,175
2023-06-03T11:41:21,175,0,0,175
2023-06-03T11:53:01,175,0,0,175
2023-06-03T12:04:42,175,0,0,175
2023-06-03T12:16:23,175,0,0,175
2023-06-03T12:28:03,175,0,0,175
2023-06-03T12:39:44,175,0,0,175
2023-06-03T12:51:24,175,0,0,175
2023-06-03T13:03:05,175,0,0,175
2023-06-03T13:14:45,175,0,0,175
2023-06-03T13:26:36,175,0,0,175
2023-06-03T13:38:17,175,0,0,175
2023-06-03T13:49:58,175,0,0,175
2023-06-03T14:01:39,175,0,0,175
2023-06-03T14:13:20,175,0,2,175
2023-06-03T14:25:00,175,0,2,175
2023-06-03T14:36:41,175,0,2,175
2023-06-03T14:48:31,175,0,2,175
2023-06-03T15:00:12,175,0,3,175
2023-06-03T15:11:52,175,0,3,175
2023-06-03T15:23:33,175,0,3,175
2023-06-03T15:35:14,175,0,3,175
2023-06-03T15:46:55,175,0,3,175
2023-06-03T15:58:35,175,0,3,175
2023-06-03T16:10:16,175,0,3,175
2023-06-03T16:21:57,175,0,3,175
2023-06-03T16:33:47,175,0,3,175
2023-06-03T16:45:27,175,0,3,175
2023-06-03T16:57:08,175,0,3,175
2023-06-03T17:08:50,175,0,3,175
2023-06-03T17:20:32,175,0,3,175
2023-06-03T17:32:13,175,0,3,175
2023-06-03T17:43:54,175,0,3,175
2023-06-03T17:55:34,175,0,3,175
2023-06-03T18:07:15,175,0,3,175
2023-06-03T18:18:55,175,0,3,175
2023-06-03T18:30:36,175,0,3,175
2023-06-03T18:42:26,175,0,3,175
2023-06-03T18:54:06,175,0,3,175
2023-06-03T19:05:48,175,0,3,175
2023-06-03T19:17:29,175,0,3,175
2023-06-03T19:29:09,175,0,3,175
2023-06-03T19:40:50,175,0,3,175
2023-06-03T19:52:31,175,0,3,175
2023-06-03T20:04:12,175,0,3,175
2023-06-03T20:15:53,175,0,3,175
2023-06-03T20:27:33,175,0,3,175
2023-06-03T20:39:14,175,0,3,175
2023-06-03T20:51:05,175,0,3,175
2023-06-03T21:02:46,175,0,3,175
2023-06-03T21:14:27,175,0,3,175
2023-06-03T21:26:08,175,0,3,175
2023-06-03T21:37:49,175,0,3,175
2023-06-03T21:49:30,175,0,3,175
2023-06-03T22:01:12,175,0,3,175
2023-06-03T22:12:53,175,0,3,175
2023-06-03T22:24:33,175,0,3,175
2023-06-03T22:36:14,175,0,3,175
2023-06-03T22:47:55,175,0,3,175
2023-06-03T22:59:46,175,0,3,175
2023-06-03T23:11:27,175,0,3,175
2023-06-03T23:23:09,175,0,3,175
2023-06-03T23:34:50,175,0,3,175
2023-06-03T23:46:32,175,0,3,175
2023-06-03T23:58:13,175,0,3,175
2023-06-04T00:09:59,175,0,3,175
2023-06-04T00:21:46,175,0,3,175
2023-06-04T00:33:29,175,0,3,175
2023-06-04T00:45:13,175,0,3,175
2023-06-04T00:56:57,175,0,3,175
2023-06-04T01:08:41,175,0,3,175
2023-06-04T01:20:34,175,0,3,175
2023-06-04T01:32:18,175,0,3,175
2023-06-04T01:44:02,175,0,3,175
2023-06-04T01:55:46,175,0,3,175
2023-06-04T02:07:31,175,0,3,175
2023-06-04T02:19:31,175,0,3,175
2023-06-04T02:31:16,175,0,3,175
2023-06-04T02:42:59,175,0,3,175
2023-06-04T02:54:42,175,0,3,175
2023-06-04T03:06:26,175,0,3,175
2023-06-04T03:18:10,175,0,3,175
2023-06-04T03:29:54,175,0,3,175
2023-06-04T03:41:38,175,0,3,175
2023-06-04T03:53:21,175,0,3,175
2023-06-04T04:05:05,175,0,3,175
2023-06-04T04:33:09,175,0,3,175
2023-06-04T04:44:56,175,0,3,175
2023-06-04T04:56:42,175,0,3,175
2023-06-04T05:08:27,175,0,3,175
2023-06-04T05:20:11,175,0,3,175
2023-06-04T05:31:55,175,0,3,175
2023-06-04T05:43:39,175,0,3,175
2023-06-04T05:55:23,175,0,3,175
2023-06-04T06:07:07,175,0,3,175
2023-06-04T06:18:51,175,0,3,175
2023-06-04T06:30:35,175,0,3,175
2023-06-04T06:42:19,175,0,3,175
2023-06-04T06:54:02,175,0,3,175
2023-06-04T07:05:45,175,0,3,175
2023-06-04T07:17:28,175,0,3,175
2023-06-04T07:29:09,175,0,3,175
2023-06-04T07:40:50,175,0,3,175
2023-06-04T07:52:31,175,0,3,175
2023-06-04T08:04:12,175,0,3,175
2023-06-04T08:16:06,175,0,3,175
2023-06-04T08:27:48,175,0,3,175
2023-06-04T08:39:30,175,0,3,175
2023-06-04T08:51:11,175,0,3,175
2023-06-04T09:02:53,175,0,3,175
2023-06-04T09:14:35,175,0,3,175
2023-06-04T09:26:16,175,0,3,175
2023-06-04T09:37:58,175,0,3,175
2023-06-04T09:49:39,175,0,3,175
2023-06-04T10:01:19,175,0,3,175
2023-06-04T10:13:01,175,0,3,175
2023-06-04T10:24:42,175,0,3,175
2023-06-04T10:36:24,175,0,3,175
2023-06-04T10:48:05,175,0,3,175
2023-06-04T10:59:46,175,0,3,175
2023-06-04T11:11:28,175,0,3,175
2023-06-04T11:23:20,175,0,3,175
2023-06-04T11:35:02,175,0,3,175
2023-06-04T11:46:44,175,0,3,175
2023-06-04T11:58:24,175,0,3,175
2023-06-04T12:10:05,175,0,3,175
2023-06-04T12:21:46,175,0,3,175
2023-06-04T12:33:27,175,0,3,175
2023-06-04T12:45:07,175,0,3,175
2023-06-04T12:56:48,175,0,3,175
2023-06-04T13:08:28,175,0,3,175
2023-06-04T13:20:09,175,0,3,175
2023-06-04T13:31:50,175,0,3,175
2023-06-04T13:43:40,175,0,3,175
2023-06-04T13:55:21,175,0,3,175
2023-06-04T14:07:02,175,0,3,175
2023-06-04T14:18:42,175,0,3,175
2023-06-04T14:30:23,175,0,3,175
2023-06-04T14:42:03,175,0,3,175
2023-06-04T14:53:43,175,0,3,175
2023-06-04T15:05:24,175,0,3,175
2023-06-04T15:17:05,175,0,3,175
2023-06-04T15:28:45,175,0,3,175
2023-06-04T15:40:37,175,0,3,175
2023-06-04T15:52:18,175,0,3,175
2023-06-04T16:03:59,175,0,3,175
2023-06-04T16:15:40,175,0,3,175
2023-06-04T16:27:21,175,0,3,175
2023-06-04T16:39:03,175,0,3,175
2023-06-04T16:50:44,175,0,3,175
2023-06-04T17:02:25,175,0,3,175
2023-06-04T17:14:06,175,0,3,175
2023-06-04T17:25:48,175,0,3,175
2023-06-04T17:37:40,175,0,3,175
2023-06-04T17:49:20,175,0,3,175
2023-06-04T18:01:01,175,0,3,175
2023-06-04T18:12:41,175,0,3,175
2023-06-04T18:24:23,175,0,3,175
2023-06-04T18:36:04,175,0,3,175
2023-06-04T18:47:45,175,0,3,175
2023-06-04T18:59:26,175,0,3,175
2023-06-04T19:11:10,175,0,3,175
2023-06-04T19:22:51,175,0,3,175
2023-06-04T19:34:42,175,0,3,175
2023-06-04T19:46:23,175,0,3,175
2023-06-04T19:58:04,175,0,3,175
2023-06-04T20:09:45,175,0,3,175
2023-06-04T20:21:26,175,0,3,175
2023-06-04T20:33:07,175,0,3,175
2023-06-04T20:44:48,175,0,3,175
2023-06-04T20:56:29,175,0,3,175
2023-06-04T21:08:10,175,0,3,175
2023-06-04T21:19:51,175,0,3,175
2023-06-04T21:31:43,175,0,3,175
2023-06-04T21:43:25,175,0,3,175
2023-06-04T21:55:06,175,0,3,175
2023-06-04T22:06:47,175,0,3,175
2023-06-04T22:18:28,175,0,3,175
2023-06-04T22:30:09,175,0,3,175
2023-06-04T22:41:50,175,0,3,175
2023-06-04T22:53:31,175,0,3,175
2023-06-04T23:05:12,175,0,3,175
2023-06-04T23:17:04,175,0,3,175
2023-06-04T23:28:45,175,0,3,175
2023-06-04T23:40:27,175,0,3,175
2023-06-04T23:52:09,175,0,3,175
2023-06-05T00:03:51,175,0,3,175
2023-06-05T00:15:38,175,0,3,175
2023-06-05T00:27:26,175,0,3,175
2023-06-05T00:39:21,175,0,3,175
2023-06-05T00:51:05,175,0,3,175
2023-06-05T01:02:47,175,0,3,175
2023-06-05T01:14:44,175,0,4,175
2023-06-05T01:26:30,175,0,4,175
2023-06-05T01:38:14,175,0,4,175
2023-06-05T01:49:58,175,0,4,175
2023-06-05T02:01:48,175,0,4,175
2023-06-05T02:13:31,175,0,4,175
2023-06-05T02:25:15,175,0,4,175
2023-06-05T02:36:57,175,0,4,175
2023-06-05T02:48:40,175,0,4,175
2023-06-05T03:00:23,175,0,4,175
2023-06-05T03:12:06,175,0,4,175
2023-06-05T03:23:50,175,0,4,175
2023-06-05T03:35:34,175,0,4,175
2023-06-05T03:47:18,175,0,4,175
2023-06-05T03:59:03,175,0,4,175
2023-06-05T04:10:48,175,0,4,175
2023-06-05T04:36:40,175,0,4,175
2023-06-05T04:48:50,175,0,4,175
2023-06-05T05:00:36,175,0,4,175
2023-06-05T05:12:20,175,0,4,175
2023-06-05T05:24:05,175,0,4,175
2023-06-05T05:35:50,175,0,4,175
2023-06-05T05:47:35,175,0,4,175
2023-06-05T05:59:19,175,0,4,175
2023-06-05T06:11:07,175,0,4,175
2023-06-05T06:22:51,175,0,4,175
2023-06-05T06:34:36,175,0,4,175
2023-06-05T06:46:20,175,0,4,175
2023-06-05T06:58:03,175,0,4,175
2023-06-05T07:09:49,175,0,4,175
2023-06-05T07:21:31,175,0,4,175
2023-06-05T07:33:12,175,0,4,175
2023-06-05T07:44:53,175,0,4,175
2023-06-05T07:56:34,175,0,4,175
2023-06-05T08:08:16,175,0,4,175
2023-06-05T08:19:57,175,0,4,175
2023-06-05T08:31:49,175,0,4,175
2023-06-05T08:43:30,175,0,4,175
2023-06-05T08:55:11,175,0,4,175
2023-06-05T09:06:53,175,0,4,175
2023-06-05T09:18:34,175,0,4,175
2023-06-05T09:30:15,175,0,4,175
2023-06-05T09:41:56,175,0,4,175
2023-06-05T09:53:38,175,0,4,175
2023-06-05T10:05:19,175,0,4,175
2023-06-05T10:17:11,175,0,4,175
2023-06-05T10:28:52,175,0,4,175
2023-06-05T10:40:34,175,0,4,175
2023-06-05T10:52:15,175,0,4,175
2023-06-05T11:03:57,175,0,4,175
2023-06-05T11:15:38,175,0,4,175
2023-06-05T11:27:30,175,0,4,175
2023-06-05T11:39:12,175,0,4,175
2023-06-05T11:50:53,175,0,4,175
2023-06-05T12:02:34,175,0,4,175
2023-06-05T12:14:16,175,0,4,175
2023-06-05T12:26:09,175,0,4,175
2023-06-05T12:37:51,175,0,4,175
2023-06-05T12:49:34,175,0,4,175
2023-06-05T13:01:16,175,0,4,175
2023-06-05T13:13:09,175,0,4,175
2023-06-05T13:24:51,175,0,4,175
2023-06-05T13:36:32,175,0,4,175
2023-06-05T13:48:13,175,0,4,175
2023-06-05T13:59:54,175,0,4,175
2023-06-05T14:11:46,175,0,4,175
2023-06-05T14:23:27,175,0,4,175
2023-06-05T14:35:12,175,0,4,175
2023-06-05T14:46:53,175,0,4,175
2023-06-05T14:58:46,175,0,4,175
2023-06-05T15:10:28,175,0,4,175
2023-06-05T15:22:11,175,0,4,175
2023-06-05T15:33:52,175,0,4,175
2023-06-05T15:45:34,175,0,4,175
2023-06-05T15:57:26,175,0,4,175
2023-06-05T16:09:07,175,0,4,175
2023-06-05T16:20:48,175,0,4,175
2023-06-05T16:32:29,175,0,4,175
2023-06-05T16:44:13,175,0,4,175
2023-06-05T16:56:05,175,0,4,175
2023-06-05T17:07:46,175,0,4,175
2023-06-05T17:19:28,175,0,4,175
2023-06-05T17:31:09,175,0,4,175
2023-06-05T17:42:53,175,0,4,175
2023-06-05T17:54:34,175,0,4,175
2023-06-05T18:06:26,175,0,4,175
2023-06-05T18:18:07,175,0,4,175
2023-06-05T18:29:48,175,0,4,175
2023-06-05T18:41:29,175,0,4,175
2023-06-05T18:53:10,175,0,4,175
2023-06-05T19:04:52,175,0,4,175
2023-06-05T19:16:43,175,0,4,175
2023-06-05T19:28:25,175,0,4,175
2023-06-05T19:40:06,175,0,4,175
2023-06-05T19:51:47,175,0,4,175
2023-06-05T20:03:29,175,0,4,175
2023-06-05T20:15:11,175,0,5,175
2023-06-05T20:26:52,175,0,5,175
2023-06-05T20:38:46,175,0,5,175
2023-06-05T20:50:27,175,0,5,175
2023-06-05T21:02:09,175,0,5,175
2023-06-05T21:13:50,175,0,5,175
2023-06-05T21:25:32,175,0,5,175
2023-06-05T21:37:13,175,0,5,175
2023-06-05T21:48:55,175,0,5,175
2023-06-05T22:00:48,175,0,5,175
2023-06-05T22:12:29,175,0,5,175
2023-06-05T22:24:10,175,0,5,175
2023-06-05T22:35:52,175,0,5,175
2023-06-05T22:47:33,175,0,5,175
2023-06-05T22:59:15,175,0,5,175
2023-06-05T23:10:58,175,0,5,175
2023-06-05T23:22:51,175,0,5,175
2023-06-05T23:34:33,175,0,5,175
2023-06-05T23:46:15,175,0,5,175
2023-06-05T23:57:57,175,0,5,175
2023-06-06T00:09:40,175,0,5,175
2023-06-06T00:21:24,175,0,5,175
2023-06-06T00:33:08,175,0,5,175
2023-06-06T00:44:53,175,0,5,175
2023-06-06T00:56:49,175,0,5,175
2023-06-06T01:08:34,175,0,5,175
2023-06-06T01:20:18,175,0,5,175
2023-06-06T01:32:03,175,0,5,175
2023-06-06T01:43:47,175,0,5,175
2023-06-06T01:55:32,175,0,5,175
2023-06-06T02:07:16,175,0,5,175
2023-06-06T02:19:00,175,0,5,175
2023-06-06T02:30:43,175,0,5,175
2023-06-06T02:42:26,175,0,5,175
2023-06-06T02:54:08,175,0,5,175
2023-06-06T03:05:51,175,0,5,175
2023-06-06T03:17:34,175,0,5,175
2023-06-06T03:29:18,175,0,5,175
2023-06-06T03:41:01,175,0,5,175
2023-06-06T03:52:45,175,0,5,175
2023-06-06T04:04:29,175,0,5,175
2023-06-06T04:16:13,175,0,5,175
2023-06-06T04:32:16,175,0,5,175
2023-06-06T04:45:24,175,0,5,175
2023-06-06T04:57:29,175,0,5,175
2023-06-06T05:09:15,175,0,5,175
2023-06-06T05:21:00,175,0,5,175
2023-06-06T05:32:45,175,0,5,175
2023-06-06T05:44:29,175,0,5,175
2023-06-06T05:56:14,175,0,5,175
2023-06-06T06:08:00,175,0,5,175
2023-06-06T06:19:46,175,0,5,175
2023-06-06T06:31:30,175,0,5,175
2023-06-06T06:43:15,175,0,5,175
2023-06-06T06:54:59,175,0,5,175
2023-06-06T07:06:44,175,0,5,175
2023-06-06T07:18:27,175,0,5,175
2023-06-06T07:30:10,175,0,5,175
2023-06-06T07:41:55,175,0,5,175
2023-06-06T07:53:37,175,0,5,175
2023-06-06T08:05:20,175,0,5,175
2023-06-06T08:17:04,175,0,5,175
2023-06-06T08:28:47,175,0,5,175
2023-06-06T08:40:30,175,0,5,175
2023-06-06T08:52:22,175,0,5,175
2023-06-06T09:04:06,175,0,5,175
2023-06-06T09:15:50,175,0,6,175
2023-06-06T09:27:32,175,0,6,175
2023-06-06T09:39:15,175,0,6,175
2023-06-06T09:50:58,175,0,6,175
2023-06-06T10:02:40,175,0,6,175
2023-06-06T10:14:21,175,0,6,175
2023-06-06T10:26:15,175,0,6,175
2023-06-06T10:37:57,175,0,6,175
2023-06-06T10:49:38,175,0,6,175
2023-06-06T11:01:20,175,0,6,175
2023-06-06T11:13:03,175,0,6,175
2023-06-06T11:24:57,175,0,6,175
2023-06-06T11:36:39,175,0,6,175
2023-06-06T11:48:21,175,0,6,175
2023-06-06T12:00:02,175,0,6,175
2023-06-06T12:11:55,175,0,6,175
2023-06-06T12:23:38,175,0,6,175
2023-06-06T12:35:20,175,0,6,175
2023-06-06T12:47:01,175,0,6,175
2023-06-06T12:58:43,175,0,6,175
2023-06-06T13:10:36,175,0,6,175
2023-06-06T13:22:18,175,0,7,175
2023-06-06T13:34:01,175,0,7,175
2023-06-06T13:45:44,175,0,7,175
2023-06-06T13:57:38,175,0,7,175
2023-06-06T14:09:22,175,0,7,175
2023-06-06T14:21:06,175,0,7,175
2023-06-06T14:32:50,175,0,7,175
2023-06-06T14:44:43,175,0,7,175
2023-06-06T14:56:25,175,0,7,175
2023-06-06T15:08:07,175,0,7,175
2023-06-06T15:19:51,175,0,7,175
2023-06-06T15:31:46,175,0,7,175
2023-06-06T15:43:28,175,0,7,175
2023-06-06T15:55:11,175,0,7,175
2023-06-06T16:06:54,175,0,7,175
2023-06-06T16:18:48,175,0,7,175
2023-06-06T16:30:30,175,0,7,175
2023-06-06T16:42:13,175,0,7,175
2023-06-06T16:53:56,175,0,7,175
2023-06-06T17:05:40,175,0,7,175
2023-06-06T17:17:34,175,0,7,175
2023-06-06T17:29:17,175,0,7,175
2023-06-06T17:41:00,175,0,8,175
2023-06-06T17:52:42,175,0,8,175
2023-06-06T18:04:39,175,0,8,175
2023-06-06T18:16:21,175,0,8,175
2023-06-06T18:28:04,175,0,8,175
2023-06-06T18:39:46,175,0,8,175
2023-06-06T18:51:29,175,0,8,175
2023-06-06T19:03:23,175,0,8,175
2023-06-06T19:15:04,175,0,8,175
2023-06-06T19:26:42,175,0,8,175
2023-06-06T19:38:21,175,0,8,175
2023-06-06T19:50:00,175,0,8,175
2023-06-06T20:01:52,175,0,8,175
2023-06-06T20:13:31,175,0,8,175
2023-06-06T20:25:11,175,0,8,175
2023-06-06T20:36:50,175,0,8,175
2023-06-06T20:48:28,175,0,8,175
2023-06-06T21:00:07,175,0,8,175
2023-06-06T21:11:57,175,0,8,175
2023-06-06T21:23:36,175,0,8,175
2023-06-06T21:35:16,175,0,8,175
2023-06-06T21:46:54,175,0,8,175
2023-06-06T21:58:33,175,0,8,175
2023-06-06T22:10:11,175,0,8,175
2023-06-06T22:22:01,175,0,8,175
2023-06-06T22:33:39,175,0,8,175
2023-06-06T22:45:17,175,0,8,175
2023-06-06T22:56:56,175,0,8,175
2023-06-06T23:08:35,175,0,8,175
2023-06-06T23:20:15,175,0,8,175
2023-06-06T23:31:54,175,0,8,175
2023-06-06T23:43:45,175,0,8,175
2023-06-06T23:55:23,175,0,8,175
2023-06-07T00:07:03,175,0,8,175
2023-06-07T00:18:49,175,0,8,175
2023-06-07T00:30:30,175,0,8,175
2023-06-07T00:42:11,175,0,8,175
2023-06-07T00:53:53,175,0,8,175
2023-06-07T01:05:35,175,0,8,175
2023-06-07T01:17:17,175,0,8,175
2023-06-07T01:29:10,175,0,8,175
2023-06-07T01:40:52,175,0,8,175
2023-06-07T01:52:34,175,0,8,175
2023-06-07T02:04:16,175,0,8,175
2023-06-07T02:15:56,175,0,8,175
2023-06-07T02:27:35,175,0,8,175
2023-06-07T02:39:17,175,0,8,175
2023-06-07T02:50:59,175,0,8,175
2023-06-07T03:02:42,175,0,8,175
2023-06-07T03:14:24,175,0,8,175
2023-06-07T03:26:06,175,0,8,175
2023-06-07T03:37:48,175,0,8,175
2023-06-07T03:49:31,175,0,8,175
2023-06-07T04:01:13,175,0,8,175
2023-06-07T04:23:37,175,0,8,175
2023-06-07T04:35:22,175,0,8,175
2023-06-07T04:48:56,175,0,8,175
2023-06-07T05:00:41,175,0,8,175
2023-06-07T05:12:29,175,0,8,175
2023-06-07T05:24:14,175,0,8,175
2023-06-07T05:35:59,175,0,8,175
2023-06-07T05:47:44,175,0,8,175
2023-06-07T05:59:29,175,0,8,175
2023-06-07T06:11:14,175,0,8,175
2023-06-07T06:22:59,175,0,8,175
2023-06-07T06:34:44,175,0,8,175
2023-06-07T06:46:29,175,0,8,175
2023-06-07T06:58:13,175,0,8,175
2023-06-07T07:10:00,175,0,8,175
2023-06-07T07:21:45,175,0,8,175
2023-06-07T07:33:29,175,0,8,175
2023-06-07T07:45:12,175,0,8,175
2023-06-07T07:56:55,175,0,8,175
2023-06-07T08:08:37,175,0,8,175
2023-06-07T08:20:19,175,0,8,175
2023-06-07T08:32:12,175,0,8,175
2023-06-07T08:43:55,175,0,8,175
2023-06-07T08:55:38,175,0,8,175
2023-06-07T09:07:21,175,0,9,175
2023-06-07T09:19:04,175,0,9,175
2023-06-07T09:30:46,175,0,9,175
2023-06-07T09:42:29,175,0,9,175
2023-06-07T09:54:12,175,0,9,175
2023-06-07T10:06:07,175,0,9,175
2023-06-07T10:17:50,175,0,9,175
2023-06-07T10:29:33,175,0,9,175
2023-06-07T10:41:15,175,0,10,175
2023-06-07T10:53:09,175,0,10,175
2023-06-07T11:04:53,175,0,10,175
2023-06-07T11:16:37,175,0,10,175
2023-06-07T11:28:22,175,0,10,175
2023-06-07T11:40:05,175,0,10,175
2023-06-07T11:52:11,175,0,11,175
2023-06-07T12:03:54,175,0,11,175
2023-06-07T12:15:38,175,0,11,175
2023-06-07T12:27:31,175,0,11,175
2023-06-07T12:39:13,175,0,11,175
2023-06-07T12:50:55,175,0,11,175
2023-06-07T13:02:38,175,0,11,175
2023-06-07T13:14:21,175,0,11,175
2023-06-07T13:26:13,175,0,11,175
2023-06-07T13:37:55,175,0,11,175
2023-06-07T13:49:38,175,0,11,175
2023-06-07T14:01:37,175,0,11,175
2023-06-07T14:13:20,175,0,11,175
2023-06-07T14:25:02,175,0,11,175
2023-06-07T14:36:44,175,0,11,175
2023-06-07T14:48:26,175,0,11,175
2023-06-07T15:00:19,175,0,12,175
2023-06-07T15:12:03,175,0,13,175
2023-06-07T15:23:46,175,0,13,175
2023-06-07T15:35:30,175,0,13,175
2023-06-07T15:47:33,175,0,13,175
2023-06-07T15:59:16,175,0,14,175
2023-06-07T16:11:00,175,0,14,175
2023-06-07T16:22:44,175,0,14,175
2023-06-07T16:34:38,175,0,14,175
2023-06-07T16:46:20,175,0,14,175
2023-06-07T16:58:03,175,0,14,175
2023-06-07T17:09:48,175,0,14,175
2023-06-07T17:21:52,175,0,14,175
2023-06-07T17:33:34,175,0,14,175
2023-06-07T17:45:17,175,0,14,175
2023-06-07T17:57:00,175,0,15,175
2023-06-07T18:08:58,175,0,15,175
2023-06-07T18:20:42,175,0,15,175
2023-06-07T18:32:25,175,0,15,175
2023-06-07T18:44:07,175,0,15,175
2023-06-07T18:55:51,175,0,15,175
2023-06-07T19:07:45,175,0,15,175
2023-06-07T19:19:27,175,0,15,175
2023-06-07T19:31:11,175,0,15,175
2023-06-07T19:42:54,175,0,15,175
2023-06-07T19:54:36,175,0,16,175
2023-06-07T20:06:19,175,0,16,175
2023-06-07T20:18:13,175,0,16,175
2023-06-07T20:29:55,175,0,16,175
2023-06-07T20:41:37,175,0,16,175
2023-06-07T20:53:19,175,0,16,175
2023-06-07T21:05:01,175,0,16,175
2023-06-07T21:17:03,175,0,16,175
2023-06-07T21:28:45,175,0,16,175
2023-06-07T21:40:29,175,0,16,175
2023-06-07T21:52:12,175,0,16,175
2023-06-07T22:03:54,175,0,16,175
2023-06-07T22:15:35,175,0,16,175
2023-06-07T22:27:29,175,0,16,175
2023-06-07T22:39:12,175,0,16,175
2023-06-07T22:50:53,175,0,16,175
2023-06-07T23:02:36,175,0,16,175
2023-06-07T23:14:18,175,0,16,175
2023-06-07T23:26:01,175,0,16,175
2023-06-07T23:37:54,175,0,16,175
2023-06-07T23:49:37,175,0,16,175
2023-06-08T00:01:19,175,0,16,175
2023-06-08T00:13:04,175,0,16,175
2023-06-08T00:24:51,175,0,16,175
2023-06-08T00:36:37,175,0,16,175
2023-06-08T00:48:23,175,0,16,175
2023-06-08T01:00:30,175,0,16,175
2023-06-08T01:12:15,175,0,16,175
2023-06-08T01:24:00,175,0,16,175
2023-06-08T01:35:45,175,0,16,175
2023-06-08T01:47:29,175,0,16,175
2023-06-08T01:59:17,175,0,16,175
2023-06-08T02:11:02,175,0,16,175
2023-06-08T02:22:46,175,0,16,175
2023-06-08T02:34:31,175,0,16,175
2023-06-08T02:46:14,175,0,16,175
2023-06-08T02:57:56,175,0,16,175
2023-06-08T03:09:39,175,0,16,175
2023-06-08T03:21:24,175,0,16,175
2023-06-08T03:33:20,175,0,16,175
2023-06-08T03:45:04,175,0,16,175
2023-06-08T03:56:49,175,0,16,175
2023-06-08T04:08:36,175,0,16,175
2023-06-08T04:20:22,175,0,16,175
2023-06-08T04:37:26,175,0,16,175
2023-06-08T04:49:16,175,0,16,175
2023-06-08T05:01:03,175,0,16,175
2023-06-08T05:12:49,175,0,16,175
2023-06-08T05:24:34,175,0,16,175
2023-06-08T05:36:19,175,0,16,175
2023-06-08T05:48:03,175,0,16,175
2023-06-08T06:01:47,175,0,16,175
2023-06-08T06:13:32,175,0,16,175
2023-06-08T06:25:17,175,0,16,175
2023-06-08T06:37:02,175,0,16,175
2023-06-08T06:48:48,175,0,16,175
2023-06-08T07:00:32,175,0,16,175
2023-06-08T07:12:18,175,0,16,175
2023-06-08T07:24:05,175,0,16,175
2023-06-08T07:35:48,175,0,16,175
2023-06-08T07:47:32,175,0,16,175
2023-06-08T07:59:17,175,0,16,175
2023-06-08T08:11:01,175,0,16,175
2023-06-08T08:22:45,175,0,16,175
2023-06-08T08:34:46,175,0,16,175
2023-06-08T08:46:30,175,0,16,175
2023-06-08T08:58:14,175,0,16,175
2023-06-08T09:09:57,175,0,17,175
2023-06-08T09:21:41,175,0,17,175
2023-06-08T09:33:24,175,0,17,175
2023-06-08T09:45:07,175,0,17,175
2023-06-08T09:56:51,175,0,17,175
2023-06-08T10:08:44,175,0,18,175
2023-06-08T10:20:28,175,0,18,175
2023-06-08T10:32:10,175,0,18,175
2023-06-08T10:43:53,175,0,18,175
2023-06-08T10:55:36,175,0,18,175
2023-06-08T11:07:19,175,0,18,175
2023-06-08T11:19:14,175,0,21,175
2023-06-08T11:30:58,175,0,21,175
2023-06-08T11:42:40,175,0,21,175
2023-06-08T11:54:25,175,0,23,175
2023-06-08T12:06:09,175,0,23,175
2023-06-08T12:18:02,175,0,23,175
2023-06-08T12:29:45,175,0,23,175
2023-06-08T12:41:29,175,0,23,175
2023-06-08T12:53:11,175,0,23,175
2023-06-08T13:04:54,175,0,24,175
2023-06-08T13:16:46,175,0,24,175
2023-06-08T13:28:29,175,0,24,175
2023-06-08T13:40:11,175,0,24,175
2023-06-08T13:51:54,175,0,24,175
2023-06-08T14:03:37,175,0,24,175
2023-06-08T14:15:20,175,0,24,175
2023-06-08T14:27:13,175,0,25,175
2023-06-08T14:38:55,175,0,25,175
2023-06-08T14:50:38,175,0,25,175
2023-06-08T15:02:20,175,0,25,175
2023-06-08T15:14:03,175,0,25,175
2023-06-08T15:26:03,175,0,26,175
2023-06-08T15:37:46,175,0,26,175
2023-06-08T15:49:28,175,0,25,175
2023-06-08T16:01:10,175,0,25,175
2023-06-08T16:12:53,175,0,25,175
2023-06-08T16:24:35,175,0,25,175
2023-06-08T16:36:17,175,0,26,175
2023-06-08T16:48:10,175,0,26,175
2023-06-08T16:59:52,175,0,26,175
2023-06-08T17:11:36,175,0,26,175
2023-06-08T17:23:19,175,0,26,175
2023-06-08T17:35:01,175,0,26,175
2023-06-08T17:46:44,175,0,26,175
2023-06-08T17:58:26,175,0,26,175
2023-06-08T18:10:10,175,0,26,175
2023-06-08T18:22:02,175,0,26,175
2023-06-08T18:33:44,175,0,26,175
2023-06-08T18:45:26,175,0,26,175
2023-06-08T18:57:08,175,0,26,175
2023-06-08T19:08:51,175,0,26,175
2023-06-08T19:20:34,175,0,26,175
2023-06-08T19:32:16,175,0,26,175
2023-06-08T19:43:59,175,0,26,175
2023-06-08T20:03:38,175,0,26,175
2023-06-08T20:15:21,175,0,26,175
2023-06-08T20:27:03,175,0,26,175
2023-06-08T20:38:46,175,0,26,175
2023-06-08T20:50:28,175,0,27,175
2023-06-08T21:02:10,175,0,27,175
2023-06-08T21:13:52,175,0,27,175
2023-06-08T21:25:34,175,0,27,175
2023-06-08T21:37:17,175,0,27,175
2023-06-08T21:48:59,175,0,27,175
2023-06-08T22:00:42,175,0,27,175
2023-06-08T22:12:35,175,0,27,175
2023-06-08T22:24:17,175,0,27,175
2023-06-08T22:35:59,175,0,27,175
2023-06-08T22:47:41,175,0,27,175
2023-06-08T22:59:23,175,0,27,175
2023-06-08T23:11:06,175,0,27,175
2023-06-08T23:22:49,175,0,27,175
2023-06-08T23:34:32,175,0,27,175
2023-06-08T23:46:15,175,0,27,175
2023-06-08T23:57:58,175,0,27,175
2023-06-09T00:09:45,175,0,27,175
2023-06-09T00:21:46,175,0,27,175
2023-06-09T00:33:31,175,0,27,175
2023-06-09T00:45:17,175,0,27,175
2023-06-09T00:57:04,175,0,27,175
2023-06-09T01:08:49,175,0,27,175
2023-06-09T01:20:35,175,0,27,175
2023-06-09T01:32:22,175,0,27,175
2023-06-09T01:44:08,175,0,27,175
2023-06-09T01:55:55,175,0,27,175
2023-06-09T02:07:41,175,0,27,175
2023-06-09T02:19:25,175,0,27,175
2023-06-09T02:31:09,175,0,27,175
2023-06-09T02:43:13,175,0,27,175
2023-06-09T02:55:12,175,0,27,175
2023-06-09T03:06:59,175,0,27,175
2023-06-09T03:18:46,175,0,27,175
2023-06-09T03:30:32,175,0,27,175
2023-06-09T03:42:17,175,0,27,175
2023-06-09T03:54:02,175,0,27,175
2023-06-09T04:05:47,175,0,27,175
2023-06-09T04:30:29,175,0,27,175
2023-06-09T04:42:17,175,0,27,175
2023-06-09T04:54:05,175,0,27,175
2023-06-09T05:05:55,175,0,27,175
2023-06-09T05:17:41,175,0,27,175
2023-06-09T05:29:28,175,0,27,175
2023-06-09T05:41:14,175,0,27,175
2023-06-09T05:53:00,175,0,27,175
2023-06-09T06:04:45,175,0,27,175
2023-06-09T06:16:31,175,0,27,175
2023-06-09T06:28:18,175,0,27,175
2023-06-09T06:40:04,175,0,27,175
2023-06-09T06:51:49,175,0,27,175
2023-06-09T07:03:34,175,0,27,175
2023-06-09T07:15:20,175,0,27,175
2023-06-09T07:27:07,175,0,27,175
2023-06-09T07:38:52,175,0,27,175
2023-06-09T07:50:35,175,0,27,175
2023-06-09T08:02:20,175,0,27,175
2023-06-09T08:14:03,175,0,27,175
2023-06-09T08:25:46,175,0,27,175
2023-06-09T08:37:29,175,0,27,175
2023-06-09T08:49:12,175,0,27,175
2023-06-09T09:00:55,175,0,28,175
2023-06-09T09:12:48,175,0,28,175
2023-06-09T09:24:31,175,0,28,175
2023-06-09T09:36:14,175,0,28,175
2023-06-09T09:47:57,175,0,28,175
2023-06-09T09:59:42,175,0,28,175
2023-06-09T10:11:25,175,0,28,175
2023-06-09T10:23:07,175,0,28,175
2023-06-09T10:34:50,175,0,28,175
2023-06-09T10:46:32,175,0,28,175
2023-06-09T10:58:15,175,0,28,175
2023-06-09T11:10:16,175,0,28,175
2023-06-09T11:21:58,175,0,28,175
2023-06-09T11:33:41,175,0,28,175
2023-06-09T11:45:23,175,0,28,175
2023-06-09T11:57:06,175,0,28,175
2023-06-09T12:08:48,175,0,28,175
2023-06-09T12:20:32,175,0,28,175
2023-06-09T12:32:16,175,0,28,175
2023-06-09T12:44:10,175,0,28,175
2023-06-09T12:55:55,175,0,28,175
2023-06-09T13:07:38,175,0,28,175
2023-06-09T13:19:22,175,0,28,175
2023-06-09T13:31:07,175,0,29,175
2023-06-09T13:42:51,175,0,29,175
2023-06-09T13:54:35,175,0,29,175
2023-06-09T14:06:36,175,0,29,175
2023-06-09T14:18:20,175,0,29,175
2023-06-09T14:30:03,175,0,29,175
2023-06-09T14:41:48,175,0,29,175
2023-06-09T14:53:33,175,0,29,175
2023-06-09T15:05:17,175,0,29,175
2023-06-09T15:17:01,175,0,29,175
2023-06-09T15:28:44,175,0,29,175
2023-06-09T15:40:29,175,0,29,175
2023-06-09T15:52:24,175,0,29,175
2023-06-09T16:04:08,175,0,29,175
2023-06-09T16:15:53,175,0,29,175
2023-06-09T16:27:38,175,0,29,175
2023-06-09T16:39:23,175,0,29,175
2023-06-09T16:51:08,175,0,29,175
2023-06-09T17:02:53,175,0,29,175
2023-06-09T17:14:51,175,0,29,175
2023-06-09T17:26:36,175,0,29,175
2023-06-09T17:38:21,175,0,29,175
2023-06-09T17:50:06,175,0,29,175
2023-06-09T18:01:51,175,0,29,175
2023-06-09T18:13:36,175,0,30,175
2023-06-09T18:25:21,175,0,30,175
2023-06-09T18:37:06,175,0,30,175
2023-06-09T18:48:51,175,0,30,175
2023-06-09T19:00:47,175,0,30,175
2023-06-09T19:12:32,175,0,30,175
2023-06-09T19:24:17,175,0,30,175
2023-06-09T19:36:03,175,0,30,175
2023-06-09T19:47:48,175,0,30,175
2023-06-09T19:59:33,175,0,30,175
2023-06-09T20:11:18,175,0,30,175
2023-06-09T20:23:04,175,0,30,175
2023-06-09T20:35:07,175,0,30,175
2023-06-09T20:46:53,175,0,30,175
2023-06-09T20:58:38,175,0,30,175
2023-06-09T21:10:23,175,0,30,175
2023-06-09T21:22:08,175,0,30,175
2023-06-09T21:33:53,175,0,30,175
2023-06-09T21:45:38,175,0,30,175
2023-06-09T21:57:24,175,0,30,175
2023-06-09T22:09:09,175,0,30,175
2023-06-09T22:20:54,175,0,30,175
2023-06-09T22:32:39,175,0,30,175
2023-06-09T22:44:25,175,0,30,175
2023-06-09T22:56:21,175,0,30,175
2023-06-09T23:08:07,175,0,30,175
2023-06-09T23:19:53,175,0,30,175
2023-06-09T23:31:39,175,0,30,175
2023-06-09T23:43:25,175,0,30,175
2023-06-09T23:55:11,175,0,30,175
2023-06-10T00:06:58,175,0,30,175
2023-06-10T00:18:48,175,0,30,175
2023-06-10T00:30:37,175,0,30,175
2023-06-10T00:42:26,175,0,30,175
2023-06-10T00:54:16,175,0,30,175
2023-06-10T01:06:24,175,0,30,175
2023-06-10T01:18:13,175,0,30,175
2023-06-10T01:30:03,175,0,30,175
2023-06-10T01:41:53,175,0,30,175
2023-06-10T01:53:42,175,0,30,175
2023-06-10T02:05:32,175,0,30,175
2023-06-10T02:17:20,175,0,30,175
2023-06-10T02:29:07,175,0,30,175
2023-06-10T02:40:53,175,0,30,175
2023-06-10T02:52:39,175,0,30,175
2023-06-10T03:04:24,175,0,30,175
2023-06-10T03:16:12,175,0,30,175
2023-06-10T03:27:59,175,0,30,175
2023-06-10T03:39:46,175,0,30,175
2023-06-10T03:51:34,175,0,30,175
2023-06-10T04:03:23,175,0,30,175
2023-06-10T04:15:54,175,0,30,175
2023-06-10T04:33:43,175,0,30,175
2023-06-10T04:46:48,175,0,30,175
2023-06-10T04:58:57,175,0,30,175
2023-06-10T05:10:47,175,0,30,175
2023-06-10T05:22:35,175,0,30,175
2023-06-10T05:34:24,175,0,30,175
2023-06-10T05:46:12,175,0,30,175
2023-06-10T05:58:01,175,0,30,175
2023-06-10T06:09:49,175,0,30,175
2023-06-10T06:21:37,175,0,30,175
2023-06-10T06:33:25,175,0,30,175
2023-06-10T06:45:13,175,0,30,175
2023-06-10T06:57:02,175,0,30,175
2023-06-10T07:08:52,175,0,30,175
2023-06-10T07:20:40,175,0,30,175
2023-06-10T07:32:28,175,0,30,175
2023-06-10T07:44:18,175,0,30,175
2023-06-10T07:56:05,175,0,30,175
2023-06-10T08:08:02,175,0,30,175
2023-06-10T08:19:49,175,0,30,175
2023-06-10T08:31:38,175,0,30,175
2023-06-10T08:43:27,175,0,30,175
2023-06-10T08:55:15,175,0,30,175
2023-06-10T09:07:03,175,0,30,175
2023-06-10T09:18:50,175,0,30,175
2023-06-10T09:30:38,175,0,30,175
2023-06-10T09:42:26,175,0,30,175
2023-06-10T09:54:13,175,0,30,175
2023-06-10T10:06:00,175,0,30,175
2023-06-10T10:17:46,175,0,30,175
2023-06-10T10:29:32,175,0,30,175
2023-06-10T10:41:19,175,0,30,175
2023-06-10T10:53:05,175,0,30,175
2023-06-10T11:05:03,175,0,30,175
2023-06-10T11:16:48,175,0,30,175
2023-06-10T11:28:33,175,0,30,175
2023-06-10T11:40:18,175,0,30,175
2023-06-10T11:52:02,175,0,30,175
2023-06-10T12:03:47,175,0,30,175
2023-06-10T12:15:32,175,0,30,175
2023-06-10T12:27:17,175,0,30,175
2023-06-10T12:39:02,175,0,30,175
2023-06-10T12:50:47,175,0,30,175
2023-06-10T13:02:32,175,0,30,175
2023-06-10T13:14:17,175,0,30,175
2023-06-10T13:26:02,175,0,30,175
2023-06-10T13:37:56,175,0,30,175
2023-06-10T13:49:41,175,0,30,175
2023-06-10T14:01:26,175,0,30,175
2023-06-10T14:13:11,175,0,30,175
2023-06-10T14:24:56,175,0,30,175
2023-06-10T14:36:41,175,0,30,175
2023-06-10T14:48:26,175,0,30,175
2023-06-10T15:00:10,175,0,30,175
2023-06-10T15:11:55,175,0,30,175
2023-06-10T15:23:40,175,0,30,175
2023-06-10T15:35:25,175,0,30,175
2023-06-10T15:47:09,175,0,30,175
2023-06-10T15:59:04,175,0,30,175
2023-06-10T16:10:49,175,0,30,175
2023-06-10T16:22:34,175,0,30,175
2023-06-10T16:34:19,175,0,30,175
2023-06-10T16:46:03,175,0,30,175
2023-06-10T16:57:48,175,0,30,175
2023-06-10T17:09:34,175,0,30,175
2023-06-10T17:21:20,175,0,30,175
2023-06-10T17:33:05,175,0,30,175
2023-06-10T17:44:50,175,0,30,175
2023-06-10T17:56:35,175,0,30,175
2023-06-10T18:08:30,175,0,30,175
2023-06-10T18:20:15,175,0,30,175
2023-06-10T18:32:00,175,0,30,175
2023-06-10T18:43:45,175,0,30,175
2023-06-10T18:55:30,175,0,30,175
2023-06-10T19:07:15,175,0,30,175
2023-06-10T19:19:00,175,0,30,175
2023-06-10T19:30:46,175,0,30,175
2023-06-10T19:42:30,175,0,30,175
2023-06-10T19:54:16,175,0,30,175
2023-06-10T20:06:01,175,0,30,175
2023-06-10T20:17:46,175,0,30,175
2023-06-10T20:29:31,175,0,30,175
2023-06-10T20:41:26,175,0,30,175
2023-06-10T20:53:10,175,0,30,175
2023-06-10T21:04:56,175,0,30,175
2023-06-10T21:16:41,175,0,30,175
2023-06-10T21:28:26,175,0,30,175
2023-06-10T21:40:11,175,0,30,175
2023-06-10T21:51:56,175,0,30,175
2023-06-10T22:03:41,175,0,30,175
2023-06-10T22:15:26,175,0,30,175
2023-06-10T22:27:11,175,0,30,175
2023-06-10T22:38:56,175,0,30,175
2023-06-10T22:50:40,175,0,30,175
2023-06-10T23:02:25,175,0,30,175
2023-06-10T23:14:11,175,0,30,175
2023-06-10T23:26:06,175,0,30,175
2023-06-10T23:37:51,175,0,30,175
2023-06-10T23:49:36,175,0,30,175
2023-06-11T00:01:22,175,0,30,175
2023-06-11T00:13:10,175,0,30,175
2023-06-11T00:25:06,175,0,30,175
2023-06-11T00:36:54,175,0,30,175
2023-06-11T00:48:43,175,0,30,175
2023-06-11T01:00:32,175,0,30,175
2023-06-11T01:12:18,175,0,30,175
2023-06-11T01:24:05,175,0,30,175
2023-06-11T01:35:54,175,0,30,175
2023-06-11T01:47:42,175,0,30,175
2023-06-11T01:59:31,175,0,30,175
2023-06-11T02:11:20,175,0,30,175
2023-06-11T02:23:08,175,0,30,175
2023-06-11T02:34:57,175,0,30,175
2023-06-11T02:46:44,175,0,30,175
2023-06-11T02:58:31,175,0,30,175
2023-06-11T03:10:19,175,0,30,175
2023-06-11T03:22:17,175,0,30,175
2023-06-11T03:34:06,175,0,30,175
2023-06-11T03:45:54,175,0,30,175
2023-06-11T03:57:42,175,0,30,175
2023-06-11T04:09:31,175,0,30,175
2023-06-11T04:35:38,175,0,30,175
2023-06-11T04:48:44,175,0,30,175
2023-06-11T05:00:52,175,0,30,175
2023-06-11T05:12:41,175,0,30,175
2023-06-11T05:24:29,175,0,30,175
2023-06-11T05:36:16,175,0,30,175
2023-06-11T05:48:06,175,0,30,175
2023-06-11T05:59:54,175,0,30,175
2023-06-11T06:11:41,175,0,30,175
2023-06-11T06:23:29,175,0,30,175
2023-06-11T06:35:19,175,0,30,175
2023-06-11T06:47:07,175,0,30,175
2023-06-11T06:58:54,175,0,30,175
2023-06-11T07:10:41,175,0,30,175
2023-06-11T07:22:27,175,0,30,175
2023-06-11T07:34:12,175,0,30,175
2023-06-11T07:45:57,175,0,30,175
2023-06-11T07:57:42,175,0,30,175
2023-06-11T08:09:29,175,0,30,175
2023-06-11T08:21:18,175,0,30,175
2023-06-11T08:33:04,175,0,30,175
2023-06-11T08:44:49,175,0,30,175
2023-06-11T08:56:34,175,0,30,175
2023-06-11T09:08:19,175,0,30,175
2023-06-11T09:20:05,175,0,30,175
2023-06-11T09:31:49,175,0,30,175
2023-06-11T09:43:43,175,0,30,175
2023-06-11T09:55:27,175,0,30,175
2023-06-11T10:07:12,175,0,30,175
2023-06-11T10:18:58,175,0,30,175
2023-06-11T10:30:43,175,0,30,175
2023-06-11T10:42:28,175,0,30,175
2023-06-11T10:54:13,175,0,30,175
2023-06-11T11:05:59,175,0,30,175
2023-06-11T11:17:45,175,0,30,175
2023-06-11T11:29:31,175,0,30,175
2023-06-11T11:41:18,175,0,30,175
2023-06-11T11:53:04,175,0,30,175
2023-06-11T12:04:50,175,0,30,175
2023-06-11T12:16:37,175,0,30,175
2023-06-11T12:28:22,175,0,30,175
2023-06-11T12:40:16,175,0,30,175
2023-06-11T12:52:01,175,0,30,175
2023-06-11T13:03:47,175,0,30,175
2023-06-11T13:15:32,175,0,30,175
2023-06-11T13:27:16,175,0,30,175
2023-06-11T13:39:02,175,0,30,175
2023-06-11T13:50:47,175,0,30,175
2023-06-11T14:02:32,175,0,30,175
2023-06-11T14:14:16,175,0,30,175
2023-06-11T14:26:01,175,0,30,175
2023-06-11T14:37:46,175,0,30,175
2023-06-11T14:49:42,175,0,30,175
2023-06-11T15:01:26,175,0,30,175
2023-06-11T15:13:11,175,0,30,175
2023-06-11T15:24:55,175,0,30,175
2023-06-11T15:36:40,175,0,29,175
2023-06-11T15:48:24,175,0,29,175
2023-06-11T16:00:09,175,0,29,175
2023-06-11T16:11:56,175,0,29,175
2023-06-11T16:23:41,175,0,29,175
2023-06-11T16:35:36,175,0,29,175
2023-06-11T16:47:21,175,0,29,175
2023-06-11T16:59:06,175,0,29,175
2023-06-11T17:10:51,175,0,29,175
2023-06-11T17:22:37,175,0,29,175
2023-06-11T17:34:22,175,0,30,175
2023-06-11T17:46:07,175,0,30,175
2023-06-11T17:57:52,175,0,30,175
2023-06-11T18:09:36,175,0,30,175
2023-06-11T18:21:21,175,0,30,175
2023-06-11T18:33:06,175,0,30,175
2023-06-11T18:45:01,175,0,30,175
2023-06-11T18:56:46,175,0,30,175
2023-06-11T19:08:33,175,0,30,175
2023-06-11T19:20:18,175,0,30,175
2023-06-11T19:32:03,175,0,30,175
2023-06-11T19:43:49,175,0,30,175
2023-06-11T19:55:33,175,0,30,175
2023-06-11T20:07:18,175,0,30,175
2023-06-11T20:19:03,175,0,30,175
2023-06-11T20:30:48,175,0,30,175
2023-06-11T20:42:33,175,0,30,175
2023-06-11T20:54:26,175,0,30,175
2023-06-11T21:06:13,175,0,30,175
2023-06-11T21:17:58,175,0,30,175
2023-06-11T21:29:43,175,0,30,175
2023-06-11T21:41:29,175,0,30,175
2023-06-11T21:53:15,175,0,30,175
2023-06-11T22:05:00,175,0,30,175
2023-06-11T22:16:45,175,0,30,175
2023-06-11T22:28:30,175,0,30,175
2023-06-11T22:40:15,175,0,30,175
2023-06-11T22:52:10,175,0,30,175
2023-06-11T23:03:57,175,0,30,175
2023-06-11T23:15:42,175,0,30,175
2023-06-11T23:27:28,175,0,30,175
2023-06-11T23:39:13,175,0,30,175
2023-06-11T23:51:00,175,0,30,175
2023-06-12T00:02:46,175,0,30,175
2023-06-12T00:14:33,175,0,30,175
2023-06-12T00:26:30,175,0,30,175
2023-06-12T00:38:22,175,0,30,175
2023-06-12T00:50:22,175,0,30,175
2023-06-12T01:02:10,175,0,30,175
2023-06-12T01:13:56,175,0,30,175
2023-06-12T01:25:46,175,0,30,175
2023-06-12T01:37:36,175,0,30,175
2023-06-12T01:49:24,175,0,30,175
2023-06-12T02:01:11,175,0,30,175
2023-06-12T02:12:59,175,0,30,175
2023-06-12T02:24:46,175,0,30,175
2023-06-12T02:36:33,175,0,30,175
2023-06-12T02:48:20,175,0,30,175
2023-06-12T03:00:07,175,0,30,175
2023-06-12T03:11:54,175,0,30,175
2023-06-12T03:23:43,175,0,30,175
2023-06-12T03:35:33,175,0,30,175
2023-06-12T03:47:23,175,0,30,175
2023-06-12T03:59:11,175,0,30,175
2023-06-12T04:11:00,175,0,30,175
2023-06-12T04:32:15,175,0,30,175
2023-06-12T04:44:38,175,0,30,175
2023-06-12T04:57:32,175,0,30,175
2023-06-12T05:09:28,175,0,30,175
2023-06-12T05:21:14,175,0,30,175
2023-06-12T05:33:00,175,0,30,175
2023-06-12T05:44:46,175,0,30,175
2023-06-12T05:56:36,175,0,30,175
2023-06-12T06:08:25,175,0,30,175
2023-06-12T06:20:13,175,0,30,175
2023-06-12T06:32:02,175,0,30,175
2023-06-12T06:43:51,175,0,30,175
2023-06-12T06:55:39,175,0,30,175
2023-06-12T07:07:30,175,0,30,175
2023-06-12T07:19:19,175,0,30,175
2023-06-12T07:31:06,175,0,30,175
2023-06-12T07:42:53,175,0,30,175
2023-06-12T07:54:39,175,0,30,175
2023-06-12T08:06:27,175,0,30,175
2023-06-12T08:18:14,175,0,30,175
2023-06-12T08:30:01,175,0,30,175
2023-06-12T08:41:48,175,0,30,175
2023-06-12T08:53:43,175,0,30,175
2023-06-12T09:05:28,175,0,30,175
2023-06-12T09:17:14,175,0,30,175
2023-06-12T09:28:58,175,0,30,175
2023-06-12T09:40:44,175,0,30,175
2023-06-12T09:52:29,175,0,30,175
2023-06-12T10:04:15,175,0,30,175
2023-06-12T10:16:00,175,0,30,175
2023-06-12T10:27:45,175,0,30,175
2023-06-12T10:39:30,175,0,30,175
2023-06-12T10:51:16,175,0,30,175
2023-06-12T11:03:11,175,0,30,175
2023-06-12T11:14:57,175,0,30,175
2023-06-12T11:26:42,175,0,30,175
2023-06-12T11:38:27,175,0,30,175
2023-06-12T11:50:13,175,0,30,175
2023-06-12T12:01:59,175,0,30,175
2023-06-12T12:13:46,175,0,30,175
2023-06-12T12:25:31,175,0,30,175
2023-06-12T12:37:27,175,0,30,175
2023-06-12T12:49:12,175,0,30,175
2023-06-12T13:00:57,175,0,30,175
2023-06-12T13:12:43,175,0,30,175
2023-06-12T13:24:29,175,0,30,175
2023-06-12T13:36:15,175,0,30,175
2023-06-12T13:48:00,175,0,30,175
2023-06-12T13:59:45,175,0,30,175
2023-06-12T14:11:41,175,0,30,175
2023-06-12T14:23:26,175,0,30,175
2023-06-12T14:35:12,175,0,30,175
2023-06-12T14:46:57,175,0,30,175
2023-06-12T14:58:42,175,0,30,175
2023-06-12T15:10:27,175,0,30,175
2023-06-12T15:22:12,175,0,30,175
2023-06-12T15:34:09,175,0,30,175
2023-06-12T15:45:54,175,0,30,175
2023-06-12T15:57:40,175,0,30,175
2023-06-12T16:09:25,175,0,30,175
2023-06-12T16:21:10,175,0,30,175
2023-06-12T16:32:55,175,0,30,175
2023-06-12T16:44:40,175,0,30,175
2023-06-12T16:56:36,175,0,30,175
2023-06-12T17:08:23,175,0,30,175
2023-06-12T17:20:09,175,0,30,175
2023-06-12T17:31:55,175,0,30,175
2023-06-12T17:43:40,175,0,30,175
2023-06-12T17:55:26,175,0,30,175
2023-06-12T18:07:11,175,0,30,175
2023-06-12T18:19:06,175,0,30,175
2023-06-12T18:30:51,175,0,30,175
2023-06-12T18:42:36,175,0,30,175
2023-06-12T18:54:21,175,0,30,175
2023-06-12T19:06:07,175,0,30,175
2023-06-12T19:17:52,175,0,30,175
2023-06-12T19:29:37,175,0,30,175
2023-06-12T19:41:23,175,0,30,175
2023-06-12T19:53:08,175,0,30,175
2023-06-12T20:05:03,175,0,30,175
2023-06-12T20:16:48,175,0,30,175
2023-06-12T20:28:33,175,0,30,175
2023-06-12T20:40:18,175,0,30,175
2023-06-12T20:52:03,175,0,30,175
2023-06-12T21:03:48,175,0,30,175
2023-06-12T21:15:44,175,0,30,175
2023-06-12T21:27:30,175,0,30,175
2023-06-12T21:39:15,175,0,30,175
2023-06-12T21:51:01,175,0,30,175
2023-06-12T22:02:47,175,0,30,175
2023-06-12T22:14:32,175,0,30,175
2023-06-12T22:26:19,175,0,30,175
2023-06-12T22:38:04,175,0,31,175
2023-06-12T22:49:49,175,0,31,175
2023-06-12T23:01:35,175,0,31,175
2023-06-12T23:13:21,175,0,31,175
2023-06-12T23:25:17,175,0,31,175
2023-06-12T23:37:04,175,0,31,175
2023-06-12T23:48:49,175,0,31,175
2023-06-13T00:00:35,175,0,31,175
2023-06-13T00:12:24,175,0,31,175
2023-06-13T00:24:15,175,0,31,175
2023-06-13T00:36:03,175,0,31,175
2023-06-13T00:47:52,175,0,31,175
2023-06-13T00:59:40,175,0,31,175
2023-06-13T01:11:30,175,0,31,175
2023-06-13T01:23:18,175,0,31,175
2023-06-13T01:35:08,175,0,31,175
2023-06-13T01:46:56,175,0,31,175
2023-06-13T01:58:54,175,0,31,175
2023-06-13T02:10:39,175,0,31,175
2023-06-13T02:22:25,175,0,31,175
2023-06-13T02:34:10,175,0,31,175
2023-06-13T02:45:56,175,0,31,175
2023-06-13T02:57:42,175,0,31,175
2023-06-13T03:09:32,175,0,31,175
2023-06-13T03:21:19,175,0,31,175
2023-06-13T03:33:07,175,0,31,175
2023-06-13T03:44:54,175,0,31,175
2023-06-13T03:56:43,175,0,31,175
2023-06-13T04:08:31,175,0,31,175
2023-06-13T04:26:04,175,0,31,175
2023-06-13T04:37:53,175,0,31,175
2023-06-13T04:51:24,175,0,31,175
2023-06-13T05:03:13,175,0,31,175
2023-06-13T05:15:00,175,0,31,175
2023-06-13T05:26:53,175,0,31,175
2023-06-13T05:38:49,175,0,31,175
2023-06-13T05:50:39,175,0,31,175
2023-06-13T06:02:28,175,0,31,175
2023-06-13T06:14:16,175,0,31,175
2023-06-13T06:26:04,175,0,31,175
2023-06-13T06:37:52,175,0,31,175
2023-06-13T06:49:41,175,0,31,175
2023-06-13T07:01:30,175,0,31,175
2023-06-13T07:13:18,175,0,31,175
2023-06-13T07:25:06,175,0,31,175
2023-06-13T07:36:52,175,0,31,175
2023-06-13T07:48:38,175,0,31,175
2023-06-13T08:00:25,175,0,31,175
2023-06-13T08:12:13,175,0,31,175
2023-06-13T08:24:00,175,0,31,175
2023-06-13T08:35:47,175,0,31,175
2023-06-13T08:47:42,175,0,31,175
2023-06-13T08:59:29,175,0,31,175
2023-06-13T09:11:17,175,0,31,175
2023-06-13T09:23:05,175,0,31,175
2023-06-13T09:34:51,175,0,31,175
2023-06-13T09:46:39,175,0,31,175
2023-06-13T09:58:26,175,0,31,175
2023-06-13T10:10:13,175,0,31,175
2023-06-13T10:22:00,175,0,31,175
2023-06-13T10:34:03,175,0,31,175
2023-06-13T10:45:48,175,0,31,175
2023-06-13T10:57:34,175,0,31,175
2023-06-13T11:09:20,175,0,31,175
2023-06-13T11:21:06,175,0,31,175
2023-06-13T11:32:52,175,0,31,175
2023-06-13T11:44:38,175,0,31,175
2023-06-13T11:56:34,175,0,31,175
2023-06-13T12:08:21,175,0,31,175
2023-06-13T12:20:07,175,0,31,175
2023-06-13T12:31:54,175,0,31,175
2023-06-13T12:43:40,175,0,31,175
2023-06-13T12:55:25,175,0,31,175
2023-06-13T13:07:10,175,0,31,175
2023-06-13T13:18:56,175,0,31,175
2023-06-13T13:30:42,175,0,31,175
2023-06-13T13:42:29,175,0,31,175
2023-06-13T13:54:27,175,0,31,175
2023-06-13T14:06:13,175,0,31,175
2023-06-13T14:18:01,175,0,31,175
2023-06-13T14:29:49,175,0,31,175
2023-06-13T14:41:36,175,0,31,175
2023-06-13T14:53:24,175,0,31,175
2023-06-13T15:05:11,175,0,31,175
2023-06-13T15:17:11,175,0,31,175
2023-06-13T15:28:58,175,0,31,175
2023-06-13T15:40:45,175,0,31,175
2023-06-13T15:52:32,175,0,31,175
2023-06-13T16:04:20,175,0,31,175
2023-06-13T16:16:07,175,0,31,175
2023-06-13T16:27:54,175,0,31,175
2023-06-13T16:39:41,175,0,31,175
2023-06-13T16:51:28,175,0,31,175
2023-06-13T17:03:26,175,0,31,175
2023-06-13T17:15:14,175,0,31,175
2023-06-13T17:27:02,175,0,31,175
2023-06-13T17:38:50,175,0,31,175
2023-06-13T17:50:37,175,0,31,175
2023-06-13T18:02:24,175,0,31,175
2023-06-13T18:14:12,175,0,31,175
2023-06-13T18:25:59,175,0,31,175
2023-06-13T18:37:46,175,0,31,175
2023-06-13T18:49:42,175,0,31,175
2023-06-13T19:01:29,175,0,31,175
2023-06-13T19:13:17,175,0,31,175
2023-06-13T19:25:04,175,0,31,175
2023-06-13T19:36:51,175,0,31,175
2023-06-13T19:48:38,175,0,31,175
2023-06-13T20:00:26,175,0,31,175
2023-06-13T20:12:13,175,0,31,175
2023-06-13T20:24:00,175,0,31,175
2023-06-13T20:35:47,175,0,31,175
2023-06-13T20:47:46,175,0,31,175
2023-06-13T20:59:33,175,0,31,175
2023-06-13T21:11:20,175,0,31,175
2023-06-13T21:23:07,175,0,31,175
2023-06-13T21:34:54,175,0,31,175
2023-06-13T21:46:41,175,0,31,175
2023-06-13T21:58:29,175,0,31,175
2023-06-13T22:10:18,175,0,31,175
2023-06-13T22:22:09,175,0,31,175
2023-06-13T22:34:06,175,0,31,175
2023-06-13T22:45:53,175,0,31,175
2023-06-13T22:57:40,175,0,31,175
2023-06-13T23:09:29,175,0,31,175
2023-06-13T23:21:17,175,0,31,175
2023-06-13T23:33:04,175,0,31,175
2023-06-13T23:44:52,175,0,31,175
2023-06-13T23:56:40,175,0,31,175
2023-06-14T00:08:29,175,0,31,175
2023-06-14T00:20:21,175,0,31,175
2023-06-14T00:32:11,175,0,31,175
2023-06-14T00:44:02,175,0,31,175
2023-06-14T00:56:04,175,0,31,175
2023-06-14T01:07:56,175,0,31,175
2023-06-14T01:19:46,175,0,31,175
2023-06-14T01:31:38,175,0,31,175
2023-06-14T01:43:30,175,0,31,175
2023-06-14T01:55:22,175,0,31,175
2023-06-14T02:07:13,175,0,31,175
2023-06-14T02:19:03,175,0,31,175
2023-06-14T02:30:52,175,0,31,175
2023-06-14T02:42:43,175,0,31,175
2023-06-14T02:54:34,175,0,31,175
2023-06-14T03:06:24,175,0,31,175
2023-06-14T03:18:15,175,0,31,175
2023-06-14T03:30:18,175,0,31,175
2023-06-14T03:42:10,175,0,31,175
2023-06-14T03:54:00,175,0,31,175
2023-06-14T04:05:50,175,0,31,175
2023-06-14T04:17:52,175,0,31,175
2023-06-14T04:34:41,175,0,31,175
2023-06-14T04:46:34,175,0,31,175
2023-06-14T04:58:27,175,0,31,175
2023-06-14T05:10:18,175,0,31,175
2023-06-14T05:22:09,175,0,31,175
2023-06-14T05:33:59,175,0,31,175
2023-06-14T05:45:51,175,0,31,175
2023-06-14T05:57:42,175,0,31,175
2023-06-14T06:09:33,175,0,31,175
2023-06-14T06:21:24,175,0,31,175
2023-06-14T06:33:18,175,0,31,175
2023-06-14T06:45:18,175,0,31,175
2023-06-14T06:57:08,175,0,31,175
2023-06-14T07:08:58,175,0,31,175
2023-06-14T07:21:00,175,0,31,175
2023-06-14T07:32:49,175,0,31,175
2023-06-14T07:44:38,175,0,31,175
2023-06-14T07:56:28,175,0,31,175
2023-06-14T08:08:17,175,0,31,175
2023-06-14T08:20:06,175,0,31,175
2023-06-14T08:32:05,175,0,31,175
2023-06-14T08:43:56,175,0,31,175
2023-06-14T08:55:44,175,0,31,175
2023-06-14T09:07:32,175,0,31,175
2023-06-14T09:19:21,175,0,31,175
2023-06-14T09:31:09,175,0,31,175
2023-06-14T09:42:57,175,0,31,175
2023-06-14T09:54:55,175,0,31,175
2023-06-14T10:06:46,175,0,31,175
2023-06-14T10:18:35,175,0,31,175
2023-06-14T10:30:24,175,0,31,175
2023-06-14T10:42:14,175,0,31,175
2023-06-14T10:54:03,175,0,31,175
2023-06-14T11:05:52,175,0,31,175
2023-06-14T11:17:41,175,0,31,175
2023-06-14T11:29:32,175,0,31,175
2023-06-14T11:41:32,175,0,31,175
2023-06-14T11:53:23,175,0,31,175
2023-06-14T12:05:11,175,0,31,175
2023-06-14T12:17:00,175,0,31,175
2023-06-14T12:28:48,175,0,31,175
2023-06-14T12:40:37,175,0,31,175
2023-06-14T12:52:25,175,0,31,175
2023-06-14T13:04:14,175,0,31,175
2023-06-14T13:16:04,175,0,31,175
2023-06-14T13:28:04,175,0,31,175
2023-06-14T13:39:59,175,0,31,175
2023-06-14T13:51:54,175,0,31,175
2023-06-14T14:03:55,175,0,31,175
2023-06-14T14:16:00,175,0,31,175
2023-06-14T14:28:09,175,0,31,175
2023-06-14T14:40:25,175,0,31,175
2023-06-14T14:52:51,175,0,31,175
2023-06-14T15:05:05,175,0,31,175
2023-06-14T15:17:19,175,0,31,175
2023-06-14T15:29:34,175,0,31,175
2023-06-14T15:41:49,175,0,31,175
2023-06-14T15:54:04,175,0,31,175
2023-06-14T16:06:21,175,0,31,175
2023-06-14T16:18:46,175,0,31,175
2023-06-14T16:31:00,175,0,31,175
2023-06-14T16:43:16,175,0,31,175
2023-06-14T16:55:30,175,0,31,175
2023-06-14T17:07:47,175,0,31,175
2023-06-14T17:20:02,175,0,31,175
2023-06-14T17:32:16,175,0,31,175
2023-06-14T17:44:43,175,0,31,175
2023-06-14T17:56:56,175,0,31,175
2023-06-14T18:09:11,175,0,31,175
2023-06-14T18:21:25,175,0,31,175
2023-06-14T18:33:39,175,0,31,175
2023-06-14T18:45:52,175,0,31,175
2023-06-14T18:58:07,175,0,31,175
2023-06-14T19:10:33,175,0,31,175
2023-06-14T19:22:48,175,0,31,175
2023-06-14T19:35:02,175,0,31,175
2023-06-14T19:47:16,175,0,31,175
2023-06-14T19:59:30,175,0,31,175
2023-06-14T20:11:47,175,0,31,175
2023-06-14T20:24:01,175,0,31,175
2023-06-14T20:36:15,175,0,31,175
2023-06-14T20:48:29,175,0,31,175
2023-06-14T21:00:54,175,0,31,175
2023-06-14T21:13:08,175,0,31,175
2023-06-14T21:25:22,175,0,31,175
2023-06-14T21:37:36,175,0,31,175
2023-06-14T21:49:50,175,0,31,175
2023-06-14T22:02:04,175,0,31,175
2023-06-14T22:14:18,175,0,31,175
2023-06-14T22:26:33,175,0,31,175
2023-06-14T22:38:58,175,0,31,175
2023-06-14T22:51:12,175,0,31,175
2023-06-14T23:03:27,175,0,31,175
2023-06-14T23:15:43,175,0,31,175
2023-06-14T23:27:57,175,0,31,175
2023-06-14T23:40:12,175,0,31,175
2023-06-14T23:52:26,175,0,31,175
2023-06-15T00:04:41,175,0,31,175
2023-06-15T00:17:00,175,0,31,175
2023-06-15T00:29:18,174,1,32,175
2023-06-15T00:41:37,174,1,32,175
2023-06-15T00:54:08,174,1,32,175
2023-06-15T01:06:27,174,1,32,175
2023-06-15T01:18:45,174,1,32,175
2023-06-15T01:31:01,174,1,32,175
2023-06-15T01:43:19,174,1,32,175
2023-06-15T01:55:36,174,1,32,175
2023-06-15T02:07:53,174,1,32,175
2023-06-15T02:20:09,174,1,32,175
2023-06-15T02:32:26,174,1,32,175
2023-06-15T02:44:42,174,1,32,175
2023-06-15T02:56:57,174,1,32,175
2023-06-15T03:09:24,174,1,32,175
2023-06-15T03:21:41,174,1,32,175
2023-06-15T03:33:58,174,1,32,175
2023-06-15T03:46:13,174,1,32,175
2023-06-15T03:58:31,174,1,32,175
2023-06-15T04:10:48,174,1,32,175
2023-06-15T04:26:51,174,1,32,175
2023-06-15T04:39:13,174,1,32,175
2023-06-15T04:52:52,174,1,32,175
2023-06-15T05:05:29,174,1,32,175
2023-06-15T05:17:48,174,1,32,175
2023-06-15T05:30:06,174,1,32,175
2023-06-15T05:42:24,174,1,32,175
2023-06-15T05:54:42,174,1,32,175
2023-06-15T06:06:59,174,1,32,175
2023-06-15T06:19:16,174,1,32,175
2023-06-15T06:31:33,174,1,32,175
2023-06-15T06:43:49,174,1,32,175
2023-06-15T06:56:06,174,1,32,175
2023-06-15T07:08:23,174,1,32,175
2023-06-15T07:20:41,174,1,32,175
2023-06-15T07:32:57,174,1,32,175
2023-06-15T07:45:23,174,1,32,175
2023-06-15T07:57:39,174,1,32,175
2023-06-15T08:09:55,174,1,32,175
2023-06-15T08:22:11,174,1,32,175
2023-06-15T08:34:28,174,1,31,175
2023-06-15T08:46:43,174,1,31,175
2023-06-15T08:58:59,174,1,31,175
2023-06-15T09:11:15,174,1,31,175
2023-06-15T09:23:31,174,1,31,175
2023-06-15T09:35:46,174,1,31,175
2023-06-15T09:48:02,174,1,31,175
2023-06-15T10:00:16,174,1,31,175
2023-06-15T10:12:40,174,1,31,175
2023-06-15T10:24:54,174,1,31,175
2023-06-15T10:37:08,174,1,31,175
2023-06-15T10:49:22,174,1,31,175
2023-06-15T11:01:36,174,1,31,175
2023-06-15T11:13:51,174,1,31,175
2023-06-15T11:26:04,174,1,31,175
2023-06-15T11:38:18,174,1,31,175
2023-06-15T11:50:44,174,1,31,175
2023-06-15T12:03:01,174,1,31,175
2023-06-15T12:15:15,174,1,31,175
2023-06-15T12:27:29,173,2,31,175
2023-06-15T12:39:45,173,2,31,175
2023-06-15T12:51:59,173,2,31,175
2023-06-15T13:04:13,173,2,31,175
2023-06-15T13:16:37,173,2,31,175
2023-06-15T13:28:51,173,2,31,175
2023-06-15T13:41:06,175,0,29,175
2023-06-15T13:53:21,175,0,29,175
2023-06-15T14:05:35,175,0,29,175
2023-06-15T14:17:49,175,0,29,175
2023-06-15T14:30:04,175,0,29,175
2023-06-15T14:42:29,175,0,29,175
2023-06-15T14:54:44,175,0,29,175
2023-06-15T15:06:58,175,0,29,175
2023-06-15T15:19:12,175,0,28,175
2023-06-15T15:31:25,175,0,28,175
2023-06-15T15:43:40,175,0,28,175
2023-06-15T15:55:54,175,0,28,175
2023-06-15T16:08:19,174,1,28,175
2023-06-15T16:20:34,174,1,28,175
2023-06-15T16:32:47,174,1,28,175
2023-06-15T16:45:01,174,1,28,175
2023-06-15T16:57:15,174,1,28,175
2023-06-15T17:09:29,174,1,28,175
2023-06-15T17:21:44,175,0,27,175
2023-06-15T17:33:59,175,0,27,175
2023-06-15T17:46:23,175,0,27,175
2023-06-15T17:58:36,175,0,27,175
2023-06-15T18:10:52,175,0,27,175
2023-06-15T18:23:06,175,0,27,175
2023-06-15T18:35:20,175,0,27,175
2023-06-15T18:47:34,175,0,27,175
2023-06-15T18:59:49,175,0,27,175
2023-06-15T19:12:04,175,0,27,175
2023-06-15T19:24:18,175,0,27,175
2023-06-15T19:36:43,175,0,27,175
2023-06-15T19:48:57,175,0,27,175
2023-06-15T20:01:12,175,0,27,175
2023-06-15T20:13:26,175,0,27,175
2023-06-15T20:25:40,175,0,27,175
2023-06-15T20:37:54,175,0,27,175
2023-06-15T20:50:08,175,0,27,175
2023-06-15T21:02:34,175,0,27,175
2023-06-15T21:14:48,175,0,27,175
2023-06-15T21:27:03,175,0,27,175
2023-06-15T21:39:19,175,0,27,175
2023-06-15T21:51:33,175,0,27,175
2023-06-15T22:03:47,175,0,27,175
2023-06-15T22:16:01,175,0,27,175
2023-06-15T22:28:16,175,0,27,175
2023-06-15T22:40:30,175,0,27,175
2023-06-15T22:52:44,175,0,27,175
2023-06-15T23:05:10,175,0,27,175
2023-06-15T23:17:25,175,0,27,175
2023-06-15T23:29:42,175,0,27,175
2023-06-15T23:41:56,175,0,27,175
2023-06-15T23:54:11,175,0,27,175
2023-06-16T00:06:27,175,0,27,175
2023-06-16T00:18:43,175,0,27,175
2023-06-16T00:30:57,175,0,27,175
2023-06-16T00:43:11,175,0,27,175
2023-06-16T00:55:25,175,0,27,175
2023-06-16T01:07:41,175,0,27,175
2023-06-16T01:20:07,175,0,27,175
2023-06-16T01:32:22,175,0,27,175
2023-06-16T01:44:36,175,0,27,175
2023-06-16T01:56:50,175,0,27,175
2023-06-16T02:09:06,175,0,27,175
2023-06-16T02:21:22,175,0,27,175
2023-06-16T02:33:36,175,0,27,175
2023-06-16T02:45:52,175,0,27,175
2023-06-16T02:58:08,175,0,27,175
2023-06-16T03:10:25,175,0,27,175
2023-06-16T03:22:43,175,0,27,175
2023-06-16T03:35:03,175,0,27,175
2023-06-16T03:47:19,175,0,27,175
2023-06-16T03:59:37,175,0,27,175
2023-06-16T04:22:51,175,0,27,175
2023-06-16T04:35:11,175,0,27,175
2023-06-16T04:48:05,175,0,27,175
2023-06-16T05:01:36,175,0,27,175
2023-06-16T05:13:55,175,0,27,175
2023-06-16T05:26:12,175,0,27,175
2023-06-16T05:38:30,175,0,27,175
2023-06-16T05:50:48,175,0,27,175
2023-06-16T06:03:07,175,0,27,175
2023-06-16T06:15:24,175,0,27,175
2023-06-16T06:27:42,175,0,27,175
2023-06-16T06:39:59,175,0,27,175
2023-06-16T06:52:18,175,0,27,175
2023-06-16T07:04:35,175,0,27,175
2023-06-16T07:16:51,175,0,27,175
2023-06-16T07:29:07,175,0,27,175
2023-06-16T07:41:22,175,0,27,175
2023-06-16T07:53:38,175,0,27,175
2023-06-16T08:05:54,175,0,27,175
2023-06-16T08:18:21,175,0,27,175
2023-06-16T08:30:38,175,0,27,175
2023-06-16T08:42:56,175,0,27,175
2023-06-16T08:55:13,175,0,27,175
2023-06-16T09:07:30,175,0,27,175
2023-06-16T09:19:47,175,0,27,175
2023-06-16T09:32:03,175,0,27,175
2023-06-16T09:44:18,175,0,27,175
2023-06-16T09:56:33,175,0,27,175
2023-06-16T10:08:49,175,0,27,175
2023-06-16T10:21:18,175,0,27,175
2023-06-16T11:05:54,175,0,27,175
2023-06-16T11:18:09,175,0,27,175
2023-06-16T11:30:25,175,0,27,175
2023-06-16T11:42:40,175,0,27,175
2023-06-16T11:54:55,175,0,27,175
2023-06-16T12:07:21,175,0,27,175
2023-06-16T12:19:37,174,1,27,175
2023-06-16T12:31:52,174,1,27,175
2023-06-16T12:44:08,174,1,27,175
2023-06-16T12:56:23,174,1,27,175
2023-06-16T13:08:39,174,1,27,175
2023-06-16T13:20:54,173,2,27,175
2023-06-16T13:33:10,173,2,27,175
2023-06-16T13:45:35,173,2,27,175
2023-06-16T13:57:51,173,2,27,175
2023-06-16T14:10:07,173,2,27,175
2023-06-16T14:22:22,173,2,27,175
2023-06-16T14:34:38,173,2,27,175
2023-06-16T14:46:53,173,2,27,175
2023-06-16T14:59:08,173,2,27,175
2023-06-16T15:11:24,173,2,27,175
2023-06-16T15:23:51,173,2,27,175
2023-06-16T15:36:06,173,2,27,175
2023-06-16T15:48:22,173,2,27,175
2023-06-16T16:00:38,173,2,27,175
2023-06-16T16:12:53,174,1,26,175
2023-06-16T16:25:09,174,1,26,175
2023-06-16T16:37:25,174,1,26,175
2023-06-16T16:49:40,174,1,26,175
2023-06-16T17:01:55,174,1,26,175
2023-06-16T17:14:22,174,1,26,175
2023-06-16T17:26:37,174,1,26,175
2023-06-16T17:38:53,174,1,26,175
2023-06-16T17:51:09,174,1,26,175
2023-06-16T18:03:24,174,1,26,175
2023-06-16T18:15:39,174,1,26,175
2023-06-16T18:27:55,174,1,26,175
2023-06-16T18:40:11,174,1,26,175
2023-06-16T18:52:26,174,1,26,175
2023-06-16T19:04:42,174,1,26,175
2023-06-16T19:17:11,174,1,26,175
2023-06-16T19:29:26,174,1,26,175
2023-06-16T19:41:42,174,1,26,175
2023-06-16T19:53:57,174,1,26,175
2023-06-16T20:06:14,174,1,26,175
2023-06-16T20:18:30,174,1,26,175
2023-06-16T20:30:45,174,1,26,175
2023-06-16T20:43:00,174,1,26,175
2023-06-16T20:55:16,174,1,26,175
2023-06-16T21:07:32,174,1,26,175
2023-06-16T21:19:59,174,1,26,175
2023-06-16T21:32:14,174,1,26,175
2023-06-16T21:44:29,174,1,26,175
2023-06-16T21:56:46,174,1,26,175
2023-06-16T22:09:01,174,1,26,175
2023-06-16T22:21:16,174,1,26,175
2023-06-16T22:33:32,175,0,25,175
2023-06-16T22:45:47,175,0,25,175
2023-06-16T22:58:02,175,0,25,175
2023-06-16T23:10:21,175,0,25,175
2023-06-16T23:22:47,175,0,25,175
2023-06-16T23:35:03,175,0,25,175
2023-06-16T23:47:19,175,0,25,175
2023-06-16T23:59:35,175,0,25,175
2023-06-17T00:11:57,175,0,25,175
2023-06-17T00:24:19,175,0,25,175
2023-06-17T00:36:38,175,0,25,175
2023-06-17T00:48:58,175,0,25,175
2023-06-17T01:01:17,175,0,25,175
2023-06-17T01:13:37,175,0,25,175
2023-06-17T01:25:56,175,0,25,175
2023-06-17T01:38:15,175,0,25,175
2023-06-17T01:50:35,175,0,25,175
2023-06-17T02:02:53,175,0,24,175
2023-06-17T02:15:24,175,0,24,175
2023-06-17T02:27:43,175,0,24,175
2023-06-17T02:40:01,175,0,24,175
2023-06-17T02:52:18,175,0,24,175
2023-06-17T03:04:34,175,0,24,175
2023-06-17T03:16:52,175,0,24,175
2023-06-17T03:29:09,175,0,24,175
2023-06-17T03:41:27,175,0,24,175
2023-06-17T03:53:45,175,0,24,175
2023-06-17T04:06:04,175,0,24,175
2023-06-17T04:18:26,175,0,24,175
2023-06-17T04:34:55,175,0,24,175
2023-06-17T04:48:30,175,0,24,175
2023-06-17T05:01:08,175,0,24,175
2023-06-17T05:13:25,175,0,24,175
2023-06-17T05:25:41,175,0,24,175
2023-06-17T05:38:00,175,0,24,175
2023-06-17T05:50:35,175,0,24,175
2023-06-17T06:02:57,175,0,24,175
2023-06-17T06:15:15,175,0,24,175
2023-06-17T06:27:34,175,0,24,175
2023-06-17T06:39:52,175,0,24,175
2023-06-17T06:52:11,175,0,24,175
2023-06-17T07:04:30,175,0,24,175
2023-06-17T07:16:49,175,0,24,175
2023-06-17T07:29:08,175,0,24,175
2023-06-17T07:41:39,175,0,24,175
2023-06-17T07:53:56,175,0,24,175
2023-06-17T08:06:16,175,0,24,175
2023-06-17T08:18:34,175,0,24,175
2023-06-17T08:30:53,175,0,24,175
2023-06-17T08:43:11,175,0,24,175
2023-06-17T08:55:30,175,0,24,175
2023-06-17T09:07:48,175,0,24,175
2023-06-17T09:20:08,175,0,24,175
2023-06-17T09:32:26,175,0,24,175
2023-06-17T09:44:44,175,0,24,175
2023-06-17T09:57:14,175,0,24,175
2023-06-17T10:09:33,175,0,24,175
2023-06-17T10:21:50,175,0,24,175
2023-06-17T10:34:09,175,0,24,175
2023-06-17T10:46:27,175,0,24,175
2023-06-17T10:58:46,175,0,24,175
2023-06-17T11:11:04,175,0,24,175
2023-06-17T11:23:23,175,0,24,175
2023-06-17T11:35:40,175,0,24,175
2023-06-17T11:48:08,175,0,24,175
2023-06-17T12:00:25,175,0,24,175
2023-06-17T12:12:43,175,0,24,175
2023-06-17T12:24:57,175,0,24,175
2023-06-17T12:37:13,175,0,24,175
2023-06-17T12:49:27,175,0,24,175
2023-06-17T13:01:43,175,0,24,175
2023-06-17T13:13:58,175,0,24,175
2023-06-17T13:26:14,175,0,24,175
2023-06-17T13:38:49,175,0,24,175
2023-06-17T13:51:05,175,0,24,175
2023-06-17T14:03:21,175,0,24,175
2023-06-17T14:15:36,175,0,24,175
2023-06-17T14:27:52,175,0,24,175
2023-06-17T14:40:07,175,0,24,175
2023-06-17T14:52:23,175,0,24,175
2023-06-17T15:04:38,175,0,24,175
2023-06-17T15:16:53,175,0,24,175
2023-06-17T15:29:09,175,0,24,175
2023-06-17T15:41:34,175,0,24,175
2023-06-17T15:53:49,175,0,24,175
2023-06-17T16:06:04,175,0,24,175
2023-06-17T16:18:19,175,0,24,175
2023-06-17T16:30:34,175,0,24,175
2023-06-17T16:42:49,175,0,24,175
2023-06-17T16:55:04,175,0,24,175
2023-06-17T17:07:20,175,0,24,175
2023-06-17T17:19:36,175,0,24,175
2023-06-17T17:31:51,175,0,24,175
2023-06-17T17:44:07,175,0,24,175
2023-06-17T17:56:22,175,0,24,175
2023-06-17T18:08:47,175,0,24,175
2023-06-17T18:21:03,175,0,24,175
2023-06-17T18:33:18,175,0,24,175
2023-06-17T18:45:34,175,0,25,175
2023-06-17T18:57:49,175,0,25,175
2023-06-17T19:10:05,175,0,25,175
2023-06-17T19:22:21,175,0,25,175
2023-06-17T19:34:36,175,0,25,175
2023-06-17T19:46:51,175,0,25,175
2023-06-17T19:59:07,175,0,25,175
2023-06-17T20:11:22,175,0,25,175
2023-06-17T20:23:37,175,0,25,175
2023-06-17T20:36:03,175,0,25,175
2023-06-17T20:48:18,175,0,25,175
2023-06-17T21:00:34,175,0,25,175
2023-06-17T21:12:49,175,0,25,175
2023-06-17T21:25:04,175,0,25,175
2023-06-17T21:37:20,175,0,25,175
2023-06-17T21:49:36,175,0,25,175
2023-06-17T22:01:51,175,0,25,175
2023-06-17T22:14:06,175,0,25,175
2023-06-17T22:26:22,175,0,25,175
2023-06-17T22:38:37,175,0,25,175
2023-06-17T22:50:53,175,0,25,175
2023-06-17T23:03:20,175,0,25,175
2023-06-17T23:15:37,175,0,25,175
2023-06-17T23:27:53,175,0,25,175
2023-06-17T23:40:09,175,0,25,175
2023-06-17T23:52:25,175,0,25,175
2023-06-18T00:04:42,175,0,25,175
2023-06-18T00:16:59,175,0,25,175
2023-06-18T00:29:16,175,0,25,175
2023-06-18T00:41:32,175,0,25,175
2023-06-18T00:53:51,175,0,25,175
2023-06-18T01:23:14,175,0,25,175
2023-06-18T01:35:34,175,0,25,175
2023-06-18T01:47:53,175,0,25,175
2023-06-18T02:00:13,175,0,25,175
2023-06-18T02:13:03,175,0,25,175
2023-06-18T02:25:37,175,0,25,175
2023-06-18T02:37:56,175,0,25,175
2023-06-18T02:50:15,175,0,25,175
2023-06-18T03:02:35,175,0,25,175
2023-06-18T03:14:56,175,0,25,175
2023-06-18T03:27:15,175,0,25,175
2023-06-18T03:39:44,175,0,25,175
2023-06-18T03:52:02,175,0,25,175
2023-06-18T04:04:21,175,0,25,175
2023-06-18T04:16:38,175,0,25,175
2023-06-18T04:36:06,175,0,25,175
2023-06-18T04:48:26,175,0,25,175
2023-06-18T05:00:48,175,0,25,175
2023-06-18T05:13:07,175,0,25,175
2023-06-18T05:25:26,175,0,25,175
2023-06-18T05:37:45,175,0,25,175
2023-06-18T05:50:04,175,0,25,175
2023-06-18T06:02:22,175,0,25,175
2023-06-18T06:14:41,175,0,25,175
2023-06-18T06:27:00,175,0,25,175
2023-06-18T06:39:18,175,0,25,175
2023-06-18T06:51:35,175,0,25,175
2023-06-18T07:03:55,175,0,25,175
2023-06-18T07:16:14,175,0,25,175
2023-06-18T07:28:31,175,0,25,175
2023-06-18T07:40:47,175,0,25,175
2023-06-18T07:53:04,175,0,25,175
2023-06-18T08:05:24,175,0,25,175
2023-06-18T08:17:40,175,0,25,175
2023-06-18T08:29:56,175,0,25,175
2023-06-18T08:42:12,175,0,25,175
2023-06-18T08:54:40,175,0,25,175
2023-06-18T09:06:55,175,0,25,175
2023-06-18T09:19:11,175,0,25,175
2023-06-18T09:31:26,175,0,25,175
2023-06-18T09:43:41,175,0,25,175
2023-06-18T09:55:56,175,0,25,175
2023-06-18T10:08:15,175,0,25,175
2023-06-18T10:20:33,175,0,25,175
2023-06-18T10:32:50,175,0,25,175
2023-06-18T10:45:05,175,0,25,175
2023-06-18T10:57:22,175,0,25,175
2023-06-18T11:09:40,175,0,25,175
2023-06-18T11:21:59,175,0,25,175
2023-06-18T11:34:27,175,0,25,175
2023-06-18T11:46:44,175,0,25,175
2023-06-18T11:59:00,175,0,25,175
2023-06-18T12:11:15,175,0,25,175
2023-06-18T12:23:30,175,0,25,175
2023-06-18T12:35:45,175,0,25,175
2023-06-18T12:48:00,175,0,25,175
2023-06-18T13:00:15,175,0,25,175
2023-06-18T13:12:46,175,0,25,175
2023-06-18T13:25:01,175,0,25,175
2023-06-18T13:37:16,175,0,25,175
2023-06-18T13:49:32,175,0,25,175
2023-06-18T14:01:47,175,0,25,175
2023-06-18T14:14:02,175,0,25,175
2023-06-18T14:26:17,175,0,25,175
2023-06-18T14:38:31,175,0,25,175
2023-06-18T14:50:46,175,0,25,175
2023-06-18T15:03:11,175,0,25,175
2023-06-18T15:15:26,175,0,25,175
2023-06-18T15:27:41,175,0,25,175
2023-06-18T15:39:56,175,0,25,175
2023-06-18T15:52:12,175,0,25,175
2023-06-18T16:04:27,175,0,25,175
2023-06-18T16:16:43,175,0,25,175
2023-06-18T16:28:58,175,0,25,175
2023-06-18T16:41:24,175,0,25,175
2023-06-18T16:53:39,175,0,25,175
2023-06-18T17:05:54,175,0,25,175
2023-06-18T17:18:10,175,0,25,175
2023-06-18T17:30:25,175,0,25,175
2023-06-18T17:42:40,175,0,25,175
2023-06-18T17:54:55,175,0,25,175
2023-06-18T18:07:10,175,0,25,175
2023-06-18T18:19:25,175,0,25,175
2023-06-18T18:31:51,175,0,25,175
2023-06-18T18:44:06,175,0,25,175
2023-06-18T18:56:21,175,0,25,175
2023-06-18T19:08:38,175,0,25,175
2023-06-18T19:20:54,175,0,25,175
2023-06-18T19:33:09,175,0,25,175
2023-06-18T19:45:24,175,0,25,175
2023-06-18T19:57:38,175,0,25,175
2023-06-18T20:09:53,175,0,25,175
2023-06-18T20:22:20,175,0,25,175
2023-06-18T20:34:35,175,0,25,175
2023-06-18T20:46:49,175,0,25,175
2023-06-18T20:59:04,175,0,25,175
2023-06-18T21:11:19,175,0,25,175
2023-06-18T21:23:35,175,0,25,175
2023-06-18T21:35:51,175,0,25,175
2023-06-18T21:48:07,175,0,25,175
2023-06-18T22:00:22,175,0,25,175
2023-06-18T22:12:48,175,0,25,175
2023-06-18T22:25:03,175,0,25,175
2023-06-18T22:37:18,175,0,25,175
2023-06-18T22:49:33,175,0,25,175
2023-06-18T23:01:49,175,0,25,175
2023-06-18T23:14:06,175,0,25,175
2023-06-18T23:26:22,175,0,25,175
2023-06-18T23:38:58,175,0,25,175
2023-06-18T23:51:14,175,0,25,175
2023-06-19T00:03:32,175,0,25,175
2023-06-19T00:16:00,175,0,25,175
2023-06-19T00:28:29,175,0,25,175
2023-06-19T00:41:00,175,0,25,175
2023-06-19T00:53:25,175,0,25,175
2023-06-19T01:05:46,175,0,25,175
2023-06-19T01:18:08,175,0,25,175
2023-06-19T01:30:27,175,0,25,175
2023-06-19T01:42:58,175,0,25,175
2023-06-19T01:55:17,175,0,25,175
2023-06-19T02:07:46,175,0,25,175
2023-06-19T02:20:05,175,0,25,175
2023-06-19T02:32:23,175,0,25,175
2023-06-19T02:44:40,175,0,25,175
2023-06-19T02:56:56,175,0,25,175
2023-06-19T03:09:15,175,0,25,175
2023-06-19T03:21:34,175,0,25,175
2023-06-19T03:33:52,175,0,25,175
2023-06-19T03:46:09,175,0,25,175
2023-06-19T03:58:48,175,0,25,175
2023-06-19T04:11:07,175,0,25,175
2023-06-19T04:27:36,175,0,25,175
2023-06-19T04:39:57,175,0,25,175
2023-06-19T04:53:58,175,0,25,175
2023-06-19T05:06:20,175,0,25,175
2023-06-19T05:18:38,175,0,25,175
2023-06-19T05:30:58,175,0,25,175
2023-06-19T05:43:17,175,0,25,175
2023-06-19T05:55:39,175,0,25,175
2023-06-19T06:07:58,175,0,25,175
2023-06-19T06:20:17,175,0,25,175
2023-06-19T06:32:37,175,0,25,175
2023-06-19T06:44:55,175,0,25,175
2023-06-19T06:57:14,175,0,25,175
2023-06-19T07:09:33,175,0,25,175
2023-06-19T07:21:50,175,0,25,175
2023-06-19T07:34:06,175,0,25,175
2023-06-19T07:46:21,175,0,25,175
2023-06-19T07:58:36,175,0,25,175
2023-06-19T08:11:03,175,0,25,175
2023-06-19T08:23:19,175,0,25,175
2023-06-19T08:35:36,175,0,25,175
2023-06-19T08:47:51,175,0,25,175
2023-06-19T09:00:06,175,0,25,175
2023-06-19T09:12:21,175,0,25,175
2023-06-19T09:24:38,175,0,25,175
2023-06-19T09:36:54,175,0,25,175
2023-06-19T09:49:10,175,0,25,175
2023-06-19T10:01:34,175,0,25,175
2023-06-19T10:13:50,175,0,25,175
2023-06-19T10:26:06,175,0,25,175
2023-06-19T10:38:24,175,0,25,175
2023-06-19T10:50:40,175,0,25,175
2023-06-19T11:02:55,175,0,25,175
2023-06-19T11:15:21,175,0,25,175
2023-06-19T11:27:37,175,0,25,175
2023-06-19T11:39:52,175,0,25,175
2023-06-19T11:52:08,175,0,25,175
2023-06-19T12:04:24,175,0,25,175
2023-06-19T12:16:40,175,0,25,175
2023-06-19T12:28:55,175,0,25,175
2023-06-19T12:41:21,175,0,25,175
2023-06-19T12:53:37,175,0,25,175
2023-06-19T13:05:52,175,0,25,175
2023-06-19T13:18:09,175,0,25,175
2023-06-19T13:30:24,175,0,25,175
2023-06-19T13:42:40,175,0,25,175
2023-06-19T13:55:07,175,0,25,175
2023-06-19T14:07:23,175,0,25,175
2023-06-19T14:19:40,175,0,25,175
2023-06-19T14:31:56,175,0,25,175
2023-06-19T14:44:11,175,0,25,175
2023-06-19T14:56:29,175,0,25,175
2023-06-19T15:08:56,175,0,25,175
2023-06-19T15:21:11,175,0,25,175
2023-06-19T15:33:26,175,0,25,175
2023-06-19T15:45:43,175,0,25,175
2023-06-19T15:57:58,175,0,25,175
2023-06-19T16:10:13,175,0,25,175
2023-06-19T16:22:29,175,0,25,175
2023-06-19T16:34:54,175,0,25,175
2023-06-19T16:47:10,175,0,25,175
2023-06-19T16:59:27,175,0,25,175
2023-06-19T17:11:44,175,0,25,175
2023-06-19T17:24:00,175,0,25,175
2023-06-19T17:36:16,175,0,25,175
2023-06-19T17:48:32,175,0,25,175
2023-06-19T18:00:47,175,0,25,175
2023-06-19T18:13:14,175,0,25,175
2023-06-19T18:25:29,175,0,25,175
2023-06-19T18:37:46,175,0,25,175
2023-06-19T18:50:01,175,0,25,175
2023-06-19T19:02:18,175,0,25,175
2023-06-19T19:14:35,175,0,25,175
2023-06-19T19:26:53,175,0,25,175
2023-06-19T19:39:19,175,0,25,175
2023-06-19T19:51:35,175,0,25,175
2023-06-19T20:03:51,175,0,25,175
2023-06-19T20:16:06,175,0,25,175
2023-06-19T20:28:22,175,0,25,175
2023-06-19T20:40:37,175,0,25,175
2023-06-19T20:52:53,175,0,25,175
2023-06-19T21:05:19,175,0,25,175
2023-06-19T21:17:34,175,0,25,175
2023-06-19T21:29:51,175,0,25,175
2023-06-19T21:42:07,175,0,25,175
2023-06-19T21:54:24,175,0,25,175
2023-06-19T22:06:39,175,0,25,175
2023-06-19T22:19:06,175,0,25,175
2023-06-19T22:31:22,175,0,25,175
2023-06-19T22:43:37,175,0,25,175
2023-06-19T22:55:53,175,0,25,175
2023-06-19T23:08:10,175,0,25,175
2023-06-19T23:20:26,175,0,25,175
2023-06-19T23:32:54,175,0,25,175
2023-06-19T23:45:10,175,0,25,175
2023-06-19T23:57:27,175,0,25,175
2023-06-20T00:09:44,175,0,25,175
2023-06-20T00:22:06,175,0,25,175
2023-06-20T00:34:23,175,0,25,175
2023-06-20T00:46:42,175,0,25,175
2023-06-20T00:59:12,175,0,25,175
2023-06-20T01:11:32,175,0,25,175
2023-06-20T01:23:52,175,0,25,175
2023-06-20T01:36:12,175,0,25,175
2023-06-20T01:48:30,175,0,25,175
2023-06-20T02:00:49,175,0,25,175
2023-06-20T02:13:36,175,0,25,175
2023-06-20T02:25:54,175,0,25,175
2023-06-20T02:38:12,175,0,25,175
2023-06-20T02:50:29,175,0,25,175
2023-06-20T03:02:46,175,0,25,175
2023-06-20T03:15:04,175,0,25,175
2023-06-20T03:27:23,175,0,25,175
2023-06-20T03:39:41,175,0,25,175
2023-06-20T03:52:11,175,0,25,175
2023-06-20T04:04:28,175,0,25,175
2023-06-20T04:34:28,175,0,25,175
2023-06-20T04:46:49,175,0,25,175
2023-06-20T04:59:10,175,0,25,175
2023-06-20T05:11:32,175,0,25,175
2023-06-20T05:23:50,175,0,25,175
2023-06-20T05:36:09,175,0,25,175
2023-06-20T05:48:29,175,0,25,175
2023-06-20T06:00:47,175,0,25,175
2023-06-20T06:13:08,175,0,25,175
2023-06-20T06:25:26,175,0,25,175
2023-06-20T06:37:45,175,0,25,175
2023-06-20T06:50:03,175,0,25,175
2023-06-20T07:02:22,175,0,25,175
2023-06-20T07:14:40,175,0,25,175
2023-06-20T07:26:56,175,0,25,175
2023-06-20T07:39:22,175,0,25,175
2023-06-20T07:51:38,175,0,25,175
2023-06-20T08:03:53,175,0,25,175
2023-06-20T08:16:10,175,0,25,175
2023-06-20T08:28:27,175,0,25,175
2023-06-20T08:40:44,175,0,25,175
2023-06-20T08:53:02,175,0,25,175
2023-06-20T09:05:20,175,0,25,175
2023-06-20T09:17:46,175,0,25,175
2023-06-20T09:30:03,175,0,25,175
2023-06-20T09:42:19,175,0,25,175
2023-06-20T09:54:34,175,0,25,175
2023-06-20T10:06:51,175,0,25,175
2023-06-20T10:19:07,175,0,25,175
2023-06-20T10:31:35,175,0,25,175
2023-06-20T10:43:52,175,0,25,175
2023-06-20T10:56:08,175,0,25,175
2023-06-20T11:08:25,175,0,25,175
2023-06-20T11:20:40,175,0,25,175
2023-06-20T11:33:09,175,0,25,175
2023-06-20T11:45:24,175,0,25,175
2023-06-20T11:57:41,175,0,25,175
2023-06-20T12:09:59,175,0,25,175
2023-06-20T12:22:15,175,0,25,175
2023-06-20T12:34:42,175,0,25,175
2023-06-20T12:46:59,175,0,25,175
2023-06-20T12:59:15,175,0,25,175
2023-06-20T13:11:31,175,0,25,175
2023-06-20T13:23:48,175,0,25,175
2023-06-20T13:36:14,175,0,25,175
2023-06-20T13:48:30,175,0,25,175
2023-06-20T14:00:46,175,0,25,175
2023-06-20T14:13:02,175,0,25,175
2023-06-20T14:25:19,175,0,25,175
2023-06-20T14:37:46,175,0,25,175
2023-06-20T14:50:02,175,0,25,175
2023-06-20T15:02:19,175,0,25,175
2023-06-20T15:14:35,175,0,25,175
2023-06-20T15:27:05,175,0,25,175
2023-06-20T15:39:21,175,0,25,175
2023-06-20T15:51:38,175,0,25,175
2023-06-20T16:03:55,175,0,25,175
2023-06-20T16:16:11,175,0,25,175
2023-06-20T16:28:30,175,0,25,175
2023-06-20T16:40:57,175,0,25,175
2023-06-20T16:53:13,175,0,25,175
2023-06-20T17:05:30,175,0,25,175
2023-06-20T17:17:48,175,0,25,175
2023-06-20T17:30:04,175,0,25,175
2023-06-20T17:42:32,175,0,25,175
2023-06-20T17:54:48,175,0,25,175
2023-06-20T18:07:05,175,0,25,175
2023-06-20T18:19:22,175,0,25,175
2023-06-20T18:31:40,175,0,25,175
2023-06-20T18:44:10,175,0,25,175
2023-06-20T18:56:26,175,0,25,175
2023-06-20T19:08:43,175,0,25,175
2023-06-20T19:21:00,175,0,25,175
2023-06-20T19:33:17,175,0,25,175
2023-06-20T19:45:46,175,0,25,175
2023-06-20T19:58:03,175,0,25,175
2023-06-20T20:10:20,175,0,25,175
2023-06-20T20:22:37,175,0,25,175
2023-06-20T20:34:54,175,0,25,175
2023-06-20T20:47:25,175,0,25,175
2023-06-20T20:59:42,175,0,25,175
2023-06-20T21:11:58,175,0,25,175
2023-06-20T21:24:15,175,0,25,175
2023-06-20T21:36:31,175,0,25,175
2023-06-20T21:48:59,175,0,25,175
2023-06-20T22:01:16,175,0,25,175
2023-06-20T22:13:33,175,0,25,175
2023-06-20T22:25:49,175,0,25,175
2023-06-20T22:38:07,175,0,25,175
2023-06-20T22:50:35,175,0,25,175
2023-06-20T23:02:53,175,0,25,175
2023-06-20T23:15:11,175,0,25,175
2023-06-20T23:27:28,175,0,25,175
2023-06-20T23:39:45,175,0,25,175
2023-06-20T23:52:02,175,0,25,175
2023-06-21T00:04:33,175,0,25,175
2023-06-21T00:17:02,175,0,25,175
2023-06-21T00:29:24,175,0,25,175
2023-06-21T00:41:46,175,0,25,175
2023-06-21T00:54:06,175,0,25,175
2023-06-21T01:06:28,175,0,25,175
2023-06-21T01:18:50,175,0,25,175
2023-06-21T01:31:22,175,0,25,175
2023-06-21T01:43:43,175,0,25,175
2023-06-21T01:56:06,175,0,25,175
2023-06-21T02:08:28,175,0,25,175
2023-06-21T02:20:48,175,0,25,175
2023-06-21T02:33:08,175,0,25,175
2023-06-21T02:45:25,175,0,25,175
2023-06-21T02:57:42,175,0,25,175
2023-06-21T03:09:59,175,0,25,175
2023-06-21T03:22:30,175,0,25,175
2023-06-21T03:34:49,175,0,25,175
2023-06-21T03:47:07,175,0,25,175
2023-06-21T03:59:25,175,0,25,175
2023-06-21T04:24:35,175,0,25,175
2023-06-21T04:38:29,175,0,25,175
2023-06-21T04:51:08,175,0,25,175
2023-06-21T05:03:28,175,0,25,175
2023-06-21T05:15:47,175,0,25,175
2023-06-21T05:28:05,175,0,25,175
2023-06-21T05:40:23,175,0,25,175
2023-06-21T05:52:40,175,0,25,175
2023-06-21T06:04:58,175,0,25,175
2023-06-21T06:17:14,175,0,25,175
2023-06-21T06:29:31,175,0,25,175
2023-06-21T06:41:53,175,0,25,175
2023-06-21T06:54:30,175,0,25,175
2023-06-21T07:06:50,175,0,25,175
2023-06-21T07:19:09,175,0,25,175
2023-06-21T07:31:27,175,0,25,175
2023-06-21T07:43:44,175,0,25,175
2023-06-21T07:56:03,175,0,25,175
2023-06-21T08:08:23,175,0,25,175
2023-06-21T08:20:55,175,0,25,175
2023-06-21T08:33:15,175,0,25,175
2023-06-21T08:45:33,175,0,25,175
2023-06-21T08:57:52,175,0,25,175
2023-06-21T09:10:11,175,0,25,175
2023-06-21T09:22:42,175,0,25,175
2023-06-21T09:35:02,175,0,25,175
2023-06-21T09:47:21,175,0,25,175
2023-06-21T09:59:42,175,0,25,175
2023-06-21T10:12:15,175,0,25,175
2023-06-21T10:24:35,175,0,25,175
2023-06-21T10:36:55,175,0,25,175
2023-06-21T10:49:15,175,0,25,175
2023-06-21T11:01:51,175,0,25,175
2023-06-21T11:14:12,175,0,25,175
2023-06-21T11:26:36,175,0,25,175
2023-06-21T11:38:56,175,0,25,175
2023-06-21T11:51:29,175,0,25,175
2023-06-21T12:03:49,175,0,25,175
2023-06-21T12:16:08,175,0,25,175
2023-06-21T12:28:38,175,0,25,175
2023-06-21T12:40:55,175,0,25,175
2023-06-21T12:53:13,175,0,25,175
2023-06-21T13:05:31,175,0,25,175
2023-06-21T13:17:59,175,0,25,175
2023-06-21T13:30:17,175,0,25,175
2023-06-21T13:42:36,175,0,25,175
2023-06-21T13:54:55,175,0,25,175
2023-06-21T14:07:23,175,0,25,175
2023-06-21T14:19:41,175,0,25,175
2023-06-21T14:32:00,175,0,25,175
2023-06-21T14:44:18,175,0,25,175
2023-06-21T14:56:36,175,0,25,175
2023-06-21T15:09:09,175,0,25,175
2023-06-21T15:21:28,175,0,25,175
2023-06-21T15:33:47,175,0,25,175
2023-06-21T15:46:06,175,0,25,175
2023-06-21T15:58:37,175,0,25,175
2023-06-21T16:10:56,175,0,25,175
2023-06-21T16:23:15,175,0,25,175
2023-06-21T16:35:35,175,0,25,175
2023-06-21T16:48:05,175,0,25,175
2023-06-21T17:00:24,175,0,25,175
2023-06-21T17:12:45,175,0,25,175
2023-06-21T17:25:05,175,0,25,175
2023-06-21T17:37:24,175,0,25,175
2023-06-21T17:49:56,175,0,25,175
2023-06-21T18:02:15,175,0,25,175
2023-06-21T18:14:34,175,0,25,175
2023-06-21T18:26:57,175,0,25,175
2023-06-21T18:39:27,175,0,25,175
2023-06-21T18:51:46,175,0,25,175
2023-06-21T19:04:06,175,0,25,175
2023-06-21T19:16:25,175,0,25,175
2023-06-21T19:28:44,175,0,25,175
2023-06-21T19:41:02,175,0,25,175
2023-06-21T19:53:32,175,0,25,175
2023-06-21T20:05:52,175,0,25,175
2023-06-21T20:18:10,175,0,25,175
2023-06-21T20:30:30,175,0,25,175
2023-06-21T20:42:49,175,0,25,175
2023-06-21T20:55:23,175,0,25,175
2023-06-21T21:07:42,175,0,25,175
2023-06-21T21:20:03,175,0,25,175
2023-06-21T21:32:22,175,0,25,175
2023-06-21T21:44:42,175,0,25,175
2023-06-21T21:57:12,175,0,25,175
2023-06-21T22:09:32,175,0,25,175
2023-06-21T22:21:52,175,0,25,175
2023-06-21T22:34:11,175,0,25,175
2023-06-21T22:46:30,175,0,25,175
2023-06-21T22:59:01,175,0,25,175
2023-06-21T23:11:25,175,0,26,175
2023-06-21T23:23:45,175,0,26,175
2023-06-21T23:36:05,175,0,26,175
2023-06-21T23:48:24,175,0,26,175
2023-06-22T00:00:43,175,0,26,175
2023-06-22T00:13:21,175,0,26,175
2023-06-22T00:25:46,175,0,26,175
2023-06-22T00:38:08,175,0,26,175
2023-06-22T00:50:31,175,0,26,175
2023-06-22T01:02:54,175,0,26,175
2023-06-22T01:15:18,175,0,26,175
2023-06-22T01:27:54,175,0,26,175
2023-06-22T01:40:16,175,0,26,175
2023-06-22T01:52:40,175,0,26,175
2023-06-22T02:05:03,175,0,26,175
2023-06-22T02:17:23,175,0,26,175
2023-06-22T02:29:43,175,0,26,175
2023-06-22T02:42:05,175,0,26,175
2023-06-22T02:54:38,175,0,26,175
2023-06-22T03:06:59,175,0,26,175
2023-06-22T03:19:21,175,0,26,175
2023-06-22T03:31:44,175,0,26,175
2023-06-22T03:44:05,175,0,26,175
2023-06-22T03:56:27,175,0,26,175
2023-06-22T04:08:48,175,0,26,175
2023-06-22T04:34:22,175,0,26,175
2023-06-22T04:46:47,175,0,26,175
2023-06-22T04:59:10,175,0,26,175
2023-06-22T05:11:31,175,0,26,175
2023-06-22T05:23:51,175,0,26,175
2023-06-22T05:36:10,175,0,26,175
2023-06-22T05:48:33,175,0,26,175
2023-06-22T06:00:55,175,0,26,175
2023-06-22T06:13:20,175,0,26,175
2023-06-22T06:25:42,175,0,26,175
2023-06-22T06:38:04,175,0,26,175
2023-06-22T06:50:25,175,0,26,175
2023-06-22T07:02:48,175,0,26,175
2023-06-22T07:15:21,175,0,26,175
2023-06-22T07:27:42,175,0,26,175
2023-06-22T07:40:03,175,0,26,175
2023-06-22T07:52:24,175,0,26,175
2023-06-22T08:04:44,175,0,26,175
2023-06-22T08:17:04,175,0,26,175
2023-06-22T08:29:25,175,0,26,175
2023-06-22T08:41:55,175,0,26,175
2023-06-22T08:54:15,175,0,26,175
2023-06-22T09:06:34,175,0,26,175
2023-06-22T09:18:54,175,0,26,175
2023-06-22T09:31:17,175,0,26,175
2023-06-22T09:43:48,175,0,26,175
2023-06-22T09:56:09,175,0,26,175
2023-06-22T10:08:29,175,0,26,175
2023-06-22T10:20:49,175,0,26,175
2023-06-22T10:33:10,175,0,26,175
2023-06-22T10:45:43,175,0,26,175
2023-06-22T10:58:04,175,0,26,175
2023-06-22T11:10:25,175,0,26,175
2023-06-22T11:22:45,175,0,26,175
2023-06-22T11:35:05,175,0,26,175
2023-06-22T11:47:37,175,0,26,175
2023-06-22T11:59:56,175,0,26,175
2023-06-22T12:12:16,175,0,26,175
2023-06-22T12:24:35,175,0,26,175
2023-06-22T12:37:06,175,0,26,175
2023-06-22T12:49:25,175,0,26,175
2023-06-22T13:01:45,175,0,26,175
2023-06-22T13:14:05,175,0,26,175
2023-06-22T13:26:25,175,0,26,175
2023-06-22T13:39:02,175,0,27,175
2023-06-22T13:51:22,175,0,27,175
2023-06-22T14:03:41,175,0,27,175
2023-06-22T14:16:13,175,0,27,175
2023-06-22T14:28:32,175,0,27,175
2023-06-22T14:40:53,175,0,27,175
2023-06-22T14:53:13,175,0,27,175
2023-06-22T15:05:32,175,0,27,175
2023-06-22T15:18:06,175,0,27,175
2023-06-22T15:30:25,175,0,27,175
2023-06-22T15:42:45,175,0,27,175
2023-06-22T15:55:04,175,0,27,175
2023-06-22T16:07:24,175,0,27,175
2023-06-22T16:19:43,175,0,27,175
2023-06-22T16:32:14,175,0,27,175
2023-06-22T16:44:33,175,0,27,175
2023-06-22T16:56:52,175,0,27,175
2023-06-22T17:09:12,175,0,27,175
2023-06-22T17:21:32,175,0,27,175
2023-06-22T17:33:51,175,0,27,175
2023-06-22T17:46:22,175,0,27,175
2023-06-22T17:58:41,175,0,27,175
2023-06-22T18:11:01,175,0,27,175
2023-06-22T18:23:22,175,0,27,175
2023-06-22T18:35:41,175,0,27,175
2023-06-22T18:48:16,175,0,27,175
2023-06-22T19:00:35,175,0,27,175
2023-06-22T19:12:54,175,0,27,175
2023-06-22T19:25:13,175,0,27,175
2023-06-22T19:37:32,175,0,27,175
2023-06-22T19:49:51,175,0,27,175
2023-06-22T20:02:11,175,0,27,175
2023-06-22T20:14:42,175,0,27,175
2023-06-22T20:27:01,175,0,27,175
2023-06-22T20:39:20,175,0,27,175
2023-06-22T20:51:39,175,0,27,175
2023-06-22T21:03:58,175,0,27,175
2023-06-22T21:16:18,175,0,27,175
2023-06-22T21:28:37,175,0,27,175
2023-06-22T21:40:56,175,0,27,175
2023-06-22T21:53:27,175,0,27,175
2023-06-22T22:05:46,175,0,27,175
2023-06-22T22:18:05,175,0,27,175
2023-06-22T22:30:25,175,0,27,175
2023-06-22T22:42:44,175,0,27,175
2023-06-22T22:55:03,175,0,27,175
2023-06-22T23:07:24,175,0,27,175
2023-06-22T23:19:57,175,0,27,175
2023-06-22T23:32:17,175,0,27,175
2023-06-22T23:44:37,175,0,27,175
2023-06-22T23:56:57,175,0,27,175
2023-06-23T00:09:18,175,0,27,175
2023-06-23T00:21:39,175,0,27,175
2023-06-23T00:34:14,175,0,27,175
2023-06-23T00:46:36,175,0,27,175
2023-06-23T00:58:59,175,0,27,175
2023-06-23T01:11:23,175,0,27,175
2023-06-23T01:23:46,175,0,27,175
2023-06-23T01:36:24,175,0,27,175
2023-06-23T01:48:49,175,0,27,175
2023-06-23T02:01:12,175,0,27,175
2023-06-23T02:13:34,175,0,27,175
2023-06-23T02:25:55,175,0,27,175
2023-06-23T02:38:18,175,0,27,175
2023-06-23T02:50:38,175,0,27,175
2023-06-23T03:02:57,175,0,27,175
2023-06-23T03:15:16,175,0,27,175
2023-06-23T03:27:48,175,0,27,175
2023-06-23T03:40:06,175,0,27,175
2023-06-23T03:52:24,175,0,27,175
2023-06-23T04:04:43,175,0,27,175
2023-06-23T04:23:29,175,0,27,175
2023-06-23T04:35:52,175,0,27,175
2023-06-23T04:48:11,175,0,27,175
2023-06-23T05:00:35,175,0,27,175
2023-06-23T05:12:58,175,0,27,175
2023-06-23T05:25:34,175,0,27,175
2023-06-23T05:37:58,175,0,27,175
2023-06-23T05:50:21,175,0,27,175
2023-06-23T06:02:44,175,0,27,175
2023-06-23T06:15:06,175,0,27,175
2023-06-23T06:27:38,175,0,27,175
2023-06-23T06:40:01,175,0,27,175
2023-06-23T06:52:23,175,0,27,175
2023-06-23T07:04:46,175,0,27,175
2023-06-23T07:17:09,175,0,27,175
2023-06-23T07:29:31,175,0,27,175
2023-06-23T07:41:52,175,0,27,175
2023-06-23T07:54:14,175,0,27,175
2023-06-23T08:06:36,175,0,27,175
2023-06-23T08:18:57,175,0,27,175
2023-06-23T08:31:19,175,0,27,175
2023-06-23T08:43:40,175,0,27,175
2023-06-23T08:56:11,175,0,27,175
2023-06-23T09:08:31,175,0,27,175
2023-06-23T09:20:50,175,0,27,175
2023-06-23T09:33:10,175,0,27,175
2023-06-23T09:45:29,175,0,27,175
2023-06-23T09:57:49,175,0,27,175
2023-06-23T10:10:08,175,0,27,175
2023-06-23T10:22:28,175,0,27,175
2023-06-23T10:34:47,175,0,27,175
2023-06-23T10:47:17,175,0,27,175
2023-06-23T10:59:37,175,0,27,175
2023-06-23T11:11:57,175,0,27,175
2023-06-23T11:24:16,175,0,27,175
2023-06-23T11:36:36,175,0,27,175
2023-06-23T11:48:56,175,0,27,175
2023-06-23T12:01:25,175,0,27,175
2023-06-23T12:13:44,175,0,27,175
2023-06-23T12:26:04,175,0,27,175
2023-06-23T12:38:24,175,0,27,175
2023-06-23T12:50:43,175,0,27,175
2023-06-23T13:03:14,175,0,27,175
2023-06-23T13:15:34,175,0,27,175
2023-06-23T13:27:54,175,0,27,175
2023-06-23T13:40:14,175,0,27,175
2023-06-23T13:52:34,175,0,27,175
2023-06-23T14:04:54,175,0,27,175
2023-06-23T14:17:14,175,0,27,175
2023-06-23T14:29:48,175,0,27,175
2023-06-23T14:42:08,175,0,27,175
2023-06-23T14:54:28,175,0,27,175
2023-06-23T15:06:47,175,0,27,175
2023-06-23T15:19:06,175,0,27,175
2023-06-23T15:31:26,175,0,27,175
2023-06-23T15:43:58,175,0,27,175
2023-06-23T15:56:18,175,0,27,175
2023-06-23T16:08:38,175,0,27,175
2023-06-23T16:20:58,175,0,27,175
2023-06-23T16:33:18,175,0,27,175
2023-06-23T16:45:37,175,0,27,175
2023-06-23T16:57:56,175,0,27,175
2023-06-23T17:10:28,175,0,27,175
2023-06-23T17:22:48,175,0,27,175
2023-06-23T17:35:07,175,0,27,175
2023-06-23T17:47:27,175,0,27,175
2023-06-23T17:59:46,175,0,27,175
2023-06-23T18:12:06,175,0,27,175
2023-06-23T18:24:35,175,0,27,175
2023-06-23T18:36:55,175,0,27,175
2023-06-23T18:49:14,175,0,27,175
2023-06-23T19:01:34,175,0,27,175
2023-06-23T19:13:55,175,0,27,175
2023-06-23T19:26:14,175,0,27,175
2023-06-23T19:38:44,175,0,27,175
2023-06-23T19:51:04,175,0,27,175
2023-06-23T20:03:24,175,0,27,175
2023-06-23T20:15:44,175,0,27,175
2023-06-23T20:28:03,175,0,27,175
2023-06-23T20:40:23,175,0,27,175
2023-06-23T20:52:53,175,0,27,175
2023-06-23T21:05:13,175,0,27,175
2023-06-23T21:17:33,175,0,27,175
2023-06-23T21:29:52,175,0,27,175
2023-06-23T21:42:13,175,0,27,175
2023-06-23T21:54:32,175,0,27,175
2023-06-23T22:06:52,175,0,27,175
2023-06-23T22:19:24,175,0,27,175
2023-06-23T22:31:45,175,0,27,175
2023-06-23T22:44:04,175,0,27,175
2023-06-23T22:56:24,175,0,27,175
2023-06-23T23:08:45,175,0,27,175
2023-06-23T23:21:05,175,0,27,175
2023-06-23T23:33:26,175,0,27,175
2023-06-23T23:45:58,175,0,27,175
2023-06-23T23:58:19,175,0,27,175
2023-06-24T00:10:41,175,0,27,175
2023-06-24T00:23:07,175,0,27,175
2023-06-24T00:35:31,175,0,27,175
2023-06-24T00:47:54,175,0,27,175
2023-06-24T01:00:18,175,0,27,175
2023-06-24T01:12:42,175,0,27,175
2023-06-24T01:25:06,175,0,27,175
2023-06-24T01:37:33,175,0,27,175
2023-06-24T01:50:08,175,0,27,175
2023-06-24T02:02:31,175,0,27,175
2023-06-24T02:14:55,175,0,27,175
2023-06-24T02:27:18,175,0,27,175
2023-06-24T02:39:40,175,0,27,175
2023-06-24T02:52:00,175,0,27,175
2023-06-24T03:04:20,175,0,27,175
2023-06-24T03:16:42,175,0,27,175
2023-06-24T03:29:04,175,0,27,175
2023-06-24T03:41:26,175,0,27,175
2023-06-24T03:53:47,175,0,27,175
2023-06-24T04:06:09,175,0,27,175
2023-06-24T04:26:22,175,0,27,175
2023-06-24T04:38:46,175,0,27,175
2023-06-24T04:51:10,175,0,27,175
2023-06-24T05:03:34,175,0,27,175
2023-06-24T05:15:56,175,0,27,175
2023-06-24T05:28:25,175,0,27,175
2023-06-24T05:40:48,175,0,27,175
2023-06-24T05:53:11,175,0,27,175
2023-06-24T06:05:34,175,0,27,175
2023-06-24T06:17:56,175,0,27,175
2023-06-24T06:30:19,175,0,27,175
2023-06-24T06:42:41,175,0,27,175
2023-06-24T06:55:03,175,0,27,175
2023-06-24T07:07:25,175,0,27,175
2023-06-24T07:19:58,175,0,27,175
2023-06-24T07:32:21,175,0,27,175
2023-06-24T07:44:43,175,0,27,175
2023-06-24T07:57:05,175,0,27,175
2023-06-24T08:09:28,175,0,27,175
2023-06-24T08:21:50,175,0,27,175
2023-06-24T08:34:12,175,0,27,175
2023-06-24T08:46:34,175,0,27,175
2023-06-24T08:58:55,175,0,27,175
2023-06-24T09:11:27,175,0,27,175
2023-06-24T09:23:49,175,0,27,175
2023-06-24T09:36:11,175,0,27,175
2023-06-24T09:48:34,175,0,27,175
2023-06-24T10:00:56,175,0,27,175
2023-06-24T10:13:19,175,0,27,175
2023-06-24T10:25:41,175,0,27,175
2023-06-24T10:38:03,175,0,27,175
2023-06-24T10:50:27,175,0,27,175
2023-06-24T11:02:49,175,0,27,175
2023-06-24T11:15:21,175,0,27,175
2023-06-24T11:27:42,175,0,27,175
2023-06-24T11:40:03,175,0,27,175
2023-06-24T11:52:25,175,0,27,175
2023-06-24T12:04:46,175,0,27,175
2023-06-24T12:17:07,175,0,27,175
2023-06-24T12:29:27,175,0,27,175
2023-06-24T12:41:46,175,0,27,175
2023-06-24T12:54:06,175,0,27,175
2023-06-24T13:06:25,175,0,27,175
2023-06-24T13:18:56,175,0,27,175
2023-06-24T13:31:15,175,0,27,175
2023-06-24T13:43:34,175,0,27,175
2023-06-24T13:55:53,175,0,27,175
2023-06-24T14:08:12,175,0,27,175
2023-06-24T14:20:30,175,0,27,175
2023-06-24T14:32:50,175,0,27,175
2023-06-24T14:45:08,175,0,27,175
2023-06-24T14:57:28,175,0,27,175
2023-06-24T15:09:56,175,0,27,175
2023-06-24T15:22:15,175,0,27,175
2023-06-24T15:34:34,175,0,27,175
2023-06-24T15:46:53,175,0,27,175
2023-06-24T15:59:12,175,0,27,175
2023-06-24T16:11:31,175,0,27,175
2023-06-24T16:23:50,175,0,27,175
2023-06-24T16:36:09,175,0,27,175
2023-06-24T16:48:38,175,0,27,175
2023-06-24T17:00:57,175,0,27,175
2023-06-24T17:13:18,175,0,27,175
2023-06-24T17:25:37,175,0,27,175
2023-06-24T17:37:57,175,0,27,175
2023-06-24T17:50:16,175,0,27,175
2023-06-24T18:02:37,175,0,27,175
2023-06-24T18:14:56,175,0,27,175
2023-06-24T18:27:15,175,0,27,175
2023-06-24T18:39:46,175,0,27,175
2023-06-24T18:52:06,175,0,27,175
2023-06-24T19:04:25,175,0,27,175
2023-06-24T19:16:45,175,0,27,175
2023-06-24T19:29:04,175,0,27,175
2023-06-24T19:41:24,175,0,27,175
2023-06-24T19:53:44,175,0,27,175
2023-06-24T20:06:03,175,0,27,175
2023-06-24T20:18:33,175,0,27,175
2023-06-24T20:30:52,175,0,27,175
2023-06-24T20:43:11,175,0,27,175
2023-06-24T20:55:31,175,0,27,175
2023-06-24T21:07:50,175,0,27,175
2023-06-24T21:20:09,175,0,27,175
2023-06-24T21:32:28,175,0,27,175
2023-06-24T21:44:47,175,0,27,175
2023-06-24T21:57:18,175,0,27,175
2023-06-24T22:09:38,175,0,27,175
2023-06-24T22:21:57,175,0,27,175
2023-06-24T22:34:17,175,0,27,175
2023-06-24T22:46:36,175,0,27,175
2023-06-24T22:58:55,175,0,27,175
2023-06-24T23:11:16,175,0,27,175
2023-06-24T23:23:36,175,0,27,175
2023-06-24T23:35:56,175,0,27,175
2023-06-24T23:48:27,175,0,27,175
2023-06-25T00:00:47,175,0,27,175
2023-06-25T00:13:10,175,0,27,175
2023-06-25T00:25:35,175,0,27,175
2023-06-25T00:37:58,175,0,27,175
2023-06-25T00:50:22,175,0,27,175
2023-06-25T01:02:45,175,0,27,175
2023-06-25T01:15:07,175,0,27,175
2023-06-25T01:27:40,175,0,27,175
2023-06-25T01:40:04,175,0,27,175
2023-06-25T01:52:26,175,0,27,175
2023-06-25T02:04:50,175,0,27,175
2023-06-25T02:17:20,175,0,27,175
2023-06-25T02:29:43,175,0,27,175
2023-06-25T02:42:07,175,0,27,175
2023-06-25T02:54:29,175,0,27,175
2023-06-25T03:06:50,175,0,27,175
2023-06-25T03:19:13,175,0,27,175
2023-06-25T03:31:36,175,0,27,175
2023-06-25T03:44:10,175,0,27,175
2023-06-25T03:56:32,175,0,27,175
2023-06-25T04:08:56,175,0,27,175
2023-06-25T04:26:34,175,0,27,175
2023-06-25T04:38:59,175,0,27,175
2023-06-25T04:53:08,175,0,27,175
2023-06-25T05:05:32,175,0,27,175
2023-06-25T05:17:54,175,0,27,175
2023-06-25T05:30:17,175,0,27,175
2023-06-25T05:42:40,175,0,27,175
2023-06-25T05:55:03,175,0,27,175
2023-06-25T06:07:25,175,0,27,175
2023-06-25T06:19:48,175,0,27,175
2023-06-25T06:32:10,175,0,27,175
2023-06-25T06:44:33,175,0,27,175
2023-06-25T06:57:02,175,0,27,175
2023-06-25T07:09:23,175,0,27,175
2023-06-25T07:21:44,175,0,27,175
2023-06-25T07:34:03,175,0,27,175
2023-06-25T07:46:23,175,0,27,175
2023-06-25T07:58:42,175,0,27,175
2023-06-25T08:11:02,175,0,27,175
2023-06-25T08:23:22,175,0,27,175
2023-06-25T08:35:43,175,0,27,175
2023-06-25T08:48:11,175,0,27,175
2023-06-25T09:00:31,175,0,27,175
2023-06-25T09:12:51,175,0,27,175
2023-06-25T09:25:10,175,0,27,175
2023-06-25T09:37:30,175,0,27,175
2023-06-25T09:49:51,175,0,27,175
2023-06-25T10:02:10,175,0,27,175
2023-06-25T10:14:30,175,0,27,175
2023-06-25T10:26:49,175,0,27,175
2023-06-25T10:39:20,175,0,27,175
2023-06-25T10:51:40,175,0,27,175
2023-06-25T11:04:04,175,0,27,175
2023-06-25T11:16:24,175,0,27,175
2023-06-25T11:28:43,175,0,27,175
2023-06-25T11:41:04,175,0,27,175
2023-06-25T11:53:26,175,0,27,175
2023-06-25T12:05:46,175,0,27,175
2023-06-25T12:18:09,175,0,27,175
2023-06-25T12:30:32,175,0,27,175
2023-06-25T12:43:03,175,0,27,175
2023-06-25T12:55:23,175,0,27,175
2023-06-25T13:07:43,175,0,27,175
2023-06-25T13:20:02,175,0,27,175
2023-06-25T13:32:22,175,0,27,175
2023-06-25T13:44:41,175,0,27,175
2023-06-25T13:57:01,175,0,27,175
2023-06-25T14:09:30,175,0,27,175
2023-06-25T14:21:49,175,0,27,175
2023-06-25T14:34:08,175,0,27,175
2023-06-25T14:46:27,175,0,27,175
2023-06-25T14:58:46,175,0,27,175
2023-06-25T15:11:05,175,0,27,175
2023-06-25T15:23:36,175,0,27,175
2023-06-25T15:35:55,175,0,27,175
2023-06-25T15:48:14,175,0,27,175
2023-06-25T16:00:33,175,0,27,175
2023-06-25T16:12:53,175,0,27,175
2023-06-25T16:25:13,175,0,27,175
2023-06-25T16:37:44,175,0,27,175
2023-06-25T16:50:03,175,0,28,175
2023-06-25T17:02:22,175,0,28,175
2023-06-25T17:14:43,175,0,28,175
2023-06-25T17:27:02,175,0,28,175
2023-06-25T17:39:21,175,0,28,175
2023-06-25T17:51:41,175,0,28,175
2023-06-25T18:04:10,175,0,28,175
2023-06-25T18:16:29,175,0,28,175
2023-06-25T18:28:49,175,0,28,175
2023-06-25T18:41:08,175,0,28,175
2023-06-25T18:53:27,175,0,28,175
2023-06-25T19:05:48,175,0,28,175
2023-06-25T19:18:18,175,0,28,175
2023-06-25T19:30:38,175,0,28,175
2023-06-25T19:42:57,175,0,28,175
2023-06-25T19:55:17,175,0,28,175
2023-06-25T20:07:36,175,0,28,175
2023-06-25T20:19:56,175,0,28,175
2023-06-25T20:32:25,175,0,28,175
2023-06-25T20:44:44,175,0,28,175
2023-06-25T20:57:03,175,0,28,175
2023-06-25T21:09:23,175,0,28,175
2023-06-25T21:21:43,175,0,28,175
2023-06-25T21:34:02,175,0,28,175
2023-06-25T21:46:22,175,0,28,175
2023-06-25T21:58:42,175,0,28,175
2023-06-25T22:11:11,175,0,28,175
2023-06-25T22:23:31,175,0,28,175
2023-06-25T22:35:51,175,0,28,175
2023-06-25T22:48:11,175,0,28,175
2023-06-25T23:00:30,175,0,28,175
2023-06-25T23:12:50,175,0,28,175
2023-06-25T23:25:10,175,0,28,175
2023-06-25T23:37:32,175,0,28,175
2023-06-25T23:50:03,175,0,28,175
2023-06-26T00:02:24,175,0,28,175
2023-06-26T00:14:51,175,0,28,175
2023-06-26T00:27:20,175,0,28,175
2023-06-26T00:39:55,175,0,28,175
2023-06-26T00:52:18,175,0,28,175
2023-06-26T01:04:41,175,0,28,175
2023-06-26T01:17:08,175,0,28,175
2023-06-26T01:29:31,175,0,28,175
2023-06-26T01:42:09,175,0,28,175
2023-06-26T01:54:31,175,0,28,175
2023-06-26T02:07:10,175,0,28,175
2023-06-26T02:19:33,175,0,28,175
2023-06-26T02:31:56,175,0,28,175
2023-06-26T02:44:18,175,0,28,175
2023-06-26T02:56:40,175,0,28,175
2023-06-26T03:09:02,175,0,28,175
2023-06-26T03:21:25,175,0,28,175
2023-06-26T03:33:48,175,0,28,175
2023-06-26T03:46:10,175,0,28,175
2023-06-26T03:58:32,175,0,28,175
2023-06-26T04:13:15,175,0,28,175
2023-06-26T04:39:15,175,0,28,175
2023-06-26T04:51:41,175,0,28,175
2023-06-26T05:04:07,175,0,28,175
2023-06-26T05:16:31,175,0,28,175
2023-06-26T05:28:55,175,0,28,175
2023-06-26T05:41:18,175,0,28,175
2023-06-26T05:53:41,175,0,28,175
2023-06-26T06:06:04,175,0,28,175
2023-06-26T06:18:27,175,0,28,175
2023-06-26T06:30:50,175,0,28,175
2023-06-26T06:43:13,175,0,28,175
2023-06-26T06:55:35,175,0,28,175
2023-06-26T07:08:08,175,0,28,175
2023-06-26T07:20:29,175,0,28,175
2023-06-26T07:32:50,175,0,28,175
2023-06-26T07:45:09,175,0,28,175
2023-06-26T07:57:29,175,0,28,175
2023-06-26T08:09:48,175,0,28,175
2023-06-26T08:22:08,175,0,28,175
2023-06-26T08:34:28,175,0,28,175
2023-06-26T08:46:51,175,0,28,175
2023-06-26T08:59:25,175,0,28,175
2023-06-26T09:11:45,175,0,28,175
2023-06-26T09:24:05,175,0,28,175
2023-06-26T09:36:25,175,0,28,175
2023-06-26T09:48:45,175,0,28,175
2023-06-26T10:01:05,175,0,28,175
2023-06-26T10:13:37,175,0,28,175
2023-06-26T10:25:57,175,0,28,175
2023-06-26T10:38:18,175,0,28,175
2023-06-26T10:50:38,175,0,28,175
2023-06-26T11:02:59,175,0,28,175
2023-06-26T11:15:19,175,0,28,175
2023-06-26T11:27:40,175,0,28,175
2023-06-26T11:40:14,175,0,28,175
2023-06-26T11:52:34,175,0,28,175
2023-06-26T12:04:54,175,0,28,175
2023-06-26T12:17:13,175,0,28,175
2023-06-26T12:29:34,175,0,28,175
2023-06-26T12:41:54,175,0,28,175
2023-06-26T12:54:25,175,0,28,175
2023-06-26T13:06:45,175,0,28,175
2023-06-26T13:19:05,175,0,28,175
2023-06-26T13:31:26,175,0,28,175
2023-06-26T13:43:48,175,0,28,175
2023-06-26T13:56:09,175,0,28,175
2023-06-26T14:08:31,175,0,28,175
2023-06-26T14:21:03,175,0,28,175
2023-06-26T14:33:25,175,0,28,175
2023-06-26T14:45:47,175,0,28,175
2023-06-26T14:58:08,175,0,28,175
2023-06-26T15:10:29,175,0,28,175
2023-06-26T15:22:51,175,0,28,175
2023-06-26T15:35:12,175,0,28,175
2023-06-26T15:47:34,175,0,28,175
2023-06-26T16:00:07,175,0,28,175
2023-06-26T16:12:28,175,0,28,175
2023-06-26T16:24:50,175,0,28,175
2023-06-26T16:37:11,175,0,28,175
2023-06-26T16:49:32,175,0,28,175
2023-06-26T17:01:53,175,0,28,175
2023-06-26T17:14:27,175,0,28,175
2023-06-26T17:26:48,175,0,28,175
2023-06-26T17:39:09,175,0,28,175
2023-06-26T17:51:30,175,0,28,175
2023-06-26T18:03:51,175,0,28,175
2023-06-26T18:16:13,175,0,28,175
2023-06-26T18:28:34,175,0,28,175
2023-06-26T18:40:55,175,0,28,175
2023-06-26T18:53:27,175,0,28,175
2023-06-26T19:05:48,174,1,28,175
2023-06-26T19:18:09,174,1,28,175
2023-06-26T19:30:31,174,1,28,175
2023-06-26T19:42:52,174,1,28,175
2023-06-26T19:55:13,174,1,28,175
2023-06-26T20:07:34,174,1,28,175
2023-06-26T20:19:54,174,1,28,175
2023-06-26T20:32:18,174,1,28,175
2023-06-26T20:44:39,174,1,28,175
2023-06-26T20:57:10,174,1,28,175
2023-06-26T21:09:31,174,1,28,175
2023-06-26T21:21:53,174,1,28,175
2023-06-26T21:34:14,174,1,28,175
2023-06-26T21:46:36,174,1,28,175
2023-06-26T21:58:57,174,1,28,175
2023-06-26T22:11:18,174,1,28,175
2023-06-26T22:23:39,174,1,28,175
2023-06-26T22:36:01,174,1,28,175
2023-06-26T22:48:21,174,1,28,175
2023-06-26T23:00:42,174,1,28,175
2023-06-26T23:13:17,174,1,28,175
2023-06-26T23:25:39,174,1,28,175
2023-06-26T23:38:01,174,1,28,175
2023-06-26T23:50:23,174,1,28,175
2023-06-27T00:02:46,174,1,28,175
2023-06-27T00:15:12,174,1,28,175
2023-06-27T00:27:36,174,1,28,175
2023-06-27T00:40:02,174,1,28,175
2023-06-27T00:52:27,174,1,28,175
2023-06-27T01:04:52,174,1,28,175
2023-06-27T01:17:17,174,1,28,175
2023-06-27T01:29:43,174,1,28,175
2023-06-27T01:42:07,174,1,28,175
2023-06-27T01:54:31,174,1,28,175
2023-06-27T02:07:06,174,1,28,175
2023-06-27T02:19:29,174,1,28,175
2023-06-27T02:31:53,174,1,28,175
2023-06-27T02:44:16,174,1,28,175
2023-06-27T02:56:38,174,1,28,175
2023-06-27T03:09:01,174,1,28,175
2023-06-27T03:21:24,174,1,28,175
2023-06-27T03:33:47,174,1,28,175
2023-06-27T03:46:11,174,1,28,175
2023-06-27T03:58:34,174,1,28,175
2023-06-27T04:26:04,174,1,28,175
2023-06-27T04:39:50,174,1,28,175
2023-06-27T04:52:36,174,1,28,175
2023-06-27T05:05:20,174,1,28,175
2023-06-27T05:17:45,174,1,28,175
2023-06-27T05:30:10,174,1,28,175
2023-06-27T05:42:35,174,1,28,175
2023-06-27T05:54:59,174,1,28,175
2023-06-27T06:07:23,174,1,28,175
2023-06-27T06:19:46,174,1,28,175
2023-06-27T06:32:11,174,1,28,175
2023-06-27T06:44:35,174,1,28,175
2023-06-27T06:57:00,174,1,28,175
2023-06-27T07:09:23,174,1,28,175
2023-06-27T07:21:49,174,1,28,175
2023-06-27T07:34:12,174,1,28,175
2023-06-27T07:46:34,174,1,28,175
2023-06-27T07:58:58,174,1,28,175
2023-06-27T08:11:22,174,1,28,175
2023-06-27T08:23:45,174,1,28,175
2023-06-27T08:36:07,174,1,28,175
2023-06-27T08:48:39,174,1,28,175
2023-06-27T09:01:02,174,1,28,175
2023-06-27T09:13:24,174,1,28,175
2023-06-27T09:25:47,174,1,28,175
2023-06-27T09:38:10,174,1,28,175
2023-06-27T09:50:33,174,1,28,175
2023-06-27T10:02:56,174,1,28,175
2023-06-27T10:15:20,174,1,28,175
2023-06-27T10:27:44,174,1,28,175
2023-06-27T10:40:07,174,1,28,175
2023-06-27T10:52:28,174,1,28,175
2023-06-27T11:05:04,174,1,28,175
2023-06-27T11:17:26,174,1,28,175
2023-06-27T11:29:48,174,1,28,175
2023-06-27T11:42:10,174,1,28,175
2023-06-27T11:54:32,174,1,28,175
2023-06-27T12:06:54,174,1,28,175
2023-06-27T12:19:16,174,1,28,175
2023-06-27T12:31:38,174,1,28,175
2023-06-27T12:44:13,174,1,28,175
2023-06-27T12:56:36,174,1,28,175
2023-06-27T13:08:58,174,1,28,175
2023-06-27T13:21:20,174,1,28,175
2023-06-27T13:33:43,174,1,28,175
2023-06-27T13:46:05,174,1,28,175
2023-06-27T13:58:27,174,1,28,175
2023-06-27T14:10:49,174,1,28,175
2023-06-27T14:23:11,174,1,28,175
2023-06-27T14:35:44,174,1,28,175
2023-06-27T14:48:06,174,1,28,175
2023-06-27T15:00:28,174,1,28,175
2023-06-27T15:12:49,174,1,28,175
2023-06-27T15:25:11,174,1,28,175
2023-06-27T15:37:35,174,1,28,175
2023-06-27T15:49:58,174,1,28,175
2023-06-27T16:02:21,174,1,28,175
2023-06-27T16:14:55,174,1,28,175
2023-06-27T16:27:18,174,1,28,175
2023-06-27T16:39:41,174,1,28,175
2023-06-27T16:52:05,174,1,28,175
2023-06-27T17:04:28,174,1,28,175
2023-06-27T17:16:53,174,1,28,175
2023-06-27T17:29:16,174,1,28,175
2023-06-27T17:41:39,174,1,28,175
2023-06-27T17:54:01,174,1,28,175
2023-06-27T18:06:23,174,1,28,175
2023-06-27T18:18:56,174,1,28,175
2023-06-27T18:31:18,174,1,28,175
2023-06-27T18:43:40,174,1,28,175
2023-06-27T18:56:01,174,1,28,175
2023-06-27T19:08:24,174,1,28,175
2023-06-27T19:20:46,174,1,28,175
2023-06-27T19:33:09,174,1,28,175
2023-06-27T19:45:31,174,1,28,175
2023-06-27T19:57:53,174,1,28,175
2023-06-27T20:10:15,174,1,28,175
2023-06-27T20:22:37,174,1,28,175
2023-06-27T20:35:11,174,1,28,175
2023-06-27T20:47:33,174,1,28,175
2023-06-27T20:59:55,174,1,28,175
2023-06-27T21:12:17,174,1,28,175
2023-06-27T21:24:39,174,1,28,175
2023-06-27T21:37:01,174,1,28,175
2023-06-27T21:49:23,174,1,28,175
2023-06-27T22:01:45,174,1,28,175
2023-06-27T22:14:07,174,1,28,175
2023-06-27T22:26:29,174,1,28,175
2023-06-27T22:38:51,174,1,28,175
2023-06-27T22:51:13,174,1,28,175
2023-06-27T23:03:46,174,1,28,175
2023-06-27T23:16:09,174,1,28,175
2023-06-27T23:28:32,174,1,28,175
2023-06-27T23:40:54,174,1,28,175
2023-06-27T23:53:18,174,1,28,175
2023-06-28T00:05:41,174,1,28,175
2023-06-28T00:18:07,174,1,28,175
2023-06-28T00:30:31,174,1,28,175
2023-06-28T00:42:57,174,1,28,175
2023-06-28T00:55:24,174,1,28,175
2023-06-28T01:07:51,174,1,28,175
2023-06-28T01:20:17,174,1,28,175
2023-06-28T01:32:54,174,1,28,175
2023-06-28T01:45:21,174,1,28,175
2023-06-28T01:57:47,174,1,28,175
2023-06-28T02:10:11,174,1,28,175
2023-06-28T02:22:33,174,1,28,175
2023-06-28T02:34:56,174,1,28,175
2023-06-28T02:47:18,174,1,28,175
2023-06-28T02:59:40,174,1,28,175
2023-06-28T03:12:06,174,1,28,175
2023-06-28T03:24:31,174,1,28,175
2023-06-28T03:36:59,174,1,28,175
2023-06-28T03:49:43,174,1,28,175
2023-06-28T04:02:10,174,1,28,175
2023-06-28T04:14:48,174,1,28,175
2023-06-28T04:38:56,174,1,28,175
2023-06-28T04:51:44,174,1,28,175
2023-06-28T05:04:11,174,1,28,175
2023-06-28T05:16:37,174,1,28,175
2023-06-28T05:29:02,174,1,28,175
2023-06-28T05:41:28,174,1,28,175
2023-06-28T05:53:52,174,1,28,175
2023-06-28T06:06:18,174,1,28,175
2023-06-28T06:18:43,174,1,28,175
2023-06-28T06:31:09,174,1,28,175
2023-06-28T06:43:35,174,1,28,175
2023-06-28T06:56:02,174,1,28,175
2023-06-28T07:08:29,174,1,28,175
2023-06-28T07:20:53,174,1,28,175
2023-06-28T07:33:17,174,1,28,175
2023-06-28T07:45:48,174,1,28,175
2023-06-28T07:58:11,174,1,28,175
2023-06-28T08:10:35,174,1,28,175
2023-06-28T08:22:58,174,1,28,175
2023-06-28T08:35:23,174,1,28,175
2023-06-28T08:47:45,174,1,28,175
2023-06-28T09:00:09,174,1,28,175
2023-06-28T09:12:32,174,1,28,175
2023-06-28T09:24:54,174,1,28,175
2023-06-28T09:37:15,174,1,28,175
2023-06-28T09:49:38,174,1,28,175
2023-06-28T10:02:10,174,1,28,175
2023-06-28T10:14:32,174,1,28,175
2023-06-28T10:26:55,174,1,28,175
2023-06-28T10:39:17,174,1,28,175
2023-06-28T10:51:39,174,1,28,175
2023-06-28T11:04:02,174,1,28,175
2023-06-28T11:16:24,174,1,28,175
2023-06-28T11:28:47,174,1,28,175
2023-06-28T11:41:10,174,1,28,175
2023-06-28T11:53:32,174,1,28,175
2023-06-28T12:06:06,174,1,28,175
2023-06-28T12:18:28,174,1,28,175
2023-06-28T12:30:50,174,1,28,175
2023-06-28T12:43:13,174,1,28,175
2023-06-28T12:55:35,174,1,28,175
2023-06-28T13:07:58,174,1,28,175
2023-06-28T13:20:20,174,1,28,175
2023-06-28T13:32:42,174,1,28,175
2023-06-28T13:45:05,174,1,28,175
2023-06-28T13:57:39,174,1,28,175
2023-06-28T14:10:02,174,1,28,175
2023-06-28T14:22:25,174,1,28,175
2023-06-28T14:34:48,174,1,28,175
2023-06-28T14:47:11,174,1,28,175
2023-06-28T14:59:33,174,1,28,175
2023-06-28T15:11:58,175,0,27,175
2023-06-28T15:24:20,175,0,27,175
2023-06-28T15:36:56,175,0,27,175
2023-06-28T15:49:19,175,0,27,175
2023-06-28T16:01:42,175,0,27,175
2023-06-28T16:14:04,175,0,27,175
2023-06-28T16:26:27,175,0,27,175
2023-06-28T16:38:49,175,0,27,175
2023-06-28T16:51:11,175,0,27,175
2023-06-28T17:03:34,175,0,27,175
2023-06-28T17:16:08,175,0,27,175
2023-06-28T17:28:30,175,0,27,175
2023-06-28T17:40:53,175,0,27,175
2023-06-28T17:53:16,175,0,27,175
2023-06-28T18:05:38,175,0,27,175
2023-06-28T18:18:01,175,0,27,175
2023-06-28T18:30:23,175,0,27,175
2023-06-28T18:42:45,175,0,27,175
2023-06-28T18:55:07,175,0,27,175
2023-06-28T19:07:30,175,0,27,175
2023-06-28T19:20:04,175,0,27,175
2023-06-28T19:32:26,175,0,27,175
2023-06-28T19:44:49,175,0,27,175
2023-06-28T19:57:11,175,0,27,175
2023-06-28T20:09:34,175,0,27,175
2023-06-28T20:21:57,175,0,27,175
2023-06-28T20:34:20,175,0,27,175
2023-06-28T20:46:42,175,0,27,175
2023-06-28T20:59:04,175,0,27,175
2023-06-28T21:11:27,175,0,27,175
2023-06-28T21:24:01,175,0,27,175
2023-06-28T21:36:23,175,0,27,175
2023-06-28T21:48:46,175,0,27,175
2023-06-28T22:01:10,175,0,27,175
2023-06-28T22:13:33,175,0,27,175
2023-06-28T22:25:56,175,0,27,175
2023-06-28T22:38:19,175,0,27,175
2023-06-28T22:50:41,175,0,27,175
2023-06-28T23:03:04,175,0,28,175
2023-06-28T23:15:28,175,0,28,175
2023-06-28T23:27:51,175,0,28,175
2023-06-28T23:40:25,175,0,28,175
2023-06-28T23:52:48,175,0,28,175
2023-06-29T00:05:12,175,0,28,175
2023-06-29T00:17:42,175,0,28,175
2023-06-29T00:30:09,175,0,28,175
2023-06-29T00:42:36,175,0,28,175
2023-06-29T00:55:03,175,0,28,175
2023-06-29T01:07:30,175,0,28,175
2023-06-29T01:19:59,175,0,28,175
2023-06-29T01:32:25,175,0,28,175
2023-06-29T01:44:50,175,0,28,175
2023-06-29T01:57:15,175,0,28,175
2023-06-29T02:09:52,175,0,28,175
2023-06-29T02:22:16,175,0,28,175
2023-06-29T02:34:40,175,0,28,175
2023-06-29T02:47:03,175,0,28,175
2023-06-29T02:59:26,175,0,28,175
2023-06-29T03:11:49,175,0,28,175
2023-06-29T03:24:11,175,0,28,175
2023-06-29T03:36:34,175,0,28,175
2023-06-29T03:48:56,175,0,28,175
2023-06-29T04:01:19,175,0,28,175
2023-06-29T04:24:05,175,0,28,175
2023-06-29T04:36:29,175,0,28,175
2023-06-29T04:50:49,175,0,28,175
2023-06-29T05:03:12,175,0,28,175
2023-06-29T05:15:35,175,0,28,175
2023-06-29T05:28:03,175,0,28,175
2023-06-29T05:40:29,175,0,28,175
2023-06-29T05:52:56,175,0,28,175
2023-06-29T06:05:24,175,0,28,175
2023-06-29T06:17:52,175,0,28,175
2023-06-29T06:30:19,175,0,28,175
2023-06-29T06:42:45,175,0,28,175
2023-06-29T06:55:25,175,0,28,175
2023-06-29T07:07:56,175,0,28,175
2023-06-29T07:20:22,175,0,28,175
2023-06-29T07:32:57,175,0,28,175
2023-06-29T07:45:23,175,0,28,175
2023-06-29T07:57:49,175,0,28,175
2023-06-29T08:10:16,175,0,28,175
2023-06-29T08:22:40,175,0,28,175
2023-06-29T08:35:04,175,0,28,175
2023-06-29T08:47:29,175,0,28,175
2023-06-29T08:59:53,175,0,28,175
2023-06-29T09:12:19,175,0,28,175
2023-06-29T09:24:43,175,0,28,175
2023-06-29T09:37:08,175,0,28,175
2023-06-29T09:49:42,175,0,28,175
2023-06-29T10:02:06,175,0,28,175
2023-06-29T10:14:30,175,0,28,175
2023-06-29T10:26:55,175,0,28,175
2023-06-29T10:39:19,175,0,28,175
2023-06-29T10:51:43,175,0,28,175
2023-06-29T11:04:08,175,0,28,175
2023-06-29T11:16:32,175,0,28,175
2023-06-29T11:28:57,175,0,28,175
2023-06-29T11:41:32,175,0,28,175
2023-06-29T11:53:57,175,0,28,175
2023-06-29T12:06:20,175,0,28,175
2023-06-29T12:18:43,175,0,28,175
2023-06-29T12:31:05,175,0,28,175
2023-06-29T12:43:28,175,0,28,175
2023-06-29T12:55:52,175,0,28,175
2023-06-29T13:08:14,175,0,28,175
2023-06-29T13:20:37,175,0,28,175
2023-06-29T13:33:10,175,0,28,175
2023-06-29T13:45:32,175,0,28,175
2023-06-29T13:57:54,175,0,28,175
2023-06-29T14:10:17,175,0,28,175
2023-06-29T14:22:39,175,0,28,175
2023-06-29T14:35:02,175,0,28,175
2023-06-29T14:47:25,175,0,28,175
2023-06-29T14:59:48,175,0,28,175
2023-06-29T15:12:21,175,0,28,175
2023-06-29T15:24:44,175,0,28,175
2023-06-29T15:37:07,175,0,28,175
2023-06-29T15:49:30,175,0,28,175
2023-06-29T16:01:53,175,0,28,175
2023-06-29T16:14:17,175,0,28,175
2023-06-29T16:26:39,175,0,28,175
2023-06-29T16:39:02,175,0,28,175
2023-06-29T16:51:24,175,0,28,175
2023-06-29T17:03:58,175,0,28,175
2023-06-29T17:16:22,175,0,28,175
2023-06-29T17:28:45,175,0,28,175
2023-06-29T17:41:08,175,0,28,175
2023-06-29T17:53:30,175,0,28,175
2023-06-29T18:05:53,175,0,28,175
2023-06-29T18:18:16,175,0,28,175
2023-06-29T18:30:40,175,0,28,175
2023-06-29T18:43:03,175,0,28,175
2023-06-29T18:55:25,175,0,28,175
2023-06-29T19:07:59,175,0,28,175
2023-06-29T19:20:22,175,0,28,175
2023-06-29T19:32:46,175,0,28,175
2023-06-29T19:45:09,175,0,28,175
2023-06-29T19:57:33,175,0,28,175
2023-06-29T20:09:56,175,0,28,175
2023-06-29T20:22:19,175,0,28,175
2023-06-29T20:34:43,175,0,28,175
2023-06-29T20:47:20,175,0,28,175
2023-06-29T20:59:43,175,0,28,175
2023-06-29T21:12:06,175,0,28,175
2023-06-29T21:24:29,175,0,28,175
2023-06-29T21:36:53,175,0,28,175
2023-06-29T21:49:16,175,0,28,175
2023-06-29T22:01:39,175,0,28,175
2023-06-29T22:14:04,175,0,28,175
2023-06-29T22:26:28,175,0,28,175
2023-06-29T22:38:53,175,0,28,175
2023-06-29T22:51:27,175,0,28,175
2023-06-29T23:03:50,175,0,28,175
2023-06-29T23:16:14,175,0,28,175
2023-06-29T23:28:38,175,0,28,175
2023-06-29T23:41:02,175,0,28,175
2023-06-29T23:53:26,175,0,28,175
2023-06-30T00:05:51,175,0,28,175
2023-06-30T00:18:22,175,0,28,175
2023-06-30T00:30:49,175,0,28,175
2023-06-30T00:43:17,175,0,28,175
2023-06-30T00:55:43,175,0,28,175
2023-06-30T01:08:13,175,0,28,175
2023-06-30T01:20:53,175,0,28,175
2023-06-30T01:33:21,175,0,28,175
2023-06-30T01:45:48,175,0,28,175
2023-06-30T01:58:14,175,0,28,175
2023-06-30T02:10:40,175,0,28,175
2023-06-30T02:23:05,175,0,28,175
2023-06-30T02:35:31,175,0,28,175
2023-06-30T02:47:56,175,0,28,175
2023-06-30T03:00:23,175,0,28,175
2023-06-30T03:12:52,175,0,28,175
2023-06-30T03:25:18,175,0,28,175
2023-06-30T03:37:45,175,0,28,175
2023-06-30T03:50:30,175,0,28,175
2023-06-30T04:02:57,175,0,28,175
2023-06-30T04:28:21,175,0,28,175
2023-06-30T04:40:49,175,0,28,175
2023-06-30T04:54:56,175,0,28,175
2023-06-30T05:07:24,175,0,28,175
2023-06-30T05:19:54,175,0,28,175
2023-06-30T05:32:20,175,0,28,175
2023-06-30T05:44:46,175,0,28,175
2023-06-30T05:57:12,175,0,28,175
2023-06-30T06:09:39,175,0,28,175
2023-06-30T06:22:06,175,0,28,175
2023-06-30T06:34:32,175,0,28,175
2023-06-30T06:46:59,175,0,28,175
2023-06-30T06:59:30,175,0,28,175
2023-06-30T07:11:55,175,0,28,175
2023-06-30T07:24:28,175,0,28,175
2023-06-30T07:36:53,175,0,28,175
2023-06-30T07:49:17,175,0,28,175
2023-06-30T08:01:42,175,0,28,175
2023-06-30T08:14:07,175,0,28,175
2023-06-30T08:26:33,175,0,28,175
2023-06-30T08:38:58,175,0,28,175
2023-06-30T08:51:22,175,0,28,175
2023-06-30T09:03:47,175,0,28,175
2023-06-30T09:16:10,175,0,28,175
2023-06-30T09:28:33,175,0,28,175
2023-06-30T09:40:56,175,0,28,175
2023-06-30T09:53:19,175,0,28,175
2023-06-30T10:05:42,175,0,28,175
2023-06-30T10:18:17,175,0,28,175
2023-06-30T10:30:40,175,0,28,175
2023-06-30T10:43:03,175,0,28,175
2023-06-30T10:55:27,175,0,28,175
2023-06-30T11:07:50,175,0,28,175
2023-06-30T11:20:13,175,0,28,175
2023-06-30T11:32:37,175,0,28,175
2023-06-30T11:45:01,175,0,28,175
2023-06-30T11:57:37,175,0,28,175
2023-06-30T12:10:01,175,0,28,175
2023-06-30T12:22:24,175,0,28,175
2023-06-30T12:34:48,175,0,28,175
2023-06-30T12:47:11,175,0,28,175
2023-06-30T12:59:35,175,0,28,175
2023-06-30T13:11:59,175,0,28,175
2023-06-30T13:24:22,175,0,28,175
2023-06-30T13:36:57,175,0,28,175
2023-06-30T13:49:21,175,0,28,175
2023-06-30T14:01:44,175,0,28,175
2023-06-30T14:14:08,175,0,28,175
2023-06-30T14:26:31,175,0,28,175
2023-06-30T14:38:54,175,0,28,175
2023-06-30T14:51:17,175,0,28,175
2023-06-30T15:03:40,175,0,28,175
2023-06-30T15:16:14,175,0,28,175
2023-06-30T15:28:38,175,0,28,175
2023-06-30T15:41:02,175,0,28,175
2023-06-30T15:53:25,175,0,28,175
2023-06-30T16:05:49,175,0,28,175
2023-06-30T16:18:12,175,0,28,175
2023-06-30T16:30:36,175,0,28,175
2023-06-30T16:42:59,175,0,28,175
2023-06-30T16:55:21,175,0,28,175
2023-06-30T17:07:55,175,0,28,175
2023-06-30T17:20:19,175,0,28,175
2023-06-30T17:32:42,175,0,28,175
2023-06-30T17:45:05,175,0,28,175
2023-06-30T17:57:28,175,0,28,175
2023-06-30T18:09:51,175,0,28,175
2023-06-30T18:22:14,175,0,28,175
2023-06-30T18:34:38,175,0,28,175
2023-06-30T18:47:01,175,0,28,175
2023-06-30T18:59:24,175,0,28,175
2023-06-30T19:12:00,175,0,28,175
2023-06-30T19:24:22,175,0,28,175
2023-06-30T19:36:46,175,0,28,175
2023-06-30T19:49:09,175,0,28,175
2023-06-30T20:01:33,175,0,28,175
2023-06-30T20:13:56,175,0,28,175
2023-06-30T20:26:20,175,0,28,175
2023-06-30T20:38:43,175,0,28,175
2023-06-30T20:51:06,175,0,28,175
2023-06-30T21:03:41,175,0,28,175
2023-06-30T21:16:04,175,0,28,175
2023-06-30T21:28:27,175,0,28,175
2023-06-30T21:40:50,175,0,28,175
2023-06-30T21:53:14,175,0,28,175
2023-06-30T22:05:37,175,0,28,175
2023-06-30T22:39:04,175,0,28,175
2023-06-30T22:51:29,175,0,28,175
2023-06-30T23:03:54,175,0,28,175
2023-06-30T23:16:18,175,0,28,175
2023-06-30T23:28:46,175,0,28,175
2023-06-30T23:41:10,175,0,28,175
2023-06-30T23:53:34,175,0,28,175
2023-07-01T00:05:59,175,0,28,175
2023-07-01T00:18:28,175,0,28,175
2023-07-01T00:30:56,175,0,28,175
2023-07-01T00:43:32,175,0,28,175
2023-07-01T00:56:00,175,0,28,175
2023-07-01T01:08:27,175,0,28,175
2023-07-01T01:20:56,175,0,28,175
2023-07-01T01:33:25,175,0,28,175
2023-07-01T01:45:52,175,0,28,175
2023-07-01T01:58:20,175,0,28,175
2023-07-01T02:10:46,175,0,28,175
2023-07-01T02:23:11,175,0,28,175
2023-07-01T02:35:37,175,0,28,175
2023-07-01T02:48:02,175,0,28,175
2023-07-01T03:00:26,175,0,28,175
2023-07-01T03:12:52,175,0,28,175
2023-07-01T03:25:18,175,0,28,175
2023-07-01T03:37:44,175,0,28,175
2023-07-01T03:50:09,175,0,28,175
2023-07-01T04:02:44,175,0,28,175
2023-07-01T04:26:16,175,0,28,175
2023-07-01T04:38:44,175,0,28,175
2023-07-01T04:51:11,175,0,28,175
2023-07-01T05:03:39,175,0,28,175
2023-07-01T05:16:07,175,0,28,175
2023-07-01T05:28:39,175,0,28,175
2023-07-01T05:41:07,175,0,28,175
2023-07-01T05:53:37,175,0,28,175
2023-07-01T06:06:04,175,0,28,175
2023-07-01T06:18:30,175,0,28,175
2023-07-01T06:30:56,175,0,28,175
2023-07-01T06:43:22,175,0,28,175
2023-07-01T06:55:51,175,0,28,175
2023-07-01T07:08:18,175,0,28,175
2023-07-01T07:20:44,175,0,28,175
2023-07-01T07:33:10,175,0,28,175
2023-07-01T07:45:52,175,0,28,175
2023-07-01T07:58:18,175,0,28,175
2023-07-01T08:10:45,175,0,28,175
2023-07-01T08:23:12,175,0,28,175
2023-07-01T08:35:39,175,0,28,175
2023-07-01T08:48:05,175,0,28,175
2023-07-01T09:00:31,175,0,28,175
2023-07-01T09:12:58,175,0,28,175
2023-07-01T09:25:33,175,0,28,175
2023-07-01T09:37:59,175,0,28,175
2023-07-01T09:50:26,175,0,28,175
2023-07-01T10:02:53,175,0,28,175
2023-07-01T10:15:19,175,0,28,175
2023-07-01T10:27:45,175,0,28,175
2023-07-01T10:40:11,175,0,28,175
2023-07-01T10:52:37,175,0,28,175
2023-07-01T11:05:02,175,0,28,175
2023-07-01T11:17:25,175,0,28,175
2023-07-01T11:29:48,175,0,28,175
2023-07-01T11:42:32,175,0,28,175
2023-07-01T11:54:55,175,0,28,175
2023-07-01T12:07:18,175,0,28,175
2023-07-01T12:19:41,175,0,28,175
2023-07-01T12:32:05,175,0,28,175
2023-07-01T12:44:27,175,0,28,175
2023-07-01T12:56:51,175,0,28,175
2023-07-01T13:09:13,175,0,28,175
2023-07-01T13:21:36,175,0,28,175
2023-07-01T13:33:59,175,0,28,175
2023-07-01T13:46:22,175,0,28,175
2023-07-01T13:58:45,175,0,28,175
2023-07-01T14:11:08,175,0,28,175
2023-07-01T14:23:41,175,0,28,175
2023-07-01T14:36:05,175,0,28,175
2023-07-01T14:48:27,175,0,28,175
2023-07-01T15:00:50,175,0,28,175
2023-07-01T15:13:13,175,0,28,175
2023-07-01T15:25:36,175,0,28,175
2023-07-01T15:37:59,175,0,28,175
2023-07-01T15:50:22,175,0,28,175
2023-07-01T16:02:45,175,0,28,175
2023-07-01T16:15:08,175,0,28,175
2023-07-01T16:27:31,175,0,28,175
2023-07-01T16:39:54,175,0,28,175
2023-07-01T16:52:17,175,0,28,175
2023-07-01T17:04:41,175,0,28,175
2023-07-01T17:17:22,175,0,28,175
2023-07-01T17:29:45,175,0,28,175
2023-07-01T17:42:08,175,0,28,175
2023-07-01T17:54:31,175,0,28,175
2023-07-01T18:06:56,175,0,28,175
2023-07-01T18:19:19,175,0,28,175
2023-07-01T18:31:42,175,0,28,175
2023-07-01T18:44:04,175,0,28,175
2023-07-01T18:56:28,175,0,28,175
2023-07-01T19:08:52,175,0,28,175
2023-07-01T19:21:16,175,0,28,175
2023-07-01T19:33:39,175,0,28,175
2023-07-01T19:46:02,175,0,28,175
2023-07-01T19:58:25,175,0,28,175
2023-07-01T20:10:53,175,0,28,175
2023-07-01T20:23:17,175,0,28,175
2023-07-01T20:35:50,175,0,28,175
2023-07-01T20:48:14,175,0,28,175
2023-07-01T21:00:37,175,0,28,175
2023-07-01T21:13:01,175,0,28,175
2023-07-01T21:25:25,175,0,28,175
2023-07-01T21:37:48,175,0,28,175
2023-07-01T21:50:11,175,0,28,175
2023-07-01T22:02:35,175,0,28,175
2023-07-01T22:14:58,175,0,28,175
2023-07-01T22:27:21,175,0,28,175
2023-07-01T22:39:45,175,0,28,175
2023-07-01T22:52:29,175,0,28,175
2023-07-01T23:04:52,175,0,28,175
2023-07-01T23:17:17,175,0,28,175
2023-07-01T23:29:40,175,0,28,175
2023-07-01T23:42:03,175,0,28,175
2023-07-01T23:54:26,175,0,28,175
2023-07-02T00:07:11,175,0,28,175
2023-07-02T00:19:38,175,0,28,175
2023-07-02T00:32:03,175,0,28,175
2023-07-02T00:44:28,175,0,28,175
2023-07-02T00:56:51,175,0,28,175
2023-07-02T01:09:15,175,0,28,175
2023-07-02T01:21:40,175,0,28,175
2023-07-02T01:34:04,175,0,28,175
2023-07-02T01:46:28,175,0,28,175
2023-07-02T01:58:51,175,0,28,175
2023-07-02T02:11:15,175,0,28,175
2023-07-02T02:23:50,175,0,28,175
2023-07-02T02:36:20,175,0,28,175
2023-07-02T02:48:52,175,0,28,175
2023-07-02T03:01:19,175,0,28,175
2023-07-02T03:13:52,175,0,28,175
2023-07-02T03:26:21,175,0,28,175
2023-07-02T03:38:48,175,0,28,175
2023-07-02T03:51:17,175,0,28,175
2023-07-02T04:03:45,175,0,28,175
2023-07-02T04:23:35,175,0,28,175
2023-07-02T04:37:40,175,0,28,175
2023-07-02T04:50:11,175,0,28,175
2023-07-02T05:02:40,175,0,28,175
2023-07-02T05:15:08,175,0,28,175
2023-07-02T05:27:35,175,0,28,175
2023-07-02T05:40:01,175,0,28,175
2023-07-02T05:52:28,175,0,28,175
2023-07-02T06:04:58,175,0,28,175
2023-07-02T06:17:28,175,0,28,175
2023-07-02T06:30:11,175,0,28,175
2023-07-02T06:42:38,175,0,28,175
2023-07-02T06:55:05,175,0,28,175
2023-07-02T07:07:34,175,0,28,175
2023-07-02T07:20:00,175,0,28,175
2023-07-02T07:32:28,175,0,28,175
2023-07-02T07:44:52,175,0,28,175
2023-07-02T07:57:19,175,0,28,175
2023-07-02T08:09:48,175,0,28,175
2023-07-02T08:22:17,175,0,28,175
2023-07-02T08:34:58,175,0,28,175
2023-07-02T08:47:25,175,0,28,175
2023-07-02T08:59:54,175,0,28,175
2023-07-02T09:12:22,175,0,28,175
2023-07-02T09:24:50,175,0,28,175
2023-07-02T09:37:18,175,0,28,175
2023-07-02T09:49:49,175,0,28,175
2023-07-02T10:02:27,175,0,28,175
2023-07-02T10:14:57,175,0,28,175
2023-07-02T10:27:28,175,0,28,175
2023-07-02T10:39:56,175,0,28,175
2023-07-02T10:52:22,175,0,28,175
2023-07-02T11:04:47,175,0,28,175
2023-07-02T11:17:12,175,0,28,175
2023-07-02T11:29:36,175,0,28,175
2023-07-02T11:41:59,175,0,28,175
2023-07-02T11:54:22,175,0,28,175
2023-07-02T12:06:45,175,0,28,175
2023-07-02T12:19:07,175,0,28,175
2023-07-02T12:31:42,175,0,28,175
2023-07-02T12:44:05,175,0,28,175
2023-07-02T12:56:28,175,0,28,175
2023-07-02T13:08:51,175,0,28,175
2023-07-02T13:21:14,175,0,28,175
2023-07-02T13:33:37,175,0,28,175
2023-07-02T13:46:00,175,0,28,175
2023-07-02T13:58:23,175,0,28,175
2023-07-02T14:10:46,175,0,28,175
2023-07-02T14:23:20,175,0,28,175
2023-07-02T14:35:43,175,0,28,175
2023-07-02T14:48:06,175,0,28,175
2023-07-02T15:00:30,175,0,28,175
2023-07-02T15:12:53,175,0,28,175
2023-07-02T15:25:17,175,0,28,175
2023-07-02T15:37:40,175,0,28,175
2023-07-02T15:50:04,175,0,28,175
2023-07-02T16:02:28,175,0,28,175
2023-07-02T16:14:52,175,0,28,175
2023-07-02T16:27:27,175,0,28,175
2023-07-02T16:39:51,175,0,28,175
2023-07-02T16:52:13,175,0,28,175
2023-07-02T17:04:36,175,0,28,175
2023-07-02T17:17:00,175,0,28,175
2023-07-02T17:29:23,175,0,28,175
2023-07-02T17:41:46,175,0,28,175
2023-07-02T17:54:09,175,0,28,175
2023-07-02T18:06:32,175,0,28,175
2023-07-02T18:18:56,175,0,28,175
2023-07-02T18:31:19,175,0,28,175
2023-07-02T18:43:43,175,0,28,175
2023-07-02T18:56:07,175,0,28,175
2023-07-02T19:08:44,175,0,28,175
2023-07-02T19:21:08,175,0,28,175
2023-07-02T19:33:31,175,0,28,175
2023-07-02T19:45:54,175,0,28,175
2023-07-02T19:58:17,175,0,28,175
2023-07-02T20:10:40,175,0,28,175
2023-07-02T20:23:03,175,0,28,175
2023-07-02T20:35:27,175,0,28,175
2023-07-02T20:47:50,175,0,28,175
2023-07-02T21:00:15,175,0,28,175
2023-07-02T21:12:48,175,0,28,175
2023-07-02T21:25:11,175,0,28,175
2023-07-02T21:37:34,175,0,28,175
2023-07-02T21:49:57,175,0,28,175
2023-07-02T22:02:20,175,0,28,175
2023-07-02T22:14:43,175,0,28,175
2023-07-02T22:27:06,175,0,28,175
2023-07-02T22:39:30,175,0,28,175
2023-07-02T22:51:52,175,0,28,175
2023-07-02T23:04:16,175,0,28,175
2023-07-02T23:16:49,175,0,28,175
2023-07-02T23:29:14,175,0,27,175
2023-07-02T23:41:37,175,0,27,175
2023-07-02T23:54:00,175,0,27,175
2023-07-03T00:06:27,175,0,27,175
2023-07-03T00:19:01,175,0,27,175
2023-07-03T00:31:36,175,0,27,175
2023-07-03T00:44:05,175,0,27,175
2023-07-03T00:56:30,175,0,27,175
2023-07-03T01:09:07,175,0,27,175
2023-07-03T01:21:39,175,0,27,175
2023-07-03T01:34:07,175,0,27,175
2023-07-03T01:46:34,175,0,27,175
2023-07-03T01:59:02,175,0,27,175
2023-07-03T02:11:43,175,0,27,175
2023-07-03T02:24:10,175,0,27,175
2023-07-03T02:36:36,175,0,27,175
2023-07-03T02:49:01,175,0,27,175
2023-07-03T03:01:26,175,0,27,175
2023-07-03T03:13:52,175,0,27,175
2023-07-03T03:26:19,175,0,27,175
2023-07-03T03:38:46,175,0,27,175
2023-07-03T03:51:12,175,0,27,175
2023-07-03T04:03:49,175,0,27,175
2023-07-03T04:16:15,175,0,27,175
2023-07-03T04:35:08,175,0,27,175
2023-07-03T04:48:59,175,0,27,175
2023-07-03T05:01:48,175,0,27,175
2023-07-03T05:14:17,175,0,27,175
2023-07-03T05:26:44,175,0,27,175
2023-07-03T05:39:11,175,0,27,175
2023-07-03T05:51:38,175,0,27,175
2023-07-03T06:04:04,175,0,27,175
2023-07-03T06:16:32,175,0,27,175
2023-07-03T06:28:59,175,0,27,175
2023-07-03T06:41:25,175,0,27,175
2023-07-03T06:53:54,175,0,27,175
2023-07-03T07:06:23,175,0,27,175
2023-07-03T07:18:48,175,0,27,175
2023-07-03T07:31:20,175,0,27,175
2023-07-03T07:43:44,175,0,27,175
2023-07-03T07:56:07,175,0,27,175
2023-07-03T08:08:30,175,0,27,175
2023-07-03T08:20:53,175,0,27,175
2023-07-03T08:33:17,175,0,27,175
2023-07-03T08:45:41,175,0,27,175
2023-07-03T08:58:04,175,0,27,175
2023-07-03T09:10:27,175,0,27,175
2023-07-03T09:23:05,175,0,27,175
2023-07-03T09:35:28,175,0,27,175
2023-07-03T09:47:51,175,0,27,175
2023-07-03T10:00:16,175,0,27,175
2023-07-03T10:12:40,175,0,27,175
2023-07-03T10:25:05,175,0,27,175
2023-07-03T10:37:29,175,0,27,175
2023-07-03T10:50:05,175,0,27,175
2023-07-03T11:02:29,175,0,27,175
2023-07-03T11:14:53,175,0,27,175
2023-07-03T11:27:18,175,0,27,175
2023-07-03T11:39:43,175,0,27,175
2023-07-03T11:52:20,175,0,27,175
2023-07-03T12:04:46,175,0,27,175
2023-07-03T12:17:12,175,0,27,175
2023-07-03T12:29:38,175,0,27,175
2023-07-03T12:42:04,175,0,27,175
2023-07-03T12:54:30,175,0,27,175
2023-07-03T13:06:57,175,0,27,175
2023-07-03T13:19:34,175,0,27,175
2023-07-03T13:31:59,175,0,27,175
2023-07-03T13:44:24,175,0,27,175
2023-07-03T13:56:49,175,0,27,175
2023-07-03T14:09:15,175,0,27,175
2023-07-03T14:21:40,175,0,27,175
2023-07-03T14:34:05,175,0,27,175
2023-07-03T14:46:29,175,0,27,175
2023-07-03T14:58:53,175,0,27,175
2023-07-03T15:11:28,175,0,27,175
2023-07-03T15:23:51,175,0,27,175
2023-07-03T15:36:15,175,0,27,175
2023-07-03T15:48:39,175,0,27,175
2023-07-03T16:01:04,175,0,27,175
2023-07-03T16:13:28,175,0,27,175
2023-07-03T16:25:52,175,0,27,175
2023-07-03T16:38:16,175,0,27,175
2023-07-03T16:50:39,175,0,27,175
2023-07-03T17:03:03,175,0,27,175
2023-07-03T17:15:29,175,0,27,175
2023-07-03T17:28:03,175,0,27,175
2023-07-03T17:40:27,175,0,27,175
2023-07-03T17:52:51,175,0,27,175
2023-07-03T18:05:15,175,0,27,175
2023-07-03T18:17:39,175,0,27,175
2023-07-03T18:30:03,175,0,27,175
2023-07-03T18:42:27,175,0,27,175
2023-07-03T18:54:52,175,0,27,175
2023-07-03T19:07:17,175,0,27,175
2023-07-03T19:19:41,175,0,27,175
2023-07-03T19:32:14,175,0,27,175
2023-07-03T19:44:39,175,0,27,175
