time,enrolled,available,waitlisted,total
2023-05-25T01:21:33,0,30,0,30
2023-05-25T01:33:09,0,30,0,30
2023-05-25T01:44:54,0,30,0,30
2023-05-25T01:56:29,0,30,0,30
2023-05-25T02:08:04,0,30,0,30
2023-05-25T02:19:41,0,30,0,30
2023-05-25T02:31:16,0,30,0,30
2023-05-25T02:42:50,0,30,0,30
2023-05-25T02:54:22,0,30,0,30
2023-05-25T03:05:56,0,30,0,30
2023-05-25T03:17:35,0,30,0,30
2023-05-25T03:29:33,0,30,0,30
2023-05-25T03:41:10,0,30,0,30
2023-05-25T03:52:46,0,30,0,30
2023-05-25T04:04:21,0,30,0,30
2023-05-25T04:24:08,0,30,0,30
2023-05-25T04:35:45,0,30,0,30
2023-05-25T04:47:21,0,30,0,30
2023-05-25T04:58:57,0,30,0,30
2023-05-25T05:10:34,0,30,0,30
2023-05-25T05:22:10,0,30,0,30
2023-05-25T05:33:47,0,30,0,30
2023-05-25T05:45:23,0,30,0,30
2023-05-25T05:57:00,0,30,0,30
2023-05-25T06:08:36,0,30,0,30
2023-05-25T06:20:11,0,30,0,30
2023-05-25T06:31:45,0,30,0,30
2023-05-25T06:43:20,0,30,0,30
2023-05-25T06:54:56,0,30,0,30
2023-05-25T07:06:32,0,30,0,30
2023-05-25T07:18:06,0,30,0,30
2023-05-25T07:29:40,0,30,0,30
2023-05-25T07:41:17,0,30,0,30
2023-05-25T07:52:52,0,30,0,30
2023-05-25T08:04:27,0,30,0,30
2023-05-25T08:16:01,0,30,0,30
2023-05-25T08:27:46,0,30,0,30
2023-05-25T08:39:19,0,30,0,30
2023-05-25T08:50:51,0,30,0,30
2023-05-25T09:02:25,0,30,0,30
2023-05-25T09:13:58,0,30,0,30
2023-05-25T09:25:30,0,30,0,30
2023-05-25T09:37:03,0,30,0,30
2023-05-25T09:48:35,0,30,0,30
2023-05-25T10:00:09,0,30,0,30
2023-05-25T10:11:54,0,30,0,30
2023-05-25T10:23:27,0,30,0,30
2023-05-25T10:34:59,0,30,0,30
2023-05-25T10:46:32,0,30,0,30
2023-05-25T10:58:15,0,30,0,30
2023-05-25T11:09:47,0,30,0,30
2023-05-25T11:21:20,0,30,0,30
2023-05-25T11:32:53,0,30,0,30
2023-05-25T11:44:25,0,30,0,30
2023-05-25T11:56:10,0,30,0,30
2023-05-25T12:07:43,0,30,0,30
2023-05-25T12:19:15,0,30,0,30
2023-05-25T12:30:48,0,30,0,30
2023-05-25T12:42:21,0,30,0,30
2023-05-25T12:53:54,0,30,0,30
2023-05-25T13:05:37,0,30,0,30
2023-05-25T13:17:10,0,30,0,30
2023-05-25T13:28:43,0,30,0,30
2023-05-25T13:40:16,0,30,0,30
2023-05-25T13:51:49,0,30,0,30
2023-05-25T14:03:34,0,30,0,30
2023-05-25T14:15:07,0,30,0,30
2023-05-25T14:26:41,0,30,0,30
2023-05-25T14:38:13,0,30,0,30
2023-05-25T14:49:46,0,30,0,30
2023-05-25T15:01:31,0,30,0,30
2023-05-25T15:13:05,0,30,0,30
2023-05-25T15:24:40,0,30,0,30
2023-05-25T15:36:14,0,30,0,30
2023-05-25T15:47:49,0,30,0,30
2023-05-25T15:59:23,0,30,0,30
2023-05-25T16:11:09,0,30,0,30
2023-05-25T16:22:44,0,30,0,30
2023-05-25T16:34:19,0,30,0,30
2023-05-25T16:45:54,0,30,0,30
2023-05-25T16:57:30,0,30,0,30
2023-05-25T17:09:07,0,30,0,30
2023-05-25T17:20:54,0,30,0,30
2023-05-25T17:32:29,0,30,0,30
2023-05-25T17:44:05,0,30,0,30
2023-05-25T17:55:41,0,30,0,30
2023-05-25T18:07:18,0,30,0,30
2023-05-25T18:18:53,0,30,0,30
2023-05-25T18:30:28,0,30,0,30
2023-05-25T18:42:14,0,30,0,30
2023-05-25T18:53:50,0,30,0,30
2023-05-25T19:05:26,0,30,0,30
2023-05-25T19:17:02,0,30,0,30
2023-05-25T19:28:38,0,30,0,30
2023-05-25T19:40:14,0,30,0,30
2023-05-25T19:51:59,0,30,0,30
2023-05-25T20:03:35,0,30,0,30
2023-05-25T20:15:11,0,30,0,30
2023-05-25T20:26:47,0,30,0,30
2023-05-25T20:38:23,0,30,0,30
2023-05-25T20:49:58,0,30,0,30
2023-05-25T21:01:34,0,30,0,30
2023-05-25T21:13:10,0,30,0,30
2023-05-25T21:24:57,0,30,0,30
2023-05-25T21:36:32,0,30,0,30
2023-05-25T21:48:09,0,30,0,30
2023-05-25T21:59:43,0,30,0,30
2023-05-25T22:11:19,0,30,0,30
2023-05-25T22:22:54,0,30,0,30
2023-05-25T22:34:30,0,30,0,30
2023-05-25T22:46:16,0,30,0,30
2023-05-25T22:57:51,0,30,0,30
2023-05-25T23:09:30,0,30,0,30
2023-05-25T23:21:05,0,30,0,30
2023-05-25T23:32:41,0,30,0,30
2023-05-25T23:44:17,0,30,0,30
2023-05-25T23:55:54,0,30,0,30
2023-05-26T00:07:50,0,30,0,30
2023-05-26T00:19:30,0,30,0,30
2023-05-26T00:31:09,0,30,0,30
2023-05-26T00:42:48,0,30,0,30
2023-05-26T00:54:26,0,30,0,30
2023-05-26T01:06:06,0,30,0,30
2023-05-26T01:17:44,0,30,0,30
2023-05-26T01:29:22,0,30,0,30
2023-05-26T01:41:00,0,30,0,30
2023-05-26T01:52:49,0,30,0,30
2023-05-26T02:04:31,0,30,0,30
2023-05-26T02:16:09,0,30,0,30
2023-05-26T02:27:46,0,30,0,30
2023-05-26T02:39:25,0,30,0,30
2023-05-26T02:51:14,0,30,0,30
2023-05-26T03:02:54,0,30,0,30
2023-05-26T03:14:33,0,30,0,30
2023-05-26T03:26:14,0,30,0,30
2023-05-26T03:37:53,0,30,0,30
2023-05-26T03:49:31,0,30,0,30
2023-05-26T04:01:10,0,30,0,30
2023-05-26T04:12:58,0,30,0,30
2023-05-26T04:35:22,0,30,0,30
2023-05-26T04:47:02,0,30,0,30
2023-05-26T04:58:43,0,30,0,30
2023-05-26T05:10:25,0,30,0,30
2023-05-26T05:22:04,0,30,0,30
2023-05-26T05:33:42,0,30,0,30
2023-05-26T05:45:22,0,30,0,30
2023-05-26T05:57:00,0,30,0,30
2023-05-26T06:08:38,0,30,0,30
2023-05-26T06:20:18,0,30,0,30
2023-05-26T06:31:57,0,30,0,30
2023-05-26T06:43:36,0,30,0,30
2023-05-26T06:55:14,0,30,0,30
2023-05-26T07:06:52,0,30,0,30
2023-05-26T07:18:31,0,30,0,30
2023-05-26T07:30:17,0,30,0,30
2023-05-26T07:41:54,0,30,0,30
2023-05-26T07:53:32,0,30,0,30
2023-05-26T08:05:08,0,30,0,30
2023-05-26T08:16:44,0,30,0,30
2023-05-26T08:28:20,0,30,0,30
2023-05-26T08:39:56,0,30,0,30
2023-05-26T08:51:33,0,30,0,30
2023-05-26T09:03:09,0,30,0,30
2023-05-26T09:14:45,0,30,0,30
2023-05-26T09:26:21,0,30,0,30
2023-05-26T09:38:08,0,30,0,30
2023-05-26T09:49:44,0,30,0,30
2023-05-26T10:01:20,0,30,0,30
2023-05-26T10:12:57,0,30,0,30
2023-05-26T10:24:33,0,30,0,30
2023-05-26T10:36:10,0,30,0,30
2023-05-26T10:47:58,0,30,0,30
2023-05-26T10:59:34,0,30,0,30
2023-05-26T11:11:11,0,30,0,30
2023-05-26T11:22:47,0,30,0,30
2023-05-26T11:34:23,0,30,0,30
2023-05-26T11:46:10,0,30,0,30
2023-05-26T11:57:45,0,30,0,30
2023-05-26T12:09:22,0,30,0,30
2023-05-26T12:20:58,0,30,0,30
2023-05-26T12:32:34,0,30,0,30
2023-05-26T12:44:21,0,30,0,30
2023-05-26T12:55:57,0,30,0,30
2023-05-26T13:07:33,0,30,0,30
2023-05-26T13:19:09,0,30,0,30
2023-05-26T13:30:55,0,30,0,30
2023-05-26T13:42:31,0,30,0,30
2023-05-26T13:54:07,0,30,0,30
2023-05-26T14:05:43,0,30,0,30
2023-05-26T14:17:19,0,30,0,30
2023-05-26T14:29:06,0,30,0,30
2023-05-26T14:40:42,0,30,0,30
2023-05-26T14:52:18,0,30,0,30
2023-05-26T15:03:54,0,30,0,30
2023-05-26T15:15:32,0,30,0,30
2023-05-26T15:27:19,0,30,0,30
2023-05-26T15:38:54,0,30,0,30
2023-05-26T15:50:30,0,30,0,30
2023-05-26T16:02:06,0,30,0,30
2023-05-26T16:13:42,0,30,0,30
2023-05-26T16:25:17,0,30,0,30
2023-05-26T16:37:03,0,30,0,30
2023-05-26T16:48:39,0,30,0,30
2023-05-26T17:00:15,0,30,0,30
2023-05-26T17:11:51,0,30,0,30
2023-05-26T17:23:27,0,30,0,30
2023-05-26T17:35:03,0,30,0,30
2023-05-26T17:46:49,0,30,0,30
2023-05-26T17:58:24,0,30,0,30
2023-05-26T18:10:00,0,30,0,30
2023-05-26T18:21:36,0,30,0,30
2023-05-26T18:33:12,0,30,0,30
2023-05-26T18:44:47,0,30,0,30
2023-05-26T18:56:33,0,30,0,30
2023-05-26T19:08:09,0,30,0,30
2023-05-26T19:19:46,0,30,0,30
2023-05-26T19:31:22,0,30,0,30
2023-05-26T19:42:57,0,30,0,30
2023-05-26T19:54:33,0,30,0,30
2023-05-26T20:06:09,0,30,0,30
2023-05-26T20:17:54,0,30,0,30
2023-05-26T20:29:30,0,30,0,30
2023-05-26T20:41:05,0,30,0,30
2023-05-26T20:52:41,0,30,0,30
2023-05-26T21:04:16,0,30,0,30
2023-05-26T21:15:53,0,30,0,30
2023-05-26T21:27:29,0,30,0,30
2023-05-26T21:39:05,0,30,0,30
2023-05-26T21:50:51,0,30,0,30
2023-05-26T22:02:28,0,30,0,30
2023-05-26T22:14:03,0,30,0,30
2023-05-26T22:25:40,0,30,0,30
2023-05-26T22:37:16,0,30,0,30
2023-05-26T22:48:51,0,30,0,30
2023-05-26T23:00:27,0,30,0,30
2023-05-26T23:12:16,0,30,0,30
2023-05-26T23:23:52,0,30,0,30
2023-05-26T23:35:29,0,30,0,30
2023-05-26T23:47:06,0,30,0,30
2023-05-26T23:58:41,0,30,0,30
2023-05-27T00:10:19,0,30,0,30
2023-05-27T00:22:00,0,30,0,30
2023-05-27T00:33:38,0,30,0,30
2023-05-27T00:45:17,0,30,0,30
2023-05-27T00:56:57,0,30,0,30
2023-05-27T01:08:35,0,30,0,30
2023-05-27T01:20:24,0,30,0,30
2023-05-27T01:32:03,0,30,0,30
2023-05-27T01:43:43,0,30,0,30
2023-05-27T01:55:22,0,30,0,30
2023-05-27T02:06:59,0,30,0,30
2023-05-27T02:18:37,0,30,0,30
2023-05-27T02:30:14,0,30,0,30
2023-05-27T02:41:51,0,30,0,30
2023-05-27T02:53:27,0,30,0,30
2023-05-27T03:05:03,0,30,0,30
2023-05-27T03:16:42,0,30,0,30
2023-05-27T03:28:19,0,30,0,30
2023-05-27T03:39:56,0,30,0,30
2023-05-27T03:51:34,0,30,0,30
2023-05-27T04:03:13,0,30,0,30
2023-05-27T04:15:06,0,30,0,30
2023-05-27T04:37:41,0,30,0,30
2023-05-27T04:49:39,0,30,0,30
2023-05-27T05:01:18,0,30,0,30
2023-05-27T05:12:57,0,30,0,30
2023-05-27T05:24:36,0,30,0,30
2023-05-27T05:36:16,0,30,0,30
2023-05-27T05:47:55,0,30,0,30
2023-05-27T05:59:33,0,30,0,30
2023-05-27T06:11:11,0,30,0,30
2023-05-27T06:22:53,0,30,0,30
2023-05-27T06:34:31,0,30,0,30
2023-05-27T06:46:10,0,30,0,30
2023-05-27T06:57:48,0,30,0,30
2023-05-27T07:09:26,0,30,0,30
2023-05-27T07:21:04,0,30,0,30
2023-05-27T07:32:42,0,30,0,30
2023-05-27T07:44:19,0,30,0,30
2023-05-27T07:56:10,0,30,0,30
2023-05-27T08:07:48,0,30,0,30
2023-05-27T08:19:25,0,30,0,30
2023-05-27T08:31:03,0,30,0,30
2023-05-27T08:42:42,0,30,0,30
2023-05-27T08:54:20,0,30,0,30
2023-05-27T09:05:58,0,30,0,30
2023-05-27T09:17:35,0,30,0,30
2023-05-27T09:29:15,0,30,0,30
2023-05-27T09:40:52,0,30,0,30
2023-05-27T09:52:30,0,30,0,30
2023-05-27T10:04:07,0,30,0,30
2023-05-27T10:16:02,0,30,0,30
2023-05-27T10:27:38,0,30,0,30
2023-05-27T10:39:16,0,30,0,30
2023-05-27T10:50:53,0,30,0,30
2023-05-27T11:02:30,0,30,0,30
2023-05-27T11:14:05,0,30,0,30
2023-05-27T11:25:40,0,30,0,30
2023-05-27T11:37:15,0,30,0,30
2023-05-27T11:48:50,0,30,0,30
2023-05-27T12:00:25,0,30,0,30
2023-05-27T12:12:10,0,30,0,30
2023-05-27T12:23:45,0,30,0,30
2023-05-27T12:35:20,0,30,0,30
2023-05-27T12:46:56,0,30,0,30
2023-05-27T12:58:31,0,30,0,30
2023-05-27T13:10:06,0,30,0,30
2023-05-27T13:21:41,0,30,0,30
2023-05-27T13:33:36,0,30,0,30
2023-05-27T13:45:11,0,30,0,30
2023-05-27T13:56:46,0,30,0,30
2023-05-27T14:08:22,0,30,0,30
2023-05-27T14:19:58,0,30,0,30
2023-05-27T14:31:33,0,30,0,30
2023-05-27T14:43:08,0,30,0,30
2023-05-27T14:54:43,0,30,0,30
2023-05-27T15:06:29,0,30,0,30
2023-05-27T15:18:04,0,30,0,30
2023-05-27T15:29:39,0,30,0,30
2023-05-27T15:41:15,0,30,0,30
2023-05-27T15:52:49,0,30,0,30
2023-05-27T16:04:24,0,30,0,30
2023-05-27T16:15:59,0,30,0,30
2023-05-27T16:27:44,0,30,0,30
2023-05-27T16:39:20,0,30,0,30
2023-05-27T16:50:55,0,30,0,30
2023-05-27T17:02:31,0,30,0,30
2023-05-27T17:14:09,0,30,0,30
2023-05-27T17:25:44,0,30,0,30
2023-05-27T17:37:20,0,30,0,30
2023-05-27T17:49:05,0,30,0,30
2023-05-27T18:00:40,0,30,0,30
2023-05-27T18:12:16,0,30,0,30
2023-05-27T18:23:52,0,30,0,30
2023-05-27T18:35:27,0,30,0,30
2023-05-27T18:47:02,0,30,0,30
2023-05-27T18:58:37,0,30,0,30
2023-05-27T19:10:33,0,30,0,30
2023-05-27T19:22:08,0,30,0,30
2023-05-27T19:33:45,0,30,0,30
2023-05-27T19:45:20,0,30,0,30
2023-05-27T19:56:55,0,30,0,30
2023-05-27T20:08:31,0,30,0,30
2023-05-27T20:20:06,0,30,0,30
2023-05-27T20:31:41,0,30,0,30
2023-05-27T20:43:16,0,30,0,30
2023-05-27T20:55:01,0,30,0,30
2023-05-27T21:06:36,0,30,0,30
2023-05-27T21:18:11,0,30,0,30
2023-05-27T21:29:47,0,30,0,30
2023-05-27T21:41:22,0,30,0,30
2023-05-27T21:52:57,0,30,0,30
2023-05-27T22:04:33,0,30,0,30
2023-05-27T22:16:17,0,30,0,30
2023-05-27T22:27:53,0,30,0,30
2023-05-27T22:39:29,0,30,0,30
2023-05-27T22:51:04,0,30,0,30
2023-05-27T23:02:42,0,30,0,30
2023-05-27T23:14:20,0,30,0,30
2023-05-27T23:25:55,0,30,0,30
2023-05-27T23:37:48,0,30,0,30
2023-05-27T23:49:23,0,30,0,30
2023-05-28T00:00:59,0,30,0,30
2023-05-28T00:12:36,0,30,0,30
2023-05-28T00:24:17,0,30,0,30
2023-05-28T00:35:54,0,30,0,30
2023-05-28T00:47:32,0,30,0,30
2023-05-28T00:59:08,0,30,0,30
2023-05-28T01:10:44,0,30,0,30
2023-05-28T01:22:21,0,30,0,30
2023-05-28T01:34:06,0,30,0,30
2023-05-28T01:45:42,0,30,0,30
2023-05-28T01:57:17,0,30,0,30
2023-05-28T02:08:53,0,30,0,30
2023-05-28T02:20:29,0,30,0,30
2023-05-28T02:32:06,0,30,0,30
2023-05-28T02:43:46,0,30,0,30
2023-05-28T02:55:27,0,30,0,30
2023-05-28T03:07:08,0,30,0,30
2023-05-28T03:18:48,0,30,0,30
2023-05-28T03:30:27,0,30,0,30
2023-05-28T03:42:36,0,30,0,30
2023-05-28T03:55:04,0,30,0,30
2023-05-28T04:06:52,0,30,0,30
2023-05-28T04:32:33,0,30,0,30
2023-05-28T04:45:45,0,30,0,30
2023-05-28T04:57:26,0,30,0,30
2023-05-28T05:09:05,0,30,0,30
2023-05-28T05:20:43,0,30,0,30
2023-05-28T05:32:21,0,30,0,30
2023-05-28T05:44:05,0,30,0,30
2023-05-28T05:55:45,0,30,0,30
2023-05-28T06:07:24,0,30,0,30
2023-05-28T06:19:03,0,30,0,30
2023-05-28T06:30:41,0,30,0,30
2023-05-28T06:42:19,0,30,0,30
2023-05-28T06:53:57,0,30,0,30
2023-05-28T07:05:35,0,30,0,30
2023-05-28T07:17:13,0,30,0,30
2023-05-28T07:28:52,0,30,0,30
2023-05-28T07:40:30,0,30,0,30
2023-05-28T07:52:09,0,30,0,30
2023-05-28T08:03:51,0,30,0,30
2023-05-28T08:15:30,0,30,0,30
2023-05-28T08:27:08,0,30,0,30
2023-05-28T08:38:45,0,30,0,30
2023-05-28T08:50:24,0,30,0,30
2023-05-28T09:02:03,0,30,0,30
2023-05-28T09:13:39,0,30,0,30
2023-05-28T09:25:24,0,30,0,30
2023-05-28T09:36:59,0,30,0,30
2023-05-28T09:48:36,0,30,0,30
2023-05-28T10:00:12,0,30,0,30
2023-05-28T10:11:48,0,30,0,30
2023-05-28T10:23:24,0,30,0,30
2023-05-28T10:34:59,0,30,0,30
2023-05-28T10:46:35,0,30,0,30
2023-05-28T10:58:10,0,30,0,30
2023-05-28T11:09:47,0,30,0,30
2023-05-28T11:21:23,0,30,0,30
2023-05-28T11:32:59,0,30,0,30
2023-05-28T11:44:34,0,30,0,30
2023-05-28T11:56:10,0,30,0,30
2023-05-28T12:07:54,0,30,0,30
2023-05-28T12:19:30,0,30,0,30
2023-05-28T12:31:06,0,30,0,30
2023-05-28T12:42:42,0,30,0,30
2023-05-28T12:54:18,0,30,0,30
2023-05-28T13:05:54,0,30,0,30
2023-05-28T13:17:29,0,30,0,30
2023-05-28T13:29:05,0,30,0,30
2023-05-28T13:40:41,0,30,0,30
2023-05-28T13:52:16,0,30,0,30
2023-05-28T14:03:51,0,30,0,30
2023-05-28T14:15:36,0,30,0,30
2023-05-28T14:27:11,0,30,0,30
2023-05-28T14:38:47,0,30,0,30
2023-05-28T14:50:22,0,30,0,30
2023-05-28T15:01:57,0,30,0,30
2023-05-28T15:13:33,0,30,0,30
2023-05-28T15:25:09,0,30,0,30
2023-05-28T15:36:45,0,30,0,30
2023-05-28T15:48:20,0,30,0,30
2023-05-28T15:59:56,0,30,0,30
2023-05-28T16:11:41,0,30,0,30
2023-05-28T16:23:18,0,30,0,30
2023-05-28T16:34:54,0,30,0,30
2023-05-28T16:46:29,0,30,0,30
2023-05-28T16:58:04,0,30,0,30
2023-05-28T17:09:39,0,30,0,30
2023-05-28T17:21:15,0,30,0,30
2023-05-28T17:32:51,0,30,0,30
2023-05-28T17:44:26,0,30,0,30
2023-05-28T17:56:11,0,30,0,30
2023-05-28T18:07:47,0,30,0,30
2023-05-28T18:19:22,0,30,0,30
2023-05-28T18:30:58,0,30,0,30
2023-05-28T18:42:33,0,30,0,30
2023-05-28T18:54:08,0,30,0,30
2023-05-28T19:05:45,0,30,0,30
2023-05-28T19:17:21,0,30,0,30
2023-05-28T19:28:57,0,30,0,30
2023-05-28T19:40:42,0,30,0,30
2023-05-28T19:52:18,0,30,0,30
2023-05-28T20:03:52,0,30,0,30
2023-05-28T20:15:28,0,30,0,30
2023-05-28T20:27:03,0,30,0,30
2023-05-28T20:38:38,0,30,0,30
2023-05-28T20:50:14,0,30,0,30
2023-05-28T21:01:49,0,30,0,30
2023-05-28T21:13:24,0,30,0,30
2023-05-28T21:25:00,0,30,0,30
2023-05-28T21:36:45,0,30,0,30
2023-05-28T21:48:20,0,30,0,30
2023-05-28T21:59:56,0,30,0,30
2023-05-28T22:11:31,0,30,0,30
2023-05-28T22:23:07,0,30,0,30
2023-05-28T22:34:43,0,30,0,30
2023-05-28T22:46:19,0,30,0,30
2023-05-28T22:57:55,0,30,0,30
2023-05-28T23:09:43,0,30,0,30
2023-05-28T23:21:19,0,30,0,30
2023-05-28T23:32:56,0,30,0,30
2023-05-28T23:44:32,0,30,0,30
2023-05-28T23:56:08,0,30,0,30
2023-05-29T00:07:46,0,30,0,30
2023-05-29T00:19:34,0,30,0,30
2023-05-29T00:31:18,0,30,0,30
2023-05-29T00:42:57,0,30,0,30
2023-05-29T00:54:35,0,30,0,30
2023-05-29T01:06:24,0,30,0,30
2023-05-29T01:18:05,0,30,0,30
2023-05-29T01:29:44,0,30,0,30
2023-05-29T01:41:22,0,30,0,30
2023-05-29T01:53:00,0,30,0,30
2023-05-29T02:04:45,0,30,0,30
2023-05-29T02:16:23,0,30,0,30
2023-05-29T02:28:00,0,30,0,30
2023-05-29T02:39:38,0,30,0,30
2023-05-29T02:51:14,0,30,0,30
2023-05-29T03:02:50,0,30,0,30
2023-05-29T03:14:28,0,30,0,30
2023-05-29T03:26:06,0,30,0,30
2023-05-29T03:37:44,0,30,0,30
2023-05-29T03:49:30,0,30,0,30
2023-05-29T04:01:09,0,30,0,30
2023-05-29T04:12:49,0,30,0,30
2023-05-29T04:35:32,0,30,0,30
2023-05-29T04:48:23,0,30,0,30
2023-05-29T05:00:21,0,30,0,30
2023-05-29T05:12:00,0,30,0,30
2023-05-29T05:23:39,0,30,0,30
2023-05-29T05:35:18,0,30,0,30
2023-05-29T05:46:57,0,30,0,30
2023-05-29T05:58:35,0,30,0,30
2023-05-29T06:10:13,0,30,0,30
2023-05-29T06:21:52,0,30,0,30
2023-05-29T06:33:30,0,30,0,30
2023-05-29T06:45:08,0,30,0,30
2023-05-29T06:56:47,0,30,0,30
2023-05-29T07:08:24,0,30,0,30
2023-05-29T07:19:59,0,30,0,30
2023-05-29T07:31:43,0,30,0,30
2023-05-29T07:43:18,0,30,0,30
2023-05-29T07:54:54,0,30,0,30
2023-05-29T08:06:29,0,30,0,30
2023-05-29T08:18:04,0,30,0,30
2023-05-29T08:29:38,0,30,0,30
2023-05-29T08:41:14,0,30,0,30
2023-05-29T08:52:49,0,30,0,30
2023-05-29T09:04:24,0,30,0,30
2023-05-29T09:16:00,0,30,0,30
2023-05-29T09:27:35,0,30,0,30
2023-05-29T09:39:10,0,30,0,30
2023-05-29T09:50:56,0,30,0,30
2023-05-29T10:02:32,0,30,0,30
2023-05-29T10:14:07,0,30,0,30
2023-05-29T10:25:42,0,30,0,30
2023-05-29T10:37:17,0,30,0,30
2023-05-29T10:48:52,0,30,0,30
2023-05-29T11:00:27,0,30,0,30
2023-05-29T11:12:12,0,30,0,30
2023-05-29T11:23:47,0,30,0,30
2023-05-29T11:35:22,0,30,0,30
2023-05-29T11:46:58,0,30,0,30
2023-05-29T11:58:32,0,30,0,30
2023-05-29T12:10:08,0,30,0,30
2023-05-29T12:21:52,0,30,0,30
2023-05-29T12:33:28,0,30,0,30
2023-05-29T12:45:05,0,30,0,30
2023-05-29T12:56:40,0,30,0,30
2023-05-29T13:08:16,0,30,0,30
2023-05-29T13:20:01,0,30,0,30
2023-05-29T13:31:38,0,30,0,30
2023-05-29T13:43:14,0,30,0,30
2023-05-29T13:54:49,0,30,0,30
2023-05-29T14:06:25,0,30,0,30
2023-05-29T14:18:11,0,30,0,30
2023-05-29T14:29:47,0,30,0,30
2023-05-29T14:41:25,0,30,0,30
2023-05-29T14:53:02,0,30,0,30
2023-05-29T15:04:49,0,30,0,30
2023-05-29T15:16:26,0,30,0,30
2023-05-29T15:28:01,0,30,0,30
2023-05-29T15:39:37,0,30,0,30
2023-05-29T15:51:24,0,30,0,30
2023-05-29T16:03:01,0,30,0,30
2023-05-29T16:14:38,0,30,0,30
2023-05-29T16:26:15,0,30,0,30
2023-05-29T16:37:52,0,30,0,30
2023-05-29T16:49:36,0,30,0,30
2023-05-29T17:01:15,0,30,0,30
2023-05-29T17:12:53,0,30,0,30
2023-05-29T17:24:31,0,30,0,30
2023-05-29T17:36:07,0,30,0,30
2023-05-29T17:47:52,0,30,0,30
2023-05-29T17:59:30,0,30,0,30
2023-05-29T18:11:08,0,30,0,30
2023-05-29T18:22:45,0,30,0,30
2023-05-29T18:34:22,0,30,0,30
2023-05-29T18:46:12,0,30,0,30
2023-05-29T18:57:47,0,30,0,30
2023-05-29T19:09:24,0,30,0,30
2023-05-29T19:21:01,0,30,0,30
2023-05-29T19:32:37,0,30,0,30
2023-05-29T19:44:22,0,30,0,30
2023-05-29T19:55:59,0,30,0,30
2023-05-29T20:07:36,0,30,0,30
2023-05-29T20:19:14,0,30,0,30
2023-05-29T20:30:51,0,30,0,30
2023-05-29T20:42:37,0,30,0,30
2023-05-29T20:54:13,0,30,0,30
2023-05-29T21:05:50,0,30,0,30
2023-05-29T21:17:27,0,30,0,30
2023-05-29T21:29:03,0,30,0,30
2023-05-29T21:40:53,0,30,0,30
2023-05-29T21:52:31,0,30,0,30
2023-05-29T22:04:08,0,30,0,30
2023-05-29T22:15:43,0,30,0,30
2023-05-29T22:27:19,0,30,0,30
2023-05-29T22:39:04,0,30,0,30
2023-05-29T22:50:40,0,30,0,30
2023-05-29T23:02:16,0,30,0,30
2023-05-29T23:13:53,0,30,0,30
2023-05-29T23:25:29,0,30,0,30
2023-05-29T23:37:15,0,30,0,30
2023-05-29T23:48:52,0,30,0,30
2023-05-30T00:00:27,0,30,0,30
2023-05-30T00:12:06,0,30,0,30
2023-05-30T00:23:43,0,30,0,30
2023-05-30T00:35:20,0,30,0,30
2023-05-30T00:46:59,0,30,0,30
2023-05-30T00:58:45,0,30,0,30
2023-05-30T01:10:23,0,30,0,30
2023-05-30T01:22:01,0,30,0,30
2023-05-30T01:33:38,0,30,0,30
2023-05-30T01:45:14,0,30,0,30
2023-05-30T01:56:50,0,30,0,30
2023-05-30T02:08:27,0,30,0,30
2023-05-30T02:20:05,0,30,0,30
2023-05-30T02:31:50,0,30,0,30
2023-05-30T02:43:27,0,30,0,30
2023-05-30T02:55:13,0,30,0,30
2023-05-30T03:06:51,0,30,0,30
2023-05-30T03:18:30,0,30,0,30
2023-05-30T03:30:08,0,30,0,30
2023-05-30T03:41:46,0,30,0,30
2023-05-30T03:53:24,0,30,0,30
2023-05-30T04:05:01,0,30,0,30
2023-05-30T04:16:39,0,30,0,30
2023-05-30T04:38:48,0,30,0,30
2023-05-30T04:50:29,0,30,0,30
2023-05-30T05:02:09,0,30,0,30
2023-05-30T05:13:48,0,30,0,30
2023-05-30T05:25:27,0,30,0,30
2023-05-30T05:37:05,0,30,0,30
2023-05-30T05:48:44,0,30,0,30
2023-05-30T06:00:23,0,30,0,30
2023-05-30T06:12:01,0,30,0,30
2023-05-30T06:23:40,0,30,0,30
2023-05-30T06:35:19,0,30,0,30
2023-05-30T06:46:57,0,30,0,30
2023-05-30T06:58:35,0,30,0,30
2023-05-30T07:10:13,0,30,0,30
2023-05-30T07:21:49,0,30,0,30
2023-05-30T07:33:25,0,30,0,30
2023-05-30T07:45:04,0,30,0,30
2023-05-30T07:56:40,0,30,0,30
2023-05-30T08:08:16,0,30,0,30
2023-05-30T08:20:02,0,30,0,30
2023-05-30T08:31:39,0,30,0,30
2023-05-30T08:43:15,0,30,0,30
2023-05-30T08:54:52,0,30,0,30
2023-05-30T09:06:28,0,30,0,30
2023-05-30T09:18:05,0,30,0,30
2023-05-30T09:29:43,0,30,0,30
2023-05-30T09:41:32,0,30,0,30
2023-05-30T09:53:09,0,30,0,30
2023-05-30T10:04:49,0,30,0,30
2023-05-30T10:16:27,0,30,0,30
2023-05-30T10:28:17,0,30,0,30
2023-05-30T10:40:00,0,30,0,30
2023-05-30T10:51:39,0,30,0,30
2023-05-30T11:03:20,0,30,0,30
2023-05-30T11:15:16,0,30,0,30
2023-05-30T11:26:55,0,30,0,30
2023-05-30T11:38:46,0,30,0,30
2023-05-30T11:50:26,0,30,0,30
2023-05-30T12:02:08,0,30,0,30
2023-05-30T12:13:56,0,30,0,30
2023-05-30T12:25:34,0,30,0,30
2023-05-30T12:37:14,0,30,0,30
2023-05-30T12:48:57,0,30,0,30
2023-05-30T13:00:51,0,30,0,30
2023-05-30T13:12:35,0,30,0,30
2023-05-30T13:24:15,0,30,0,30
2023-05-30T13:36:05,0,30,0,30
2023-05-30T13:47:47,0,30,0,30
2023-05-30T13:59:27,0,30,0,30
2023-05-30T14:11:21,0,30,0,30
2023-05-30T14:23:02,0,30,0,30
2023-05-30T14:34:56,0,30,0,30
2023-05-30T14:46:34,0,30,0,30
2023-05-30T14:58:13,0,30,0,30
2023-05-30T15:10:06,0,30,0,30
2023-05-30T15:21:47,0,30,0,30
2023-05-30T15:33:27,0,30,0,30
2023-05-30T15:45:20,0,30,0,30
2023-05-30T15:57:00,0,30,0,30
2023-05-30T16:08:44,0,30,0,30
2023-05-30T16:20:36,0,30,0,30
2023-05-30T16:32:19,0,30,0,30
2023-05-30T16:43:56,0,30,0,30
2023-05-30T16:55:35,0,30,0,30
2023-05-30T17:07:27,0,30,0,30
2023-05-30T17:19:06,0,30,0,30
2023-05-30T17:30:45,0,30,0,30
2023-05-30T17:42:35,0,30,0,30
2023-05-30T17:54:13,0,30,0,30
2023-05-30T18:06:00,0,30,0,30
2023-05-30T18:17:39,0,30,0,30
2023-05-30T18:29:29,0,30,0,30
2023-05-30T18:41:09,0,30,0,30
2023-05-30T18:52:48,0,30,0,30
2023-05-30T19:04:27,0,30,0,30
2023-05-30T19:16:18,0,30,0,30
2023-05-30T19:27:57,0,30,0,30
2023-05-30T19:39:36,0,30,0,30
2023-05-30T19:51:15,0,30,0,30
2023-05-30T20:03:04,0,30,0,30
2023-05-30T20:14:43,0,30,0,30
2023-05-30T20:26:22,0,30,0,30
2023-05-30T20:38:00,0,30,0,30
2023-05-30T20:49:49,0,30,0,30
2023-05-30T21:01:30,0,30,0,30
2023-05-30T21:13:08,0,30,0,30
2023-05-30T21:24:48,0,30,0,30
2023-05-30T21:36:26,0,30,0,30
2023-05-30T21:48:15,0,30,0,30
2023-05-30T21:59:52,0,30,0,30
2023-05-30T22:11:31,0,30,0,30
2023-05-30T22:23:08,0,30,0,30
2023-05-30T22:34:56,0,30,0,30
2023-05-30T22:46:32,0,30,0,30
2023-05-30T22:58:08,0,30,0,30
2023-05-30T23:09:44,0,30,0,30
2023-05-30T23:21:23,0,30,0,30
2023-05-30T23:33:00,0,30,0,30
2023-05-30T23:44:48,0,30,0,30
2023-05-30T23:56:24,0,30,0,30
2023-05-31T00:08:02,0,30,0,30
2023-05-31T00:19:43,0,30,0,30
2023-05-31T00:31:22,0,30,0,30
2023-05-31T00:43:01,0,30,0,30
2023-05-31T00:54:39,0,30,0,30
2023-05-31T01:06:17,0,30,0,30
2023-05-31T01:18:09,0,30,0,30
2023-05-31T01:29:48,0,30,0,30
2023-05-31T01:41:27,0,30,0,30
2023-05-31T01:53:05,0,30,0,30
2023-05-31T02:04:44,0,30,0,30
2023-05-31T02:16:23,0,30,0,30
2023-05-31T02:28:00,0,30,0,30
2023-05-31T02:39:39,0,30,0,30
2023-05-31T02:51:16,0,30,0,30
2023-05-31T03:02:55,0,30,0,30
2023-05-31T03:14:45,0,30,0,30
2023-05-31T03:26:24,0,30,0,30
2023-05-31T03:38:04,0,30,0,30
2023-05-31T03:49:44,0,30,0,30
2023-05-31T04:01:38,0,30,0,30
2023-05-31T04:13:18,0,30,0,30
2023-05-31T04:36:36,0,30,0,30
2023-05-31T04:48:34,0,30,0,30
2023-05-31T05:00:15,0,30,0,30
2023-05-31T05:11:56,0,30,0,30
2023-05-31T05:23:36,0,30,0,30
2023-05-31T05:35:17,0,30,0,30
2023-05-31T05:46:58,0,30,0,30
2023-05-31T05:58:36,0,30,0,30
2023-05-31T06:10:16,0,30,0,30
2023-05-31T06:21:54,0,30,0,30
2023-05-31T06:33:33,0,30,0,30
2023-05-31T06:45:12,0,30,0,30
2023-05-31T06:56:51,0,30,0,30
2023-05-31T07:08:30,0,30,0,30
2023-05-31T07:20:07,0,30,0,30
2023-05-31T07:31:45,0,30,0,30
2023-05-31T07:43:26,0,30,0,30
2023-05-31T07:55:04,0,30,0,30
2023-05-31T08:06:41,0,30,0,30
2023-05-31T08:18:29,0,30,0,30
2023-05-31T08:30:08,0,30,0,30
2023-05-31T08:41:47,0,30,0,30
2023-05-31T08:53:27,0,30,0,30
2023-05-31T09:05:08,0,30,0,30
2023-05-31T09:16:47,0,30,0,30
2023-05-31T09:28:27,0,30,0,30
2023-05-31T09:40:17,0,30,0,30
2023-05-31T09:51:57,0,30,0,30
2023-05-31T10:03:36,0,30,0,30
2023-05-31T10:15:15,1,29,0,30
2023-05-31T10:26:54,1,29,0,30
2023-05-31T10:38:45,1,29,0,30
2023-05-31T10:50:29,1,29,0,30
2023-05-31T11:02:08,1,29,0,30
2023-05-31T11:13:48,1,29,0,30
2023-05-31T11:25:39,1,29,0,30
2023-05-31T11:37:18,1,29,0,30
2023-05-31T11:48:57,1,29,0,30
2023-05-31T12:00:36,1,29,0,30
2023-05-31T12:12:27,1,29,0,30
2023-05-31T12:24:06,1,29,0,30
2023-05-31T12:35:45,0,30,0,30
2023-05-31T12:47:23,0,30,0,30
2023-05-31T12:59:12,0,30,0,30
2023-05-31T13:10:49,0,30,0,30
2023-05-31T13:22:27,0,30,0,30
2023-05-31T13:34:07,0,30,0,30
2023-05-31T13:45:55,0,30,0,30
2023-05-31T13:57:32,0,30,0,30
2023-05-31T14:09:10,0,30,0,30
2023-05-31T14:20:48,0,30,0,30
2023-05-31T14:32:26,0,30,0,30
2023-05-31T14:44:15,0,30,0,30
2023-05-31T14:55:55,0,30,0,30
2023-05-31T15:07:35,0,30,0,30
2023-05-31T15:19:14,0,30,0,30
2023-05-31T15:30:52,0,30,0,30
2023-05-31T15:42:40,0,30,0,30
2023-05-31T15:54:18,0,30,0,30
2023-05-31T16:05:56,0,30,0,30
2023-05-31T16:17:34,0,30,0,30
2023-05-31T16:29:13,0,30,0,30
2023-05-31T16:41:02,0,30,0,30
2023-05-31T16:52:39,0,30,0,30
2023-05-31T17:04:18,0,30,0,30
2023-05-31T17:15:58,0,30,0,30
2023-05-31T17:27:36,0,30,0,30
2023-05-31T17:39:14,0,30,0,30
2023-05-31T17:50:53,0,30,0,30
2023-05-31T18:02:42,0,30,0,30
2023-05-31T18:14:20,0,30,0,30
2023-05-31T18:25:58,0,30,0,30
2023-05-31T18:37:36,0,30,0,30
2023-05-31T18:49:14,0,30,0,30
2023-05-31T19:00:52,0,30,0,30
2023-05-31T19:12:31,0,30,0,30
2023-05-31T19:24:20,0,30,0,30
2023-05-31T19:35:58,0,30,0,30
2023-05-31T19:47:36,0,30,0,30
2023-05-31T19:59:14,0,30,0,30
2023-05-31T20:10:52,0,30,0,30
2023-05-31T20:22:30,0,30,0,30
2023-05-31T20:34:08,0,30,0,30
2023-05-31T20:45:56,0,30,0,30
2023-05-31T20:57:34,0,30,0,30
2023-05-31T21:09:12,0,30,0,30
2023-05-31T21:20:50,0,30,0,30
2023-05-31T21:32:28,0,30,0,30
2023-05-31T21:44:06,0,30,0,30
2023-05-31T21:55:44,0,30,0,30
2023-05-31T22:07:21,0,30,0,30
2023-05-31T22:19:10,0,30,0,30
2023-05-31T22:30:48,0,30,0,30
2023-05-31T22:42:26,0,30,0,30
2023-05-31T22:54:04,0,30,0,30
2023-05-31T23:05:43,0,30,0,30
2023-05-31T23:17:21,0,30,0,30
2023-05-31T23:29:11,0,30,0,30
2023-05-31T23:40:49,0,30,0,30
2023-05-31T23:52:28,0,30,0,30
2023-06-01T00:04:08,0,30,0,30
2023-06-01T00:15:53,0,30,0,30
2023-06-01T00:27:34,0,30,0,30
2023-06-01T00:39:15,0,30,0,30
2023-06-01T00:50:57,0,30,0,30
2023-06-01T01:02:39,0,30,0,30
2023-06-01T01:14:19,0,30,0,30
2023-06-01T01:26:01,0,30,0,30
2023-06-01T01:37:52,0,30,0,30
2023-06-01T01:49:31,0,30,0,30
2023-06-01T02:01:10,0,30,0,30
2023-06-01T02:12:49,0,30,0,30
2023-06-01T02:24:27,0,30,0,30
2023-06-01T02:36:07,0,30,0,30
2023-06-01T02:47:47,0,30,0,30
2023-06-01T02:59:26,0,30,0,30
2023-06-01T03:11:08,0,30,0,30
2023-06-01T03:22:49,0,30,0,30
2023-06-01T03:34:30,0,30,0,30
2023-06-01T03:46:12,0,30,0,30
2023-06-01T03:57:53,0,30,0,30
2023-06-01T04:09:34,0,30,0,30
2023-06-01T04:35:12,0,30,0,30
2023-06-01T04:48:14,0,30,0,30
2023-06-01T05:00:15,0,30,0,30
2023-06-01T05:11:58,0,30,0,30
2023-06-01T05:23:39,0,30,0,30
2023-06-01T05:35:20,0,30,0,30
2023-06-01T05:47:02,0,30,0,30
2023-06-01T05:58:43,0,30,0,30
2023-06-01T06:10:24,0,30,0,30
2023-06-01T06:22:05,0,30,0,30
2023-06-01T06:33:46,0,30,0,30
2023-06-01T06:45:27,0,30,0,30
2023-06-01T06:57:08,0,30,0,30
2023-06-01T07:08:50,0,30,0,30
2023-06-01T07:20:30,0,30,0,30
2023-06-01T07:32:10,0,30,0,30
2023-06-01T07:43:49,0,30,0,30
2023-06-01T07:55:29,0,30,0,30
2023-06-01T08:07:14,0,30,0,30
2023-06-01T08:18:54,0,30,0,30
2023-06-01T08:30:34,0,30,0,30
2023-06-01T08:42:14,0,30,0,30
2023-06-01T08:54:05,0,30,0,30
2023-06-01T09:05:44,0,30,0,30
2023-06-01T09:17:24,0,30,0,30
2023-06-01T09:29:04,0,30,0,30
2023-06-01T09:40:42,0,30,0,30
2023-06-01T09:52:22,0,30,0,30
2023-06-01T10:04:02,0,30,0,30
2023-06-01T10:15:40,0,30,0,30
2023-06-01T10:27:19,0,30,0,30
2023-06-01T10:39:09,0,30,0,30
2023-06-01T10:50:46,0,30,0,30
2023-06-01T11:02:24,0,30,0,30
2023-06-01T11:14:03,0,30,0,30
2023-06-01T11:25:41,0,30,0,30
2023-06-01T11:37:19,0,30,0,30
2023-06-01T11:48:57,0,30,0,30
2023-06-01T12:00:45,0,30,0,30
2023-06-01T12:12:23,0,30,0,30
2023-06-01T12:24:01,0,30,0,30
2023-06-01T12:35:39,0,30,0,30
2023-06-01T12:47:18,0,30,0,30
2023-06-01T12:58:57,0,30,0,30
2023-06-01T13:10:46,0,30,0,30
2023-06-01T13:22:24,0,30,0,30
2023-06-01T13:34:02,0,30,0,30
2023-06-01T13:45:41,0,30,0,30
2023-06-01T13:57:20,0,30,0,30
2023-06-01T14:08:59,0,30,0,30
2023-06-01T14:20:48,0,30,0,30
2023-06-01T14:32:27,0,30,0,30
2023-06-01T14:44:05,0,30,0,30
2023-06-01T14:55:44,0,30,0,30
2023-06-01T15:07:25,0,30,0,30
2023-06-01T15:19:16,0,30,0,30
2023-06-01T15:30:55,0,30,0,30
2023-06-01T15:42:34,0,30,0,30
2023-06-01T15:54:12,0,30,0,30
2023-06-01T16:05:51,0,30,0,30
2023-06-01T16:17:30,0,30,0,30
2023-06-01T16:29:08,0,30,0,30
2023-06-01T16:40:59,0,30,0,30
2023-06-01T16:52:37,0,30,0,30
2023-06-01T17:04:16,0,30,0,30
2023-06-01T17:15:57,0,30,0,30
2023-06-01T17:27:36,0,30,0,30
2023-06-01T17:39:14,0,30,0,30
2023-06-01T17:50:53,0,30,0,30
2023-06-01T18:02:43,0,30,0,30
2023-06-01T18:14:21,0,30,0,30
2023-06-01T18:26:02,0,30,0,30
2023-06-01T18:37:42,0,30,0,30
2023-06-01T18:49:22,0,30,0,30
2023-06-01T19:01:03,0,30,0,30
2023-06-01T19:12:43,0,30,0,30
2023-06-01T19:24:24,0,30,0,30
2023-06-01T19:36:05,0,30,0,30
2023-06-01T19:47:45,0,30,0,30
2023-06-01T19:59:37,0,30,0,30
2023-06-01T20:11:18,0,30,0,30
2023-06-01T20:22:59,0,30,0,30
2023-06-01T20:34:39,0,30,0,30
2023-06-01T20:46:20,0,30,0,30
2023-06-01T20:58:00,0,30,0,30
2023-06-01T21:09:41,0,30,0,30
2023-06-01T21:21:21,0,30,0,30
2023-06-01T21:33:02,0,30,0,30
2023-06-01T21:44:53,0,30,0,30
2023-06-01T21:56:33,0,30,0,30
2023-06-01T22:08:14,0,30,0,30
2023-06-01T22:19:54,0,30,0,30
2023-06-01T22:31:35,0,30,0,30
2023-06-01T22:43:26,0,30,0,30
2023-06-01T22:55:06,0,30,0,30
2023-06-01T23:06:47,0,30,0,30
2023-06-01T23:18:28,0,30,0,30
2023-06-01T23:30:09,0,30,0,30
2023-06-01T23:41:50,0,30,0,30
2023-06-01T23:53:30,0,30,0,30
2023-06-02T00:05:11,0,30,0,30
2023-06-02T00:17:07,0,30,0,30
2023-06-02T00:28:51,0,30,0,30
2023-06-02T00:40:36,0,30,0,30
2023-06-02T00:52:21,0,30,0,30
2023-06-02T01:04:06,0,30,0,30
2023-06-02T01:15:52,0,30,0,30
2023-06-02T01:27:37,0,30,0,30
2023-06-02T01:39:20,0,30,0,30
2023-06-02T01:51:05,0,30,0,30
2023-06-02T02:02:50,0,30,0,30
2023-06-02T02:14:33,0,30,0,30
2023-06-02T02:26:15,0,30,0,30
2023-06-02T02:37:58,0,30,0,30
2023-06-02T02:49:51,0,30,0,30
2023-06-02T03:01:34,0,30,0,30
2023-06-02T03:13:18,0,30,0,30
2023-06-02T03:25:02,0,30,0,30
2023-06-02T03:36:45,0,30,0,30
2023-06-02T03:48:29,0,30,0,30
2023-06-02T04:00:12,0,30,0,30
2023-06-02T04:11:55,0,30,0,30
2023-06-02T04:33:22,0,30,0,30
2023-06-02T04:45:44,0,30,0,30
2023-06-02T04:57:28,0,30,0,30
2023-06-02T05:09:12,0,30,0,30
2023-06-02T05:20:56,0,30,0,30
2023-06-02T05:32:41,0,30,0,30
2023-06-02T05:44:43,0,30,0,30
2023-06-02T05:56:27,0,30,0,30
2023-06-02T06:08:11,0,30,0,30
2023-06-02T06:19:54,0,30,0,30
2023-06-02T06:31:37,0,30,0,30
2023-06-02T06:43:20,0,30,0,30
2023-06-02T06:55:01,0,30,0,30
2023-06-02T07:06:44,0,30,0,30
2023-06-02T07:18:26,0,30,0,30
2023-06-02T07:30:08,0,30,0,30
2023-06-02T07:41:50,0,30,0,30
2023-06-02T07:53:33,0,30,0,30
2023-06-02T08:05:25,0,30,0,30
2023-06-02T08:17:08,0,30,0,30
2023-06-02T08:28:51,0,30,0,30
2023-06-02T08:40:33,0,30,0,30
2023-06-02T08:52:15,0,30,0,30
2023-06-02T09:03:58,0,30,0,30
2023-06-02T09:15:40,0,30,0,30
2023-06-02T09:27:23,0,30,0,30
2023-06-02T09:39:06,0,30,0,30
2023-06-02T09:50:48,0,30,0,30
2023-06-02T10:02:30,0,30,0,30
2023-06-02T10:14:11,0,30,0,30
2023-06-02T10:26:05,0,30,0,30
2023-06-02T10:37:45,0,30,0,30
2023-06-02T10:49:26,0,30,0,30
2023-06-02T11:01:06,0,30,0,30
2023-06-02T11:12:47,0,30,0,30
2023-06-02T11:24:28,0,30,0,30
2023-06-02T11:36:08,0,30,0,30
2023-06-02T11:48:00,0,30,0,30
2023-06-02T11:59:40,0,30,0,30
2023-06-02T12:11:20,0,30,0,30
2023-06-02T12:23:00,0,30,0,30
2023-06-02T12:34:41,0,30,0,30
2023-06-02T12:46:21,0,30,0,30
2023-06-02T12:58:14,0,30,0,30
2023-06-02T13:09:54,0,30,0,30
2023-06-02T13:21:35,0,30,0,30
2023-06-02T13:33:15,0,30,0,30
2023-06-02T13:44:56,0,30,0,30
2023-06-02T13:56:37,0,30,0,30
2023-06-02T14:08:17,0,30,0,30
2023-06-02T14:20:09,0,30,0,30
2023-06-02T14:31:50,0,30,0,30
2023-06-02T14:43:30,0,30,0,30
2023-06-02T14:55:12,0,30,0,30
2023-06-02T15:06:53,0,30,0,30
2023-06-02T15:18:33,0,30,0,30
2023-06-02T15:30:16,0,30,0,30
2023-06-02T15:42:08,0,30,0,30
2023-06-02T15:53:49,0,30,0,30
2023-06-02T16:05:31,0,30,0,30
2023-06-02T16:17:13,0,30,0,30
2023-06-02T16:28:55,0,30,0,30
2023-06-02T16:40:36,0,30,0,30
2023-06-02T16:52:18,0,30,0,30
2023-06-02T17:04:00,0,30,0,30
2023-06-02T17:15:43,0,30,0,30
2023-06-02T17:27:35,0,30,0,30
2023-06-02T17:39:15,0,30,0,30
2023-06-02T17:50:56,0,30,0,30
2023-06-02T18:02:37,0,30,0,30
2023-06-02T18:14:18,0,30,0,30
2023-06-02T18:25:59,0,30,0,30
2023-06-02T18:37:40,0,30,0,30
2023-06-02T18:49:21,0,30,0,30
2023-06-02T19:01:02,0,30,0,30
2023-06-02T19:12:44,0,30,0,30
2023-06-02T19:24:36,0,30,0,30
2023-06-02T19:36:17,0,30,0,30
2023-06-02T19:47:59,0,30,0,30
2023-06-02T19:59:40,0,30,0,30
2023-06-02T20:11:21,0,30,0,30
2023-06-02T20:23:03,0,30,0,30
2023-06-02T20:34:44,0,30,0,30
2023-06-02T20:46:25,0,30,0,30
2023-06-02T20:58:06,0,30,0,30
2023-06-02T21:09:47,0,30,0,30
2023-06-02T21:21:29,0,30,0,30
2023-06-02T21:33:21,0,30,0,30
2023-06-02T21:45:01,0,30,0,30
2023-06-02T21:56:42,0,30,0,30
2023-06-02T22:08:23,0,30,0,30
2023-06-02T22:20:04,0,30,0,30
2023-06-02T22:31:45,0,30,0,30
2023-06-02T22:43:26,0,30,0,30
2023-06-02T22:55:07,0,30,0,30
2023-06-02T23:06:49,0,30,0,30
2023-06-02T23:18:31,0,30,0,30
2023-06-02T23:30:13,0,30,0,30
2023-06-02T23:42:05,0,30,0,30
2023-06-02T23:53:47,0,30,0,30
2023-06-03T00:06:04,0,30,0,30
2023-06-03T00:17:53,0,30,0,30
2023-06-03T00:29:39,0,30,0,30
2023-06-03T00:41:23,0,30,0,30
2023-06-03T00:53:07,0,30,0,30
2023-06-03T01:04:51,0,30,0,30
2023-06-03T01:16:36,0,30,0,30
2023-06-03T01:28:21,0,30,0,30
2023-06-03T01:40:05,0,30,0,30
2023-06-03T01:52:00,0,30,0,30
2023-06-03T02:03:43,0,30,0,30
2023-06-03T02:15:26,0,30,0,30
2023-06-03T02:27:09,0,30,0,30
2023-06-03T02:38:52,0,30,0,30
2023-06-03T02:50:35,0,30,0,30
2023-06-03T03:02:16,0,30,0,30
2023-06-03T03:13:59,0,30,0,30
2023-06-03T03:25:42,0,30,0,30
2023-06-03T03:37:25,0,30,0,30
2023-06-03T03:49:07,0,30,0,30
2023-06-03T04:01:03,0,30,0,30
2023-06-03T04:28:12,0,30,0,30
2023-06-03T04:39:58,0,30,0,30
2023-06-03T04:51:44,0,30,0,30
2023-06-03T05:03:28,0,30,0,30
2023-06-03T05:15:12,0,30,0,30
2023-06-03T05:26:59,0,30,0,30
2023-06-03T05:38:43,0,30,0,30
2023-06-03T05:50:28,0,30,0,30
2023-06-03T06:02:12,0,30,0,30
2023-06-03T06:13:56,0,30,0,30
2023-06-03T06:25:41,0,30,0,30
2023-06-03T06:37:27,0,30,0,30
2023-06-03T06:49:15,0,30,0,30
2023-06-03T07:00:59,0,30,0,30
2023-06-03T07:12:43,0,30,0,30
2023-06-03T07:24:27,0,30,0,30
2023-06-03T07:36:18,0,30,0,30
2023-06-03T07:48:01,0,30,0,30
2023-06-03T07:59:45,0,30,0,30
2023-06-03T08:11:28,0,30,0,30
2023-06-03T08:23:12,0,30,0,30
2023-06-03T08:34:57,0,30,0,30
2023-06-03T08:46:42,0,30,0,30
2023-06-03T08:58:25,0,30,0,30
2023-06-03T09:10:09,0,30,0,30
2023-06-03T09:21:52,0,30,0,30
2023-06-03T09:33:46,0,30,0,30
2023-06-03T09:45:29,0,30,0,30
2023-06-03T09:57:11,0,30,0,30
2023-06-03T10:08:52,0,30,0,30
2023-06-03T10:20:34,0,30,0,30
2023-06-03T10:32:16,0,30,0,30
2023-06-03T10:43:58,0,30,0,30
2023-06-03T10:55:39,0,30,0,30
2023-06-03T11:07:20,0,30,0,30
2023-06-03T11:19:01,0,30,0,30
2023-06-03T11:30:52,0,30,0,30
2023-06-03T11:42:33,0,30,0,30
2023-06-03T11:54:13,0,30,0,30
2023-06-03T12:05:54,0,30,0,30
2023-06-03T12:17:34,0,30,0,30
2023-06-03T12:29:15,0,30,0,30
2023-06-03T12:40:56,0,30,0,30
2023-06-03T12:52:36,0,30,0,30
2023-06-03T13:04:17,0,30,0,30
2023-06-03T13:15:57,0,30,0,30
2023-06-03T13:27:48,0,30,0,30
2023-06-03T13:39:28,0,30,0,30
2023-06-03T13:51:10,0,30,0,30
2023-06-03T14:02:51,0,30,0,30
2023-06-03T14:14:31,0,30,0,30
2023-06-03T14:26:12,0,30,0,30
2023-06-03T14:37:53,0,30,0,30
2023-06-03T14:49:43,0,30,0,30
2023-06-03T15:01:24,0,30,0,30
2023-06-03T15:13:04,0,30,0,30
2023-06-03T15:24:45,0,30,0,30
2023-06-03T15:36:26,0,30,0,30
2023-06-03T15:48:07,0,30,0,30
2023-06-03T15:59:47,0,30,0,30
2023-06-03T16:11:28,0,30,0,30
2023-06-03T16:23:08,0,30,0,30
2023-06-03T16:34:59,0,30,0,30
2023-06-03T16:46:39,0,30,0,30
2023-06-03T16:58:20,0,30,0,30
2023-06-03T17:10:02,0,30,0,30
2023-06-03T17:21:44,0,30,0,30
2023-06-03T17:33:24,0,30,0,30
2023-06-03T17:45:05,0,30,0,30
2023-06-03T17:56:46,0,30,0,30
2023-06-03T18:08:26,0,30,0,30
2023-06-03T18:20:07,0,30,0,30
2023-06-03T18:31:48,0,30,0,30
2023-06-03T18:43:38,0,30,0,30
2023-06-03T18:55:18,0,30,0,30
2023-06-03T19:06:59,0,30,0,30
2023-06-03T19:18:40,0,30,0,30
2023-06-03T19:30:21,0,30,0,30
2023-06-03T19:42:02,0,30,0,30
2023-06-03T19:53:43,0,30,0,30
2023-06-03T20:05:23,0,30,0,30
2023-06-03T20:17:04,0,30,0,30
2023-06-03T20:28:45,0,30,0,30
2023-06-03T20:40:36,0,30,0,30
2023-06-03T20:52:17,0,30,0,30
2023-06-03T21:03:58,0,30,0,30
2023-06-03T21:15:39,0,30,0,30
2023-06-03T21:27:20,0,30,0,30
2023-06-03T21:39:01,0,30,0,30
2023-06-03T21:50:42,0,30,0,30
2023-06-03T22:02:24,0,30,0,30
2023-06-03T22:14:04,0,30,0,30
2023-06-03T22:25:45,0,30,0,30
2023-06-03T22:37:26,0,30,0,30
2023-06-03T22:49:16,0,30,0,30
2023-06-03T23:00:58,0,30,0,30
2023-06-03T23:12:39,0,30,0,30
2023-06-03T23:24:21,0,30,0,30
2023-06-03T23:36:02,0,30,0,30
2023-06-03T23:47:43,0,30,0,30
2023-06-03T23:59:25,0,30,0,30
2023-06-04T00:11:11,0,30,0,30
2023-06-04T00:22:58,0,30,0,30
2023-06-04T00:34:41,0,30,0,30
2023-06-04T00:46:25,0,30,0,30
2023-06-04T00:58:09,0,30,0,30
2023-06-04T01:09:52,0,30,0,30
2023-06-04T01:21:46,0,30,0,30
2023-06-04T01:33:31,0,30,0,30
2023-06-04T01:45:14,0,30,0,30
2023-06-04T01:56:58,0,30,0,30
2023-06-04T02:08:43,0,30,0,30
2023-06-04T02:20:42,0,30,0,30
2023-06-04T02:32:28,0,30,0,30
2023-06-04T02:44:11,0,30,0,30
2023-06-04T02:55:54,0,30,0,30
2023-06-04T03:07:38,0,30,0,30
2023-06-04T03:19:22,0,30,0,30
2023-06-04T03:31:06,0,30,0,30
2023-06-04T03:42:50,0,30,0,30
2023-06-04T03:54:33,0,30,0,30
2023-06-04T04:06:18,0,30,0,30
2023-06-04T04:34:21,0,30,0,30
2023-06-04T04:46:08,0,30,0,30
2023-06-04T04:57:54,0,30,0,30
2023-06-04T05:09:39,0,30,0,30
2023-06-04T05:21:23,0,30,0,30
2023-06-04T05:33:07,0,30,0,30
2023-06-04T05:44:51,0,30,0,30
2023-06-04T05:56:36,0,30,0,30
2023-06-04T06:08:19,0,30,0,30
2023-06-04T06:20:03,0,30,0,30
2023-06-04T06:31:47,0,30,0,30
2023-06-04T06:43:31,0,30,0,30
2023-06-04T06:55:14,0,30,0,30
2023-06-04T07:06:57,0,30,0,30
2023-06-04T07:18:40,0,30,0,30
2023-06-04T07:30:21,0,30,0,30
2023-06-04T07:42:02,0,30,0,30
2023-06-04T07:53:43,0,30,0,30
2023-06-04T08:05:24,0,30,0,30
2023-06-04T08:17:17,0,30,0,30
2023-06-04T08:29:00,0,30,0,30
2023-06-04T08:40:42,0,30,0,30
2023-06-04T08:52:23,0,30,0,30
2023-06-04T09:04:04,0,30,0,30
2023-06-04T09:15:46,0,30,0,30
2023-06-04T09:27:28,0,30,0,30
2023-06-04T09:39:09,0,30,0,30
2023-06-04T09:50:50,0,30,0,30
2023-06-04T10:02:31,0,30,0,30
2023-06-04T10:14:13,0,30,0,30
2023-06-04T10:25:54,0,30,0,30
2023-06-04T10:37:35,0,30,0,30
2023-06-04T10:49:16,0,30,0,30
2023-06-04T11:00:58,0,30,0,30
2023-06-04T11:12:40,0,30,0,30
2023-06-04T11:24:32,0,30,0,30
2023-06-04T11:36:14,0,30,0,30
2023-06-04T11:47:55,0,30,0,30
2023-06-04T11:59:36,0,30,0,30
2023-06-04T12:11:17,0,30,0,30
2023-06-04T12:22:58,0,30,0,30
2023-06-04T12:34:38,0,30,0,30
2023-06-04T12:46:19,0,30,0,30
2023-06-04T12:58:00,0,30,0,30
2023-06-04T13:09:40,0,30,0,30
2023-06-04T13:21:21,0,30,0,30
2023-06-04T13:33:02,0,30,0,30
2023-06-04T13:44:52,0,30,0,30
2023-06-04T13:56:33,0,30,0,30
2023-06-04T14:08:14,0,30,0,30
2023-06-04T14:19:54,0,30,0,30
2023-06-04T14:31:34,0,30,0,30
2023-06-04T14:43:15,0,30,0,30
2023-06-04T14:54:55,0,30,0,30
2023-06-04T15:06:36,0,30,0,30
2023-06-04T15:18:16,0,30,0,30
2023-06-04T15:29:57,0,30,0,30
2023-06-04T15:41:49,0,30,0,30
2023-06-04T15:53:29,0,30,0,30
2023-06-04T16:05:10,0,30,0,30
2023-06-04T16:16:52,0,30,0,30
2023-06-04T16:28:33,0,30,0,30
2023-06-04T16:40:14,0,30,0,30
2023-06-04T16:51:56,0,30,0,30
2023-06-04T17:03:37,0,30,0,30
2023-06-04T17:15:18,0,30,0,30
2023-06-04T17:27:00,0,30,0,30
2023-06-04T17:38:51,0,30,0,30
2023-06-04T17:50:32,0,30,0,30
2023-06-04T18:02:12,0,30,0,30
2023-06-04T18:13:53,0,30,0,30
2023-06-04T18:25:34,0,30,0,30
2023-06-04T18:37:16,0,30,0,30
2023-06-04T18:48:56,0,30,0,30
2023-06-04T19:00:37,0,30,0,30
2023-06-04T19:12:22,0,30,0,30
2023-06-04T19:24:13,0,30,0,30
2023-06-04T19:35:54,0,30,0,30
2023-06-04T19:47:35,0,30,0,30
2023-06-04T19:59:15,0,30,0,30
2023-06-04T20:10:57,0,30,0,30
2023-06-04T20:22:38,0,30,0,30
2023-06-04T20:34:19,0,30,0,30
2023-06-04T20:45:59,0,30,0,30
2023-06-04T20:57:40,0,30,0,30
2023-06-04T21:09:22,0,30,0,30
2023-06-04T21:21:03,0,30,0,30
2023-06-04T21:32:55,0,30,0,30
2023-06-04T21:44:36,0,30,0,30
2023-06-04T21:56:18,0,30,0,30
2023-06-04T22:07:59,0,30,0,30
2023-06-04T22:19:40,0,30,0,30
2023-06-04T22:31:21,0,30,0,30
2023-06-04T22:43:02,0,30,0,30
2023-06-04T22:54:43,0,30,0,30
2023-06-04T23:06:24,0,30,0,30
2023-06-04T23:18:15,0,30,0,30
2023-06-04T23:29:57,0,30,0,30
2023-06-04T23:41:39,0,30,0,30
2023-06-04T23:53:20,0,30,0,30
2023-06-05T00:05:03,0,30,0,30
2023-06-05T00:16:51,0,30,0,30
2023-06-05T00:28:39,0,30,0,30
2023-06-05T00:40:33,0,30,0,30
2023-06-05T00:52:17,0,30,0,30
2023-06-05T01:03:58,0,30,0,30
2023-06-05T01:15:56,0,30,0,30
2023-06-05T01:27:42,0,30,0,30
2023-06-05T01:39:27,0,30,0,30
2023-06-05T01:51:10,0,30,0,30
2023-06-05T02:03:00,0,30,0,30
2023-06-05T02:14:43,0,30,0,30
2023-06-05T02:26:26,0,30,0,30
2023-06-05T02:38:09,0,30,0,30
2023-06-05T02:49:52,0,30,0,30
2023-06-05T03:01:34,0,30,0,30
2023-06-05T03:13:18,0,30,0,30
2023-06-05T03:25:02,0,30,0,30
2023-06-05T03:36:46,0,30,0,30
2023-06-05T03:48:31,0,30,0,30
2023-06-05T04:00:15,0,30,0,30
2023-06-05T04:12:00,0,30,0,30
2023-06-05T04:37:52,0,30,0,30
2023-06-05T04:50:02,0,30,0,30
2023-06-05T05:01:48,0,30,0,30
2023-06-05T05:13:32,0,30,0,30
2023-06-05T05:25:17,0,30,0,30
2023-06-05T05:37:02,0,30,0,30
2023-06-05T05:48:47,0,30,0,30
2023-06-05T06:00:31,0,30,0,30
2023-06-05T06:12:19,0,30,0,30
2023-06-05T06:24:03,0,30,0,30
2023-06-05T06:35:48,0,30,0,30
2023-06-05T06:47:32,0,30,0,30
2023-06-05T06:59:15,0,30,0,30
2023-06-05T07:11:01,0,30,0,30
2023-06-05T07:22:43,0,30,0,30
2023-06-05T07:34:24,0,30,0,30
2023-06-05T07:46:05,0,30,0,30
2023-06-05T07:57:46,0,30,0,30
2023-06-05T08:09:28,0,30,0,30
2023-06-05T08:21:09,0,30,0,30
2023-06-05T08:33:01,0,30,0,30
2023-06-05T08:44:42,0,30,0,30
2023-06-05T08:56:23,0,30,0,30
2023-06-05T09:08:05,0,30,0,30
2023-06-05T09:19:46,0,30,0,30
2023-06-05T09:31:27,0,30,0,30
2023-06-05T09:43:08,0,30,0,30
2023-06-05T09:54:50,0,30,0,30
2023-06-05T10:06:31,0,30,0,30
2023-06-05T10:18:23,0,30,0,30
2023-06-05T10:30:04,0,30,0,30
2023-06-05T10:41:46,0,30,0,30
2023-06-05T10:53:27,0,30,0,30
2023-06-05T11:05:09,0,30,0,30
2023-06-05T11:16:50,0,30,0,30
2023-06-05T11:28:42,0,30,0,30
2023-06-05T11:40:23,0,30,0,30
2023-06-05T11:52:05,0,30,0,30
2023-06-05T12:03:46,0,30,0,30
2023-06-05T12:15:28,0,30,0,30
2023-06-05T12:27:21,0,30,0,30
2023-06-05T12:39:03,0,30,0,30
2023-06-05T12:50:46,0,30,0,30
2023-06-05T13:02:27,0,30,0,30
2023-06-05T13:14:21,0,30,0,30
2023-06-05T13:26:03,0,30,0,30
2023-06-05T13:37:44,0,30,0,30
2023-06-05T13:49:25,0,30,0,30
2023-06-05T14:01:06,0,30,0,30
2023-06-05T14:12:58,0,30,0,30
2023-06-05T14:24:39,0,30,0,30
2023-06-05T14:36:24,0,30,0,30
2023-06-05T14:48:05,0,30,0,30
2023-06-05T14:59:58,0,30,0,30
2023-06-05T15:11:40,0,30,0,30
2023-06-05T15:23:22,0,30,0,30
2023-06-05T15:35:04,0,30,0,30
2023-06-05T15:46:46,0,30,0,30
2023-06-05T15:58:37,0,30,0,30
2023-06-05T16:10:19,0,30,0,30
2023-06-05T16:22:00,0,30,0,30
2023-06-05T16:33:41,0,30,0,30
2023-06-05T16:45:24,0,30,0,30
2023-06-05T16:57:16,0,30,0,30
2023-06-05T17:08:58,0,30,0,30
2023-06-05T17:20:40,0,30,0,30
2023-06-05T17:32:21,0,30,0,30
2023-06-05T17:44:05,0,30,0,30
2023-06-05T17:55:46,0,30,0,30
2023-06-05T18:07:37,0,30,0,30
2023-06-05T18:19:19,0,30,0,30
2023-06-05T18:31:00,0,30,0,30
2023-06-05T18:42:40,0,30,0,30
2023-06-05T18:54:21,0,30,0,30
2023-06-05T19:06:04,0,30,0,30
2023-06-05T19:17:55,0,30,0,30
2023-06-05T19:29:36,0,30,0,30
2023-06-05T19:41:18,0,30,0,30
2023-06-05T19:52:59,0,30,0,30
2023-06-05T20:04:41,0,30,0,30
2023-06-05T20:16:23,0,30,0,30
2023-06-05T20:28:04,0,30,0,30
2023-06-05T20:39:58,0,30,0,30
2023-06-05T20:51:39,0,30,0,30
2023-06-05T21:03:20,0,30,0,30
2023-06-05T21:15:02,0,30,0,30
2023-06-05T21:26:43,0,30,0,30
2023-06-05T21:38:25,0,30,0,30
2023-06-05T21:50:07,0,30,0,30
2023-06-05T22:02:00,0,30,0,30
2023-06-05T22:13:41,0,30,0,30
2023-06-05T22:25:22,0,30,0,30
2023-06-05T22:37:04,0,30,0,30
2023-06-05T22:48:45,0,30,0,30
2023-06-05T23:00:27,0,30,0,30
2023-06-05T23:12:10,0,30,0,30
2023-06-05T23:24:03,0,30,0,30
2023-06-05T23:35:45,0,30,0,30
2023-06-05T23:47:27,0,30,0,30
2023-06-05T23:59:09,0,30,0,30
2023-06-06T00:10:52,0,30,0,30
2023-06-06T00:22:36,0,30,0,30
2023-06-06T00:34:20,0,30,0,30
2023-06-06T00:46:05,0,30,0,30
2023-06-06T00:58:01,0,30,0,30
2023-06-06T01:09:46,0,30,0,30
2023-06-06T01:21:30,0,30,0,30
2023-06-06T01:33:15,0,30,0,30
2023-06-06T01:44:59,0,30,0,30
2023-06-06T01:56:44,0,30,0,30
2023-06-06T02:08:28,0,30,0,30
2023-06-06T02:20:11,0,30,0,30
2023-06-06T02:31:55,0,30,0,30
2023-06-06T02:43:38,0,30,0,30
2023-06-06T02:55:20,0,30,0,30
2023-06-06T03:07:03,0,30,0,30
2023-06-06T03:18:46,0,30,0,30
2023-06-06T03:30:30,0,30,0,30
2023-06-06T03:42:13,0,30,0,30
2023-06-06T03:53:57,0,30,0,30
2023-06-06T04:05:41,0,30,0,30
2023-06-06T04:33:28,0,30,0,30
2023-06-06T04:46:37,0,30,0,30
2023-06-06T04:58:41,0,30,0,30
2023-06-06T05:10:27,0,30,0,30
2023-06-06T05:22:12,0,30,0,30
2023-06-06T05:33:57,0,30,0,30
2023-06-06T05:45:41,0,30,0,30
2023-06-06T05:57:26,0,30,0,30
2023-06-06T06:09:12,0,30,0,30
2023-06-06T06:20:58,0,30,0,30
2023-06-06T06:32:42,0,30,0,30
2023-06-06T06:44:27,0,30,0,30
2023-06-06T06:56:11,0,30,0,30
2023-06-06T07:07:56,0,30,0,30
2023-06-06T07:19:39,0,30,0,30
2023-06-06T07:31:22,0,30,0,30
2023-06-06T07:43:06,0,30,0,30
2023-06-06T07:54:49,0,30,0,30
2023-06-06T08:06:32,0,30,0,30
2023-06-06T08:18:15,0,30,0,30
2023-06-06T08:29:59,0,30,0,30
2023-06-06T08:41:42,0,30,0,30
2023-06-06T08:53:34,0,30,0,30
2023-06-06T09:05:18,0,30,0,30
2023-06-06T09:17:02,0,30,0,30
2023-06-06T09:28:44,0,30,0,30
2023-06-06T09:40:27,0,30,0,30
2023-06-06T09:52:10,0,30,0,30
2023-06-06T10:03:51,0,30,0,30
2023-06-06T10:15:33,0,30,0,30
2023-06-06T10:27:27,0,30,0,30
2023-06-06T10:39:08,0,30,0,30
2023-06-06T10:50:50,0,30,0,30
2023-06-06T11:02:32,0,30,0,30
2023-06-06T11:14:15,0,30,0,30
2023-06-06T11:26:09,0,30,0,30
2023-06-06T11:37:51,0,30,0,30
2023-06-06T11:49:32,0,30,0,30
2023-06-06T12:01:14,0,30,0,30
2023-06-06T12:13:07,0,30,0,30
2023-06-06T12:24:49,0,30,0,30
2023-06-06T12:36:32,0,30,0,30
2023-06-06T12:48:13,0,30,0,30
2023-06-06T12:59:55,0,30,0,30
2023-06-06T13:11:48,0,30,0,30
2023-06-06T13:23:30,0,30,0,30
2023-06-06T13:35:13,0,30,0,30
2023-06-06T13:46:56,0,30,0,30
2023-06-06T13:58:50,0,30,0,30
2023-06-06T14:10:34,0,30,0,30
2023-06-06T14:22:19,0,30,0,30
2023-06-06T14:34:12,0,30,0,30
2023-06-06T14:45:55,0,30,0,30
2023-06-06T14:57:37,0,30,0,30
2023-06-06T15:09:19,0,30,0,30
2023-06-06T15:21:04,0,30,0,30
2023-06-06T15:32:58,0,30,0,30
2023-06-06T15:44:40,0,30,0,30
2023-06-06T15:56:22,0,30,0,30
2023-06-06T16:08:06,0,30,0,30
2023-06-06T16:20:00,0,30,0,30
2023-06-06T16:31:43,0,30,0,30
2023-06-06T16:43:25,0,30,0,30
2023-06-06T16:55:08,0,30,0,30
2023-06-06T17:06:52,0,30,0,30
2023-06-06T17:18:46,0,30,0,30
2023-06-06T17:30:29,0,30,0,30
2023-06-06T17:42:12,0,30,0,30
2023-06-06T17:53:54,0,30,0,30
2023-06-06T18:05:51,0,30,0,30
2023-06-06T18:17:33,0,30,0,30
2023-06-06T18:29:15,0,30,0,30
2023-06-06T18:40:58,0,30,0,30
2023-06-06T18:52:41,0,30,0,30
2023-06-06T19:04:34,0,30,0,30
2023-06-06T19:16:15,0,30,0,30
2023-06-06T19:27:54,0,30,0,30
2023-06-06T19:39:33,0,30,0,30
2023-06-06T19:51:12,0,30,0,30
2023-06-06T20:03:03,0,30,0,30
2023-06-06T20:14:43,0,30,0,30
2023-06-06T20:26:22,0,30,0,30
2023-06-06T20:38:01,0,30,0,30
2023-06-06T20:49:40,0,30,0,30
2023-06-06T21:01:30,0,30,0,30
2023-06-06T21:13:09,0,30,0,30
2023-06-06T21:24:47,0,30,0,30
2023-06-06T21:36:27,0,30,0,30
2023-06-06T21:48:06,0,30,0,30
2023-06-06T21:59:44,0,30,0,30
2023-06-06T22:11:23,0,30,0,30
2023-06-06T22:23:12,0,30,0,30
2023-06-06T22:34:50,0,30,0,30
2023-06-06T22:46:29,0,30,0,30
2023-06-06T22:58:07,0,30,0,30
2023-06-06T23:09:47,0,30,0,30
2023-06-06T23:21:26,0,30,0,30
2023-06-06T23:33:05,0,30,0,30
2023-06-06T23:44:56,0,30,0,30
2023-06-06T23:56:35,0,30,0,30
2023-06-07T00:08:15,0,30,0,30
2023-06-07T00:20:01,0,30,0,30
2023-06-07T00:31:41,0,30,0,30
2023-06-07T00:43:23,0,30,0,30
2023-06-07T00:55:05,0,30,0,30
2023-06-07T01:06:47,0,30,0,30
2023-06-07T01:18:41,0,30,0,30
2023-06-07T01:30:22,0,30,0,30
2023-06-07T01:42:04,0,30,0,30
2023-06-07T01:53:46,0,30,0,30
2023-06-07T02:05:27,0,30,0,30
2023-06-07T02:17:07,0,30,0,30
2023-06-07T02:28:47,0,30,0,30
2023-06-07T02:40:29,0,30,0,30
2023-06-07T02:52:11,0,30,0,30
2023-06-07T03:03:54,0,30,0,30
2023-06-07T03:15:36,0,30,0,30
2023-06-07T03:27:18,0,30,0,30
2023-06-07T03:39:01,0,30,0,30
2023-06-07T03:50:43,0,30,0,30
2023-06-07T04:02:25,0,30,0,30
2023-06-07T04:24:49,0,30,0,30
2023-06-07T04:36:34,0,30,0,30
2023-06-07T04:50:08,0,30,0,30
2023-06-07T05:01:53,0,30,0,30
2023-06-07T05:13:41,0,30,0,30
2023-06-07T05:25:26,0,30,0,30
2023-06-07T05:37:11,0,30,0,30
2023-06-07T05:48:56,0,30,0,30
2023-06-07T06:00:41,0,30,0,30
2023-06-07T06:12:26,0,30,0,30
2023-06-07T06:24:11,0,30,0,30
2023-06-07T06:35:56,0,30,0,30
2023-06-07T06:47:41,0,30,0,30
2023-06-07T06:59:25,0,30,0,30
2023-06-07T07:11:12,0,30,0,30
2023-06-07T07:22:57,0,30,0,30
2023-06-07T07:34:41,0,30,0,30
2023-06-07T07:46:24,0,30,0,30
2023-06-07T07:58:06,0,30,0,30
2023-06-07T08:09:49,0,30,0,30
2023-06-07T08:21:32,0,30,0,30
2023-06-07T08:33:24,0,30,0,30
2023-06-07T08:45:07,0,30,0,30
2023-06-07T08:56:50,0,30,0,30
2023-06-07T09:08:33,0,30,0,30
2023-06-07T09:20:16,0,30,0,30
2023-06-07T09:31:59,0,30,0,30
2023-06-07T09:43:41,0,30,0,30
2023-06-07T09:55:24,0,30,0,30
2023-06-07T10:07:19,0,30,0,30
2023-06-07T10:19:02,0,30,0,30
2023-06-07T10:30:45,0,30,0,30
2023-06-07T10:42:28,0,30,0,30
2023-06-07T10:54:21,0,30,0,30
2023-06-07T11:06:06,0,30,0,30
2023-06-07T11:17:49,0,30,0,30
2023-06-07T11:29:34,0,30,0,30
2023-06-07T11:41:18,0,30,0,30
2023-06-07T11:53:23,0,30,0,30
2023-06-07T12:05:06,0,30,0,30
2023-06-07T12:16:50,0,30,0,30
2023-06-07T12:28:43,0,30,0,30
2023-06-07T12:40:25,0,30,0,30
2023-06-07T12:52:08,0,30,0,30
2023-06-07T13:03:50,0,30,0,30
2023-06-07T13:15:33,0,30,0,30
2023-06-07T13:27:25,0,30,0,30
2023-06-07T13:39:08,0,30,0,30
2023-06-07T13:50:50,0,30,0,30
2023-06-07T14:02:50,0,30,0,30
2023-06-07T14:14:32,0,30,0,30
2023-06-07T14:26:14,0,30,0,30
2023-06-07T14:37:56,0,30,0,30
2023-06-07T14:49:38,0,30,0,30
2023-06-07T15:01:31,0,30,0,30
2023-06-07T15:13:16,0,30,0,30
2023-06-07T15:24:59,0,30,0,30
2023-06-07T15:36:42,0,30,0,30
2023-06-07T15:48:46,0,30,0,30
2023-06-07T16:00:29,0,30,0,30
2023-06-07T16:12:12,0,30,0,30
2023-06-07T16:23:56,0,30,0,30
2023-06-07T16:35:50,0,30,0,30
2023-06-07T16:47:33,0,30,0,30
2023-06-07T16:59:15,0,30,0,30
2023-06-07T17:11:02,0,30,0,30
2023-06-07T17:23:04,0,30,0,30
2023-06-07T17:34:46,0,30,0,30
2023-06-07T17:46:29,0,30,0,30
2023-06-07T17:58:12,0,30,0,30
2023-06-07T18:10:11,0,30,0,30
2023-06-07T18:21:54,0,30,0,30
2023-06-07T18:33:37,0,30,0,30
2023-06-07T18:45:20,0,30,0,30
2023-06-07T18:57:03,0,30,0,30
2023-06-07T19:08:57,0,30,0,30
2023-06-07T19:20:40,0,30,0,30
2023-06-07T19:32:23,0,30,0,30
2023-06-07T19:44:06,0,30,0,30
2023-06-07T19:55:48,0,30,0,30
2023-06-07T20:07:32,0,30,0,30
2023-06-07T20:19:25,0,30,0,30
2023-06-07T20:31:07,0,30,0,30
2023-06-07T20:42:49,0,30,0,30
2023-06-07T20:54:31,0,30,0,30
2023-06-07T21:06:14,0,30,0,30
2023-06-07T21:18:15,0,30,0,30
2023-06-07T21:29:57,0,30,0,30
2023-06-07T21:41:41,0,30,0,30
2023-06-07T21:53:24,0,30,0,30
2023-06-07T22:05:06,0,30,0,30
2023-06-07T22:16:59,0,30,0,30
2023-06-07T22:28:41,0,30,0,30
2023-06-07T22:40:24,0,30,0,30
2023-06-07T22:52:05,0,30,0,30
2023-06-07T23:03:48,0,30,0,30
2023-06-07T23:15:30,0,30,0,30
2023-06-07T23:27:13,0,30,0,30
2023-06-07T23:39:06,0,30,0,30
2023-06-07T23:50:49,0,30,0,30
2023-06-08T00:02:32,0,30,0,30
2023-06-08T00:14:17,0,30,0,30
2023-06-08T00:26:03,0,30,0,30
2023-06-08T00:37:50,0,30,0,30
2023-06-08T00:49:35,0,30,0,30
2023-06-08T01:01:43,0,30,0,30
2023-06-08T01:13:28,0,30,0,30
2023-06-08T01:25:13,0,30,0,30
2023-06-08T01:36:58,0,30,0,30
2023-06-08T01:48:42,0,30,0,30
2023-06-08T02:00:30,0,30,0,30
2023-06-08T02:12:14,0,30,0,30
2023-06-08T02:23:59,0,30,0,30
2023-06-08T02:35:43,0,30,0,30
2023-06-08T02:47:26,0,30,0,30
2023-06-08T02:59:08,0,30,0,30
2023-06-08T03:10:52,0,30,0,30
2023-06-08T03:22:36,0,30,0,30
2023-06-08T03:34:32,0,30,0,30
2023-06-08T03:46:16,0,30,0,30
2023-06-08T03:58:01,0,30,0,30
2023-06-08T04:09:48,0,30,0,30
2023-06-08T04:38:39,0,30,0,30
2023-06-08T04:50:29,0,30,0,30
2023-06-08T05:02:16,0,30,0,30
2023-06-08T05:14:01,0,30,0,30
2023-06-08T05:25:46,0,30,0,30
2023-06-08T05:37:31,0,30,0,30
2023-06-08T05:50:19,0,30,0,30
2023-06-08T06:03:00,0,30,0,30
2023-06-08T06:14:45,0,30,0,30
2023-06-08T06:26:30,0,30,0,30
2023-06-08T06:38:15,0,30,0,30
2023-06-08T06:50:00,0,30,0,30
2023-06-08T07:01:45,0,30,0,30
2023-06-08T07:13:30,0,30,0,30
2023-06-08T07:25:17,0,30,0,30
2023-06-08T07:37:01,0,30,0,30
2023-06-08T07:48:45,0,30,0,30
2023-06-08T08:00:29,0,30,0,30
2023-06-08T08:12:13,0,30,0,30
2023-06-08T08:23:58,0,30,0,30
2023-06-08T08:35:58,0,30,0,30
2023-06-08T08:47:43,0,30,0,30
2023-06-08T08:59:27,0,30,0,30
2023-06-08T09:11:10,0,30,0,30
2023-06-08T09:22:53,0,30,0,30
2023-06-08T09:34:36,0,30,0,30
2023-06-08T09:46:19,0,30,0,30
2023-06-08T09:58:03,0,30,0,30
2023-06-08T10:09:57,0,30,0,30
2023-06-08T10:21:40,0,30,0,30
2023-06-08T10:33:22,0,30,0,30
2023-06-08T10:45:05,0,30,0,30
2023-06-08T10:56:49,0,30,0,30
2023-06-08T11:08:32,0,30,0,30
2023-06-08T11:20:26,0,30,0,30
2023-06-08T11:32:10,0,30,0,30
2023-06-08T11:43:52,0,30,0,30
2023-06-08T11:55:37,0,30,0,30
2023-06-08T12:07:21,0,30,0,30
2023-06-08T12:19:14,0,30,0,30
2023-06-08T12:30:58,0,30,0,30
2023-06-08T12:42:41,0,30,0,30
2023-06-08T12:54:23,0,30,0,30
2023-06-08T13:06:07,0,30,0,30
2023-06-08T13:17:58,0,30,0,30
2023-06-08T13:29:41,0,30,0,30
2023-06-08T13:41:23,0,30,0,30
2023-06-08T13:53:06,0,30,0,30
2023-06-08T14:04:49,0,30,0,30
2023-06-08T14:16:32,0,30,0,30
2023-06-08T14:28:25,0,30,0,30
2023-06-08T14:40:08,0,30,0,30
2023-06-08T14:51:50,0,30,0,30
2023-06-08T15:03:32,0,30,0,30
2023-06-08T15:15:15,0,30,0,30
2023-06-08T15:27:15,0,30,0,30
2023-06-08T15:38:58,0,30,0,30
2023-06-08T15:50:40,0,30,0,30
2023-06-08T16:02:23,0,30,0,30
2023-06-08T16:14:05,0,30,0,30
2023-06-08T16:25:47,0,30,0,30
2023-06-08T16:37:29,0,30,0,30
2023-06-08T16:49:22,0,30,0,30
2023-06-08T17:01:04,0,30,0,30
2023-06-08T17:12:48,0,30,0,30
2023-06-08T17:24:31,0,30,0,30
2023-06-08T17:36:14,0,30,0,30
2023-06-08T17:47:56,0,30,0,30
2023-06-08T17:59:38,0,30,0,30
2023-06-08T18:11:22,0,30,0,30
2023-06-08T18:23:14,0,30,0,30
2023-06-08T18:34:56,0,30,0,30
2023-06-08T18:46:38,0,30,0,30
2023-06-08T18:58:21,0,30,0,30
2023-06-08T19:10:03,0,30,0,30
2023-06-08T19:21:46,0,30,0,30
2023-06-08T19:33:28,0,30,0,30
2023-06-08T19:45:11,0,30,0,30
2023-06-08T20:04:50,0,30,0,30
2023-06-08T20:16:33,0,30,0,30
2023-06-08T20:28:16,0,30,0,30
2023-06-08T20:39:58,0,30,0,30
2023-06-08T20:51:40,0,30,0,30
2023-06-08T21:03:22,0,30,0,30
2023-06-08T21:15:04,0,30,0,30
2023-06-08T21:26:47,0,30,0,30
2023-06-08T21:38:29,0,30,0,30
2023-06-08T21:50:11,0,30,0,30
2023-06-08T22:01:54,0,30,0,30
2023-06-08T22:13:47,0,30,0,30
2023-06-08T22:25:29,0,30,0,30
2023-06-08T22:37:11,0,30,0,30
2023-06-08T22:48:53,0,30,0,30
2023-06-08T23:00:35,0,30,0,30
2023-06-08T23:12:19,0,30,0,30
2023-06-08T23:24:02,0,30,0,30
2023-06-08T23:35:45,0,30,0,30
2023-06-08T23:47:28,0,30,0,30
2023-06-08T23:59:10,0,30,0,30
2023-06-09T00:10:57,0,30,0,30
2023-06-09T00:22:58,0,30,0,30
2023-06-09T00:34:44,0,30,0,30
2023-06-09T00:46:30,0,30,0,30
2023-06-09T00:58:16,0,30,0,30
2023-06-09T01:10:02,0,30,0,30
2023-06-09T01:21:48,0,30,0,30
2023-06-09T01:33:34,0,30,0,30
2023-06-09T01:45:21,0,30,0,30
2023-06-09T01:57:08,0,30,0,30
2023-06-09T02:08:53,0,30,0,30
2023-06-09T02:20:37,0,30,0,30
2023-06-09T02:32:22,0,30,0,30
2023-06-09T02:44:25,0,30,0,30
2023-06-09T02:56:25,0,30,0,30
2023-06-09T03:08:12,0,30,0,30
2023-06-09T03:19:58,0,30,0,30
2023-06-09T03:31:44,0,30,0,30
2023-06-09T03:43:30,0,30,0,30
2023-06-09T03:55:15,0,30,0,30
2023-06-09T04:07:00,0,30,0,30
2023-06-09T04:31:42,0,30,0,30
2023-06-09T04:43:30,0,30,0,30
2023-06-09T04:55:19,0,30,0,30
2023-06-09T05:07:08,0,30,0,30
2023-06-09T05:18:54,0,30,0,30
2023-06-09T05:30:40,0,30,0,30
2023-06-09T05:42:26,0,30,0,30
2023-06-09T05:54:12,0,30,0,30
2023-06-09T06:05:58,0,30,0,30
2023-06-09T06:17:44,0,30,0,30
2023-06-09T06:29:30,0,30,0,30
2023-06-09T06:41:16,0,30,0,30
2023-06-09T06:53:02,0,30,0,30
2023-06-09T07:04:47,0,30,0,30
2023-06-09T07:16:32,0,30,0,30
2023-06-09T07:28:20,0,30,0,30
2023-06-09T07:40:04,0,30,0,30
2023-06-09T07:51:47,0,30,0,30
2023-06-09T08:03:32,0,30,0,30
2023-06-09T08:15:15,0,30,0,30
2023-06-09T08:26:58,0,30,0,30
2023-06-09T08:38:41,0,30,0,30
2023-06-09T08:50:24,0,30,0,30
2023-06-09T09:02:17,0,30,0,30
2023-06-09T09:14:00,0,30,0,30
2023-06-09T09:25:43,0,30,0,30
2023-06-09T09:37:26,0,30,0,30
2023-06-09T09:49:09,0,30,0,30
2023-06-09T10:00:54,0,30,0,30
2023-06-09T10:12:37,0,30,0,30
2023-06-09T10:24:19,0,30,0,30
2023-06-09T10:36:02,0,30,0,30
2023-06-09T10:47:44,0,30,0,30
2023-06-09T10:59:27,0,30,0,30
2023-06-09T11:11:28,0,30,0,30
2023-06-09T11:23:11,0,30,0,30
2023-06-09T11:34:53,0,30,0,30
2023-06-09T11:46:36,0,30,0,30
2023-06-09T11:58:18,0,30,0,30
2023-06-09T12:10:00,0,30,0,30
2023-06-09T12:21:44,0,30,0,30
2023-06-09T12:33:28,0,30,0,30
2023-06-09T12:45:23,0,30,0,30
2023-06-09T12:57:07,0,30,0,30
2023-06-09T13:08:50,0,30,0,30
2023-06-09T13:20:34,0,30,0,30
2023-06-09T13:32:19,0,30,0,30
2023-06-09T13:44:03,0,30,0,30
2023-06-09T13:55:47,0,30,0,30
2023-06-09T14:07:48,0,30,0,30
2023-06-09T14:19:32,0,30,0,30
2023-06-09T14:31:16,0,30,0,30
2023-06-09T14:43:00,0,30,0,30
2023-06-09T14:54:45,0,30,0,30
2023-06-09T15:06:29,0,30,0,30
2023-06-09T15:18:13,0,30,0,30
2023-06-09T15:29:57,0,30,0,30
2023-06-09T15:41:41,0,30,0,30
2023-06-09T15:53:36,0,30,0,30
2023-06-09T16:05:21,0,30,0,30
2023-06-09T16:17:05,0,30,0,30
2023-06-09T16:28:50,0,30,0,30
2023-06-09T16:40:36,0,30,0,30
2023-06-09T16:52:20,0,30,0,30
2023-06-09T17:04:06,0,30,0,30
2023-06-09T17:16:03,0,30,0,30
2023-06-09T17:27:49,0,30,0,30
2023-06-09T17:39:33,0,30,0,30
2023-06-09T17:51:18,0,30,0,30
2023-06-09T18:03:04,0,30,0,30
2023-06-09T18:14:49,0,30,0,30
2023-06-09T18:26:34,0,30,0,30
2023-06-09T18:38:19,0,30,0,30
2023-06-09T18:50:04,0,30,0,30
2023-06-09T19:02:00,0,30,0,30
2023-06-09T19:13:45,0,30,0,30
2023-06-09T19:25:30,0,30,0,30
2023-06-09T19:37:15,0,30,0,30
2023-06-09T19:49:00,0,30,0,30
2023-06-09T20:00:46,0,30,0,30
2023-06-09T20:12:31,0,30,0,30
2023-06-09T20:24:16,0,30,0,30
2023-06-09T20:36:20,0,30,0,30
2023-06-09T20:48:05,0,30,0,30
2023-06-09T20:59:50,0,30,0,30
2023-06-09T21:11:35,0,30,0,30
2023-06-09T21:23:21,0,30,0,30
2023-06-09T21:35:06,0,30,0,30
2023-06-09T21:46:51,0,30,0,30
2023-06-09T21:58:36,0,30,0,30
2023-06-09T22:10:22,0,30,0,30
2023-06-09T22:22:07,0,30,0,30
2023-06-09T22:33:52,0,30,0,30
2023-06-09T22:45:37,0,30,0,30
2023-06-09T22:57:34,0,30,0,30
2023-06-09T23:09:20,0,30,0,30
2023-06-09T23:21:06,0,30,0,30
2023-06-09T23:32:52,0,30,0,30
2023-06-09T23:44:38,0,30,0,30
2023-06-09T23:56:24,0,30,0,30
2023-06-10T00:08:11,0,30,0,30
2023-06-10T00:20:02,0,30,0,30
2023-06-10T00:31:50,0,30,0,30
2023-06-10T00:43:39,0,30,0,30
2023-06-10T00:55:49,0,30,0,30
2023-06-10T01:07:37,0,30,0,30
2023-06-10T01:19:26,0,30,0,30
2023-06-10T01:31:16,0,30,0,30
2023-06-10T01:43:06,0,30,0,30
2023-06-10T01:54:55,0,30,0,30
2023-06-10T02:06:45,0,30,0,30
2023-06-10T02:18:33,0,30,0,30
2023-06-10T02:30:20,0,30,0,30
2023-06-10T02:42:06,0,30,0,30
2023-06-10T02:53:51,0,30,0,30
2023-06-10T03:05:37,0,30,0,30
2023-06-10T03:17:25,0,30,0,30
2023-06-10T03:29:12,0,30,0,30
2023-06-10T03:40:59,0,30,0,30
2023-06-10T03:52:47,0,30,0,30
2023-06-10T04:04:36,0,30,0,30
2023-06-10T04:17:07,0,30,0,30
2023-06-10T04:34:56,0,30,0,30
2023-06-10T04:48:13,0,30,0,30
2023-06-10T05:00:10,0,30,0,30
2023-06-10T05:12:00,0,30,0,30
2023-06-10T05:23:48,0,30,0,30
2023-06-10T05:35:37,0,30,0,30
2023-06-10T05:47:25,0,30,0,30
2023-06-10T05:59:14,0,30,0,30
2023-06-10T06:11:02,0,30,0,30
2023-06-10T06:22:50,0,30,0,30
2023-06-10T06:34:38,0,30,0,30
2023-06-10T06:46:26,0,30,0,30
2023-06-10T06:58:15,0,30,0,30
2023-06-10T07:10:05,0,30,0,30
2023-06-10T07:21:53,0,30,0,30
2023-06-10T07:33:41,0,30,0,30
2023-06-10T07:45:31,0,30,0,30
2023-06-10T07:57:18,0,30,0,30
2023-06-10T08:09:15,0,30,0,30
2023-06-10T08:21:02,0,30,0,30
2023-06-10T08:32:51,0,30,0,30
2023-06-10T08:44:40,0,30,0,30
2023-06-10T08:56:28,0,30,0,30
2023-06-10T09:08:16,0,30,0,30
2023-06-10T09:20:03,0,30,0,30
2023-06-10T09:31:51,0,30,0,30
2023-06-10T09:43:39,0,30,0,30
2023-06-10T09:55:26,0,30,0,30
2023-06-10T10:07:13,0,30,0,30
2023-06-10T10:18:59,0,30,0,30
2023-06-10T10:30:45,0,30,0,30
2023-06-10T10:42:31,0,30,0,30
2023-06-10T10:54:18,0,30,0,30
2023-06-10T11:06:15,0,30,0,30
2023-06-10T11:18:01,0,30,0,30
2023-06-10T11:29:46,0,30,0,30
2023-06-10T11:41:30,0,30,0,30
2023-06-10T11:53:15,0,30,0,30
2023-06-10T12:05:00,0,30,0,30
2023-06-10T12:16:45,0,30,0,30
2023-06-10T12:28:30,0,30,0,30
2023-06-10T12:40:15,0,30,0,30
2023-06-10T12:51:59,0,30,0,30
2023-06-10T13:03:45,0,30,0,30
2023-06-10T13:15:30,0,30,0,30
2023-06-10T13:27:15,0,30,0,30
2023-06-10T13:39:08,0,30,0,30
2023-06-10T13:50:54,0,30,0,30
2023-06-10T14:02:38,0,30,0,30
2023-06-10T14:14:23,0,30,0,30
2023-06-10T14:26:08,0,30,0,30
2023-06-10T14:37:53,0,30,0,30
2023-06-10T14:49:38,0,30,0,30
2023-06-10T15:01:23,0,30,0,30
2023-06-10T15:13:07,0,30,0,30
2023-06-10T15:24:52,0,30,0,30
2023-06-10T15:36:37,0,30,0,30
2023-06-10T15:48:22,0,30,0,30
2023-06-10T16:00:17,0,30,0,30
2023-06-10T16:12:02,0,30,0,30
2023-06-10T16:23:46,0,30,0,30
2023-06-10T16:35:31,0,30,0,30
2023-06-10T16:47:16,0,30,0,30
2023-06-10T16:59:01,0,30,0,30
2023-06-10T17:10:47,0,30,0,30
2023-06-10T17:22:33,0,30,0,30
2023-06-10T17:34:17,0,30,0,30
2023-06-10T17:46:03,0,30,0,30
2023-06-10T17:57:48,0,30,0,30
2023-06-10T18:09:43,0,30,0,30
2023-06-10T18:21:28,0,30,0,30
2023-06-10T18:33:13,0,30,0,30
2023-06-10T18:44:58,0,30,0,30
2023-06-10T18:56:43,0,30,0,30
2023-06-10T19:08:28,0,30,0,30
2023-06-10T19:20:13,0,30,0,30
2023-06-10T19:31:58,0,30,0,30
2023-06-10T19:43:43,0,30,0,30
2023-06-10T19:55:28,0,30,0,30
2023-06-10T20:07:13,0,30,0,30
2023-06-10T20:18:59,0,30,0,30
2023-06-10T20:30:43,0,30,0,30
2023-06-10T20:42:38,0,30,0,30
2023-06-10T20:54:23,0,30,0,30
2023-06-10T21:06:09,0,30,0,30
2023-06-10T21:17:54,0,30,0,30
2023-06-10T21:29:38,0,30,0,30
2023-06-10T21:41:24,0,30,0,30
2023-06-10T21:53:09,0,30,0,30
2023-06-10T22:04:54,0,30,0,30
2023-06-10T22:16:38,0,30,0,30
2023-06-10T22:28:24,0,30,0,30
2023-06-10T22:40:08,0,30,0,30
2023-06-10T22:51:53,0,30,0,30
2023-06-10T23:03:38,0,30,0,30
2023-06-10T23:15:23,0,30,0,30
2023-06-10T23:27:19,0,30,0,30
2023-06-10T23:39:04,0,30,0,30
2023-06-10T23:50:49,0,30,0,30
2023-06-11T00:02:34,0,30,0,30
2023-06-11T00:14:30,0,30,0,30
2023-06-11T00:26:18,0,30,0,30
2023-06-11T00:38:07,0,30,0,30
2023-06-11T00:49:56,0,30,0,30
2023-06-11T01:01:45,0,30,0,30
2023-06-11T01:13:31,0,30,0,30
2023-06-11T01:25:18,0,30,0,30
2023-06-11T01:37:07,0,30,0,30
2023-06-11T01:48:55,0,30,0,30
2023-06-11T02:00:43,0,30,0,30
2023-06-11T02:12:33,0,30,0,30
2023-06-11T02:24:21,0,30,0,30
2023-06-11T02:36:09,0,30,0,30
2023-06-11T02:47:57,0,30,0,30
2023-06-11T02:59:44,0,30,0,30
2023-06-11T03:11:32,0,30,0,30
2023-06-11T03:23:30,0,30,0,30
2023-06-11T03:35:19,0,30,0,30
2023-06-11T03:47:07,0,30,0,30
2023-06-11T03:58:55,0,30,0,30
2023-06-11T04:10:44,0,30,0,30
2023-06-11T04:36:51,0,30,0,30
2023-06-11T04:49:57,0,30,0,30
2023-06-11T05:02:05,0,30,0,30
2023-06-11T05:13:54,0,30,0,30
2023-06-11T05:25:42,0,30,0,30
2023-06-11T05:37:30,0,30,0,30
2023-06-11T05:49:19,0,30,0,30
2023-06-11T06:01:06,0,30,0,30
2023-06-11T06:12:54,0,30,0,30
2023-06-11T06:24:42,0,30,0,30
2023-06-11T06:36:32,0,30,0,30
2023-06-11T06:48:19,0,30,0,30
2023-06-11T07:00:06,0,30,0,30
2023-06-11T07:11:54,0,30,0,30
2023-06-11T07:23:40,0,30,0,30
2023-06-11T07:35:25,0,30,0,30
2023-06-11T07:47:10,0,30,0,30
2023-06-11T07:58:55,0,30,0,30
2023-06-11T08:10:42,0,30,0,30
2023-06-11T08:22:30,0,30,0,30
2023-06-11T08:34:17,0,30,0,30
2023-06-11T08:46:02,0,30,0,30
2023-06-11T08:57:47,0,30,0,30
2023-06-11T09:09:32,0,30,0,30
2023-06-11T09:21:17,0,30,0,30
2023-06-11T09:33:02,0,30,0,30
2023-06-11T09:44:55,0,30,0,30
2023-06-11T09:56:40,0,30,0,30
2023-06-11T10:08:25,0,30,0,30
2023-06-11T10:20:11,0,30,0,30
2023-06-11T10:31:56,0,30,0,30
2023-06-11T10:43:40,0,30,0,30
2023-06-11T10:55:26,0,30,0,30
2023-06-11T11:07:12,0,30,0,30
2023-06-11T11:18:58,0,30,0,30
2023-06-11T11:30:44,0,30,0,30
2023-06-11T11:42:31,0,30,0,30
2023-06-11T11:54:17,0,30,0,30
2023-06-11T12:06:02,0,30,0,30
2023-06-11T12:17:49,0,30,0,30
2023-06-11T12:29:44,0,30,0,30
2023-06-11T12:41:29,0,30,0,30
2023-06-11T12:53:14,0,30,0,30
2023-06-11T13:04:59,0,30,0,30
2023-06-11T13:16:44,0,30,0,30
2023-06-11T13:28:29,0,30,0,30
2023-06-11T13:40:15,0,30,0,30
2023-06-11T13:51:59,0,30,0,30
2023-06-11T14:03:44,0,30,0,30
2023-06-11T14:15:29,0,30,0,30
2023-06-11T14:27:14,0,30,0,30
2023-06-11T14:39:09,0,30,0,30
2023-06-11T14:50:54,0,30,0,30
2023-06-11T15:02:39,0,30,0,30
2023-06-11T15:14:23,0,30,0,30
2023-06-11T15:26:08,0,30,0,30
2023-06-11T15:37:53,0,30,0,30
2023-06-11T15:49:37,0,30,0,30
2023-06-11T16:01:22,0,30,0,30
2023-06-11T16:13:08,0,30,0,30
2023-06-11T16:24:54,0,30,0,30
2023-06-11T16:36:49,0,30,0,30
2023-06-11T16:48:34,0,30,0,30
2023-06-11T17:00:19,0,30,0,30
2023-06-11T17:12:04,0,30,0,30
2023-06-11T17:23:50,0,30,0,30
2023-06-11T17:35:35,0,30,0,30
2023-06-11T17:47:20,0,30,0,30
2023-06-11T17:59:04,0,30,0,30
2023-06-11T18:10:49,0,30,0,30
2023-06-11T18:22:34,0,30,0,30
2023-06-11T18:34:19,0,30,0,30
2023-06-11T18:46:13,0,30,0,30
2023-06-11T18:57:58,0,30,0,30
2023-06-11T19:09:46,0,30,0,30
2023-06-11T19:21:31,0,30,0,30
2023-06-11T19:33:16,0,30,0,30
2023-06-11T19:45:02,0,30,0,30
2023-06-11T19:56:46,0,30,0,30
2023-06-11T20:08:30,0,30,0,30
2023-06-11T20:20:15,0,30,0,30
2023-06-11T20:32:00,0,30,0,30
2023-06-11T20:43:45,0,30,0,30
2023-06-11T20:55:39,0,30,0,30
2023-06-11T21:07:25,0,30,0,30
2023-06-11T21:19:10,0,30,0,30
2023-06-11T21:30:56,0,30,0,30
2023-06-11T21:42:42,0,30,0,30
2023-06-11T21:54:28,0,30,0,30
2023-06-11T22:06:13,0,30,0,30
2023-06-11T22:17:58,0,30,0,30
2023-06-11T22:29:42,0,30,0,30
2023-06-11T22:41:27,0,30,0,30
2023-06-11T22:53:23,0,30,0,30
2023-06-11T23:05:10,0,30,0,30
2023-06-11T23:16:55,0,30,0,30
2023-06-11T23:28:40,0,30,0,30
2023-06-11T23:40:26,0,30,0,30
2023-06-11T23:52:13,0,30,0,30
2023-06-12T00:03:58,0,30,0,30
2023-06-12T00:15:47,0,30,0,30
2023-06-12T00:27:44,0,30,0,30
2023-06-12T00:39:36,0,30,0,30
2023-06-12T00:51:35,0,30,0,30
2023-06-12T01:03:22,0,30,0,30
2023-06-12T01:15:09,0,30,0,30
2023-06-12T01:26:59,0,30,0,30
2023-06-12T01:38:49,0,30,0,30
2023-06-12T01:50:36,0,30,0,30
2023-06-12T02:02:24,0,30,0,30
2023-06-12T02:14:12,0,30,0,30
2023-06-12T02:25:59,0,30,0,30
2023-06-12T02:37:46,0,30,0,30
2023-06-12T02:49:33,0,30,0,30
2023-06-12T03:01:19,0,30,0,30
2023-06-12T03:13:07,0,30,0,30
2023-06-12T03:24:56,0,30,0,30
2023-06-12T03:36:46,0,30,0,30
2023-06-12T03:48:36,0,30,0,30
2023-06-12T04:00:24,0,30,0,30
2023-06-12T04:12:13,0,30,0,30
2023-06-12T04:33:28,0,30,0,30
2023-06-12T04:46:37,0,30,0,30
2023-06-12T04:58:45,0,30,0,30
2023-06-12T05:10:40,0,30,0,30
2023-06-12T05:22:27,0,30,0,30
2023-06-12T05:34:12,0,30,0,30
2023-06-12T05:45:59,0,30,0,30
2023-06-12T05:57:49,0,30,0,30
2023-06-12T06:09:38,0,30,0,30
2023-06-12T06:21:26,0,30,0,30
2023-06-12T06:33:15,0,30,0,30
2023-06-12T06:45:04,0,30,0,30
2023-06-12T06:56:52,0,30,0,30
2023-06-12T07:08:43,0,30,0,30
2023-06-12T07:20:32,0,30,0,30
2023-06-12T07:32:19,0,30,0,30
2023-06-12T07:44:06,0,30,0,30
2023-06-12T07:55:52,0,30,0,30
2023-06-12T08:07:40,0,30,0,30
2023-06-12T08:19:27,0,30,0,30
2023-06-12T08:31:14,0,30,0,30
2023-06-12T08:43:01,0,30,0,30
2023-06-12T08:54:55,0,30,0,30
2023-06-12T09:06:41,0,30,0,30
2023-06-12T09:18:26,0,30,0,30
2023-06-12T09:30:11,0,30,0,30
2023-06-12T09:41:57,0,30,0,30
2023-06-12T09:53:42,0,30,0,30
2023-06-12T10:05:27,0,30,0,30
2023-06-12T10:17:13,0,30,0,30
2023-06-12T10:28:58,0,30,0,30
2023-06-12T10:40:43,0,30,0,30
2023-06-12T10:52:28,0,30,0,30
2023-06-12T11:04:24,0,30,0,30
2023-06-12T11:16:10,0,30,0,30
2023-06-12T11:27:55,0,30,0,30
2023-06-12T11:39:40,0,30,0,30
2023-06-12T11:51:25,0,30,0,30
2023-06-12T12:03:12,0,30,0,30
2023-06-12T12:14:58,0,30,0,30
2023-06-12T12:26:44,0,30,0,30
2023-06-12T12:38:40,0,30,0,30
2023-06-12T12:50:25,0,30,0,30
2023-06-12T13:02:10,0,30,0,30
2023-06-12T13:13:56,0,30,0,30
2023-06-12T13:25:42,0,30,0,30
2023-06-12T13:37:27,0,30,0,30
2023-06-12T13:49:13,0,30,0,30
2023-06-12T14:01:08,0,30,0,30
2023-06-12T14:12:53,0,30,0,30
2023-06-12T14:24:39,0,30,0,30
2023-06-12T14:36:25,0,30,0,30
2023-06-12T14:48:09,0,30,0,30
2023-06-12T14:59:55,0,30,0,30
2023-06-12T15:11:39,0,30,0,30
2023-06-12T15:23:26,0,30,0,30
2023-06-12T15:35:22,0,30,0,30
2023-06-12T15:47:07,0,30,0,30
2023-06-12T15:58:52,0,30,0,30
2023-06-12T16:10:38,0,30,0,30
2023-06-12T16:22:23,0,30,0,30
2023-06-12T16:34:08,0,30,0,30
2023-06-12T16:45:53,0,30,0,30
2023-06-12T16:57:49,0,30,0,30
2023-06-12T17:09:36,0,30,0,30
2023-06-12T17:21:22,0,30,0,30
2023-06-12T17:33:07,0,30,0,30
2023-06-12T17:44:53,0,30,0,30
2023-06-12T17:56:38,0,30,0,30
2023-06-12T18:08:24,0,30,0,30
2023-06-12T18:20:19,0,30,0,30
2023-06-12T18:32:04,0,30,0,30
2023-06-12T18:43:49,0,30,0,30
2023-06-12T18:55:33,0,30,0,30
2023-06-12T19:07:20,0,30,0,30
2023-06-12T19:19:04,0,30,0,30
2023-06-12T19:30:50,0,30,0,30
2023-06-12T19:42:35,0,30,0,30
2023-06-12T19:54:20,0,30,0,30
2023-06-12T20:06:16,0,30,0,30
2023-06-12T20:18:01,0,30,0,30
2023-06-12T20:29:46,0,30,0,30
2023-06-12T20:41:31,0,30,0,30
2023-06-12T20:53:16,0,30,0,30
2023-06-12T21:05:01,0,30,0,30
2023-06-12T21:16:57,0,30,0,30
2023-06-12T21:28:42,0,30,0,30
2023-06-12T21:40:28,0,30,0,30
2023-06-12T21:52:13,0,30,0,30
2023-06-12T22:03:59,0,30,0,30
2023-06-12T22:15:45,0,30,0,30
2023-06-12T22:27:31,0,30,0,30
2023-06-12T22:39:16,0,30,0,30
2023-06-12T22:51:02,0,30,0,30
2023-06-12T23:02:47,0,30,0,30
2023-06-12T23:14:34,0,30,0,30
2023-06-12T23:26:30,0,30,0,30
2023-06-12T23:38:16,0,30,0,30
2023-06-12T23:50:02,0,30,0,30
2023-06-13T00:01:48,0,30,0,30
2023-06-13T00:13:37,0,30,0,30
2023-06-13T00:25:27,0,30,0,30
2023-06-13T00:37:16,0,30,0,30
2023-06-13T00:49:05,0,30,0,30
2023-06-13T01:00:53,0,30,0,30
2023-06-13T01:12:43,0,30,0,30
2023-06-13T01:24:32,0,30,0,30
2023-06-13T01:36:21,0,30,0,30
2023-06-13T01:48:09,0,30,0,30
2023-06-13T02:00:07,0,30,0,30
2023-06-13T02:11:52,0,30,0,30
2023-06-13T02:23:37,0,30,0,30
2023-06-13T02:35:23,0,30,0,30
2023-06-13T02:47:09,0,30,0,30
2023-06-13T02:58:55,0,30,0,30
2023-06-13T03:10:45,0,30,0,30
2023-06-13T03:22:32,0,30,0,30
2023-06-13T03:34:20,0,30,0,30
2023-06-13T03:46:07,0,30,0,30
2023-06-13T03:57:56,0,30,0,30
2023-06-13T04:09:44,0,30,0,30
2023-06-13T04:27:17,0,30,0,30
2023-06-13T04:39:06,0,30,0,30
2023-06-13T04:52:37,0,30,0,30
2023-06-13T05:04:26,0,30,0,30
2023-06-13T05:16:12,0,30,0,30
2023-06-13T05:28:06,0,30,0,30
2023-06-13T05:40:02,0,30,0,30
2023-06-13T05:51:52,0,30,0,30
2023-06-13T06:03:41,0,30,0,30
2023-06-13T06:15:29,0,30,0,30
2023-06-13T06:27:17,0,30,0,30
2023-06-13T06:39:05,0,30,0,30
2023-06-13T06:50:54,0,30,0,30
2023-06-13T07:02:43,0,30,0,30
2023-06-13T07:14:31,0,30,0,30
2023-06-13T07:26:18,0,30,0,30
2023-06-13T07:38:04,0,30,0,30
2023-06-13T07:49:51,0,30,0,30
2023-06-13T08:01:38,0,30,0,30
2023-06-13T08:13:26,0,30,0,30
2023-06-13T08:25:13,0,30,0,30
2023-06-13T08:37:00,0,30,0,30
2023-06-13T08:48:55,0,30,0,30
2023-06-13T09:00:42,0,30,0,30
2023-06-13T09:12:30,0,30,0,30
2023-06-13T09:24:17,0,30,0,30
2023-06-13T09:36:04,0,30,0,30
2023-06-13T09:47:52,0,30,0,30
2023-06-13T09:59:39,0,30,0,30
2023-06-13T10:11:26,0,30,0,30
2023-06-13T10:23:13,0,30,0,30
2023-06-13T10:35:15,0,30,0,30
2023-06-13T10:47:01,0,30,0,30
2023-06-13T10:58:47,0,30,0,30
2023-06-13T11:10:32,0,30,0,30
2023-06-13T11:22:18,0,30,0,30
2023-06-13T11:34:05,0,30,0,30
2023-06-13T11:45:51,0,30,0,30
2023-06-13T11:57:46,0,30,0,30
2023-06-13T12:09:34,0,30,0,30
2023-06-13T12:21:20,0,30,0,30
2023-06-13T12:33:06,0,30,0,30
2023-06-13T12:44:52,0,30,0,30
2023-06-13T12:56:38,0,30,0,30
2023-06-13T13:08:23,0,30,0,30
2023-06-13T13:20:09,0,30,0,30
2023-06-13T13:31:54,0,30,0,30
2023-06-13T13:43:53,0,30,0,30
2023-06-13T13:55:40,0,30,0,30
2023-06-13T14:07:27,0,30,0,30
2023-06-13T14:19:14,0,30,0,30
2023-06-13T14:31:02,0,30,0,30
2023-06-13T14:42:49,0,30,0,30
2023-06-13T14:54:36,0,30,0,30
2023-06-13T15:06:24,0,30,0,30
2023-06-13T15:18:23,0,30,0,30
2023-06-13T15:30:11,0,30,0,30
2023-06-13T15:41:58,0,30,0,30
2023-06-13T15:53:45,0,30,0,30
2023-06-13T16:05:33,0,30,0,30
2023-06-13T16:17:20,0,30,0,30
2023-06-13T16:29:06,0,30,0,30
2023-06-13T16:40:54,0,30,0,30
2023-06-13T16:52:51,0,30,0,30
2023-06-13T17:04:39,0,30,0,30
2023-06-13T17:16:27,0,30,0,30
2023-06-13T17:28:15,0,30,0,30
2023-06-13T17:40:03,0,30,0,30
2023-06-13T17:51:50,0,30,0,30
2023-06-13T18:03:37,0,30,0,30
2023-06-13T18:15:24,0,30,0,30
2023-06-13T18:27:11,0,30,0,30
2023-06-13T18:38:58,0,30,0,30
2023-06-13T18:50:55,0,30,0,30
2023-06-13T19:02:42,0,30,0,30
2023-06-13T19:14:29,0,30,0,30
2023-06-13T19:26:17,0,30,0,30
2023-06-13T19:38:04,0,30,0,30
2023-06-13T19:49:51,0,30,0,30
2023-06-13T20:01:38,0,30,0,30
2023-06-13T20:13:26,0,30,0,30
2023-06-13T20:25:13,0,30,0,30
2023-06-13T20:37:00,0,30,0,30
2023-06-13T20:48:59,0,30,0,30
2023-06-13T21:00:46,0,30,0,30
2023-06-13T21:12:33,0,30,0,30
2023-06-13T21:24:19,0,30,0,30
2023-06-13T21:36:07,0,30,0,30
2023-06-13T21:47:54,0,30,0,30
2023-06-13T21:59:42,0,30,0,30
2023-06-13T22:11:31,0,30,0,30
2023-06-13T22:23:22,0,30,0,30
2023-06-13T22:35:19,0,30,0,30
2023-06-13T22:47:06,0,30,0,30
2023-06-13T22:58:53,0,30,0,30
2023-06-13T23:10:42,0,30,0,30
2023-06-13T23:22:30,0,30,0,30
2023-06-13T23:34:17,0,30,0,30
2023-06-13T23:46:05,0,30,0,30
2023-06-13T23:57:53,0,30,0,30
2023-06-14T00:09:42,0,30,0,30
2023-06-14T00:21:34,0,30,0,30
2023-06-14T00:33:24,0,30,0,30
2023-06-14T00:45:15,0,30,0,30
2023-06-14T00:57:17,0,30,0,30
2023-06-14T01:09:08,0,30,0,30
2023-06-14T01:20:59,0,30,0,30
2023-06-14T01:32:51,0,30,0,30
2023-06-14T01:44:43,0,30,0,30
2023-06-14T01:56:35,0,30,0,30
2023-06-14T02:08:26,0,30,0,30
2023-06-14T02:20:16,0,30,0,30
2023-06-14T02:32:05,0,30,0,30
2023-06-14T02:43:56,0,30,0,30
2023-06-14T02:55:47,0,30,0,30
2023-06-14T03:07:37,0,30,0,30
2023-06-14T03:19:28,0,30,0,30
2023-06-14T03:31:31,0,30,0,30
2023-06-14T03:43:22,0,30,0,30
2023-06-14T03:55:13,0,30,0,30
2023-06-14T04:07:03,0,30,0,30
2023-06-14T04:35:54,0,30,0,30
2023-06-14T04:47:48,0,30,0,30
2023-06-14T04:59:40,0,30,0,30
2023-06-14T05:11:31,0,30,0,30
2023-06-14T05:23:22,0,30,0,30
2023-06-14T05:35:12,0,30,0,30
2023-06-14T05:47:04,0,30,0,30
2023-06-14T05:58:55,0,30,0,30
2023-06-14T06:10:46,0,30,0,30
2023-06-14T06:22:37,0,30,0,30
2023-06-14T06:34:32,0,30,0,30
2023-06-14T06:46:31,0,30,0,30
2023-06-14T06:58:20,0,30,0,30
2023-06-14T07:10:11,0,30,0,30
2023-06-14T07:22:13,0,30,0,30
2023-06-14T07:34:02,0,30,0,30
2023-06-14T07:45:51,0,30,0,30
2023-06-14T07:57:40,0,30,0,30
2023-06-14T08:09:30,0,30,0,30
2023-06-14T08:21:28,0,30,0,30
2023-06-14T08:33:19,0,30,0,30
2023-06-14T08:45:08,0,30,0,30
2023-06-14T08:56:57,0,30,0,30
2023-06-14T09:08:45,0,30,0,30
2023-06-14T09:20:33,0,30,0,30
2023-06-14T09:32:22,0,30,0,30
2023-06-14T09:44:10,0,30,0,30
2023-06-14T09:56:08,0,30,0,30
2023-06-14T10:07:59,0,30,0,30
2023-06-14T10:19:48,0,30,0,30
2023-06-14T10:31:36,0,30,0,30
2023-06-14T10:43:26,0,30,0,30
2023-06-14T10:55:15,0,30,0,30
2023-06-14T11:07:05,0,30,0,30
2023-06-14T11:18:54,0,30,0,30
2023-06-14T11:30:45,0,30,0,30
2023-06-14T11:42:45,0,30,0,30
2023-06-14T11:54:35,0,30,0,30
2023-06-14T12:06:24,0,30,0,30
2023-06-14T12:18:13,0,30,0,30
2023-06-14T12:30:01,0,30,0,30
2023-06-14T12:41:49,0,30,0,30
2023-06-14T12:53:38,0,30,0,30
2023-06-14T13:05:27,0,30,0,30
2023-06-14T13:17:16,0,30,0,30
2023-06-14T13:29:16,0,30,0,30
2023-06-14T13:41:11,0,30,0,30
2023-06-14T13:53:13,0,30,0,30
2023-06-14T14:05:17,0,30,0,30
2023-06-14T14:17:22,0,30,0,30
2023-06-14T14:29:31,0,30,0,30
2023-06-14T14:41:47,0,30,0,30
2023-06-14T14:54:13,0,30,0,30
2023-06-14T15:06:28,0,30,0,30
2023-06-14T15:18:41,0,30,0,30
2023-06-14T15:30:57,0,30,0,30
2023-06-14T15:43:12,0,30,0,30
2023-06-14T15:55:26,0,30,0,30
2023-06-14T16:07:43,0,30,0,30
2023-06-14T16:20:08,0,30,0,30
2023-06-14T16:32:22,0,30,0,30
2023-06-14T16:44:38,0,30,0,30
2023-06-14T16:56:52,0,30,0,30
2023-06-14T17:09:09,0,30,0,30
2023-06-14T17:21:24,0,30,0,30
2023-06-14T17:33:38,0,30,0,30
2023-06-14T17:46:05,0,30,0,30
2023-06-14T17:58:18,0,30,0,30
2023-06-14T18:10:33,0,30,0,30
2023-06-14T18:22:47,0,30,0,30
2023-06-14T18:35:01,0,30,0,30
2023-06-14T18:47:15,0,30,0,30
2023-06-14T18:59:29,0,30,0,30
2023-06-14T19:11:56,0,30,0,30
2023-06-14T19:24:10,0,30,0,30
2023-06-14T19:36:24,0,30,0,30
2023-06-14T19:48:38,0,30,0,30
2023-06-14T20:00:52,0,30,0,30
2023-06-14T20:13:09,0,30,0,30
2023-06-14T20:25:23,0,30,0,30
2023-06-14T20:37:37,0,30,0,30
2023-06-14T20:49:51,0,30,0,30
2023-06-14T21:02:16,0,30,0,30
2023-06-14T21:14:30,0,30,0,30
2023-06-14T21:26:44,0,30,0,30
2023-06-14T21:38:58,0,30,0,30
2023-06-14T21:51:13,0,30,0,30
2023-06-14T22:03:26,0,30,0,30
2023-06-14T22:15:40,0,30,0,30
2023-06-14T22:27:55,0,30,0,30
2023-06-14T22:40:20,0,30,0,30
2023-06-14T22:52:34,0,30,0,30
2023-06-14T23:04:50,0,30,0,30
2023-06-14T23:17:05,0,30,0,30
2023-06-14T23:29:19,0,30,0,30
2023-06-14T23:41:34,0,30,0,30
2023-06-14T23:53:48,0,30,0,30
2023-06-15T00:06:03,0,30,0,30
2023-06-15T00:18:22,0,30,0,30
2023-06-15T00:30:40,0,30,0,30
2023-06-15T00:43:00,0,30,0,30
2023-06-15T00:55:31,0,30,0,30
2023-06-15T01:07:50,0,30,0,30
2023-06-15T01:20:07,0,30,0,30
2023-06-15T01:32:24,0,30,0,30
2023-06-15T01:44:41,0,30,0,30
2023-06-15T01:56:58,0,30,0,30
2023-06-15T02:09:15,0,30,0,30
2023-06-15T02:21:32,0,30,0,30
2023-06-15T02:33:49,0,30,0,30
2023-06-15T02:46:04,0,30,0,30
2023-06-15T02:58:19,0,30,0,30
2023-06-15T03:10:46,0,30,0,30
2023-06-15T03:23:03,0,30,0,30
2023-06-15T03:35:20,0,30,0,30
2023-06-15T03:47:36,0,30,0,30
2023-06-15T03:59:53,0,30,0,30
2023-06-15T04:28:15,0,30,0,30
2023-06-15T04:40:36,0,30,0,30
2023-06-15T04:54:14,0,30,0,30
2023-06-15T05:06:52,0,30,0,30
2023-06-15T05:19:11,0,30,0,30
2023-06-15T05:31:28,0,30,0,30
2023-06-15T05:43:47,0,30,0,30
2023-06-15T05:56:05,0,30,0,30
2023-06-15T06:08:21,0,30,0,30
2023-06-15T06:20:39,0,30,0,30
2023-06-15T06:32:55,0,30,0,30
2023-06-15T06:45:12,0,30,0,30
2023-06-15T06:57:28,0,30,0,30
2023-06-15T07:09:45,0,30,0,30
2023-06-15T07:22:03,0,30,0,30
2023-06-15T07:34:20,0,30,0,30
2023-06-15T07:46:46,0,30,0,30
2023-06-15T07:59:01,0,30,0,30
2023-06-15T08:11:17,0,30,0,30
2023-06-15T08:23:33,0,30,0,30
2023-06-15T08:35:50,0,30,0,30
2023-06-15T08:48:06,0,30,0,30
2023-06-15T09:00:21,0,30,0,30
2023-06-15T09:12:37,0,30,0,30
2023-06-15T09:24:53,0,30,0,30
2023-06-15T09:37:08,0,30,0,30
2023-06-15T09:49:24,0,30,0,30
2023-06-15T10:01:48,0,30,0,30
2023-06-15T10:14:02,0,30,0,30
2023-06-15T10:26:16,0,30,0,30
2023-06-15T10:38:30,0,30,0,30
2023-06-15T10:50:44,0,30,0,30
2023-06-15T11:02:58,0,30,0,30
2023-06-15T11:15:12,0,30,0,30
2023-06-15T11:27:26,0,30,0,30
2023-06-15T11:39:52,0,30,0,30
2023-06-15T11:52:06,0,30,0,30
2023-06-15T12:04:23,0,30,0,30
2023-06-15T12:16:37,0,30,0,30
2023-06-15T12:28:51,0,30,0,30
2023-06-15T12:41:07,0,30,0,30
2023-06-15T12:53:21,0,30,0,30
2023-06-15T13:05:35,0,30,0,30
2023-06-15T13:17:59,0,30,0,30
2023-06-15T13:30:13,0,30,0,30
2023-06-15T13:42:28,0,30,0,30
2023-06-15T13:54:43,0,30,0,30
2023-06-15T14:06:57,0,30,0,30
2023-06-15T14:19:11,0,30,0,30
2023-06-15T14:31:26,0,30,0,30
2023-06-15T14:43:51,0,30,0,30
2023-06-15T14:56:06,0,30,0,30
2023-06-15T15:08:20,0,30,0,30
2023-06-15T15:20:34,0,30,0,30
2023-06-15T15:32:47,0,30,0,30
2023-06-15T15:45:02,0,30,0,30
2023-06-15T15:57:16,0,30,0,30
2023-06-15T16:09:42,0,30,0,30
2023-06-15T16:21:55,0,30,0,30
2023-06-15T16:34:09,0,30,0,30
2023-06-15T16:46:23,0,30,0,30
2023-06-15T16:58:37,0,30,0,30
2023-06-15T17:10:51,0,30,0,30
2023-06-15T17:23:06,0,30,0,30
2023-06-15T17:35:20,0,30,0,30
2023-06-15T17:47:45,0,30,0,30
2023-06-15T17:59:58,0,30,0,30
2023-06-15T18:12:14,0,30,0,30
2023-06-15T18:24:28,0,30,0,30
2023-06-15T18:36:42,0,30,0,30
2023-06-15T18:48:56,0,30,0,30
2023-06-15T19:01:11,0,30,0,30
2023-06-15T19:13:26,0,30,0,30
2023-06-15T19:25:40,0,30,0,30
2023-06-15T19:38:05,0,30,0,30
2023-06-15T19:50:20,0,30,0,30
2023-06-15T20:02:34,0,30,0,30
2023-06-15T20:14:48,0,30,0,30
2023-06-15T20:27:02,0,30,0,30
2023-06-15T20:39:16,0,30,0,30
2023-06-15T20:51:30,0,30,0,30
2023-06-15T21:03:56,0,30,0,30
2023-06-15T21:16:10,0,30,0,30
2023-06-15T21:28:25,0,30,0,30
2023-06-15T21:40:41,0,30,0,30
2023-06-15T21:52:55,0,30,0,30
2023-06-15T22:05:09,0,30,0,30
2023-06-15T22:17:23,0,30,0,30
2023-06-15T22:29:38,0,30,0,30
2023-06-15T22:41:52,0,30,0,30
2023-06-15T22:54:06,0,30,0,30
2023-06-15T23:06:32,0,30,0,30
2023-06-15T23:18:48,0,30,0,30
2023-06-15T23:31:04,0,30,0,30
2023-06-15T23:43:18,0,30,0,30
2023-06-15T23:55:33,0,30,0,30
2023-06-16T00:07:49,0,30,0,30
2023-06-16T00:20:06,0,30,0,30
2023-06-16T00:32:19,0,30,0,30
2023-06-16T00:44:33,0,30,0,30
2023-06-16T00:56:47,0,30,0,30
2023-06-16T01:09:03,0,30,0,30
2023-06-16T01:21:29,0,30,0,30
2023-06-16T01:33:44,0,30,0,30
2023-06-16T01:45:58,0,30,0,30
2023-06-16T01:58:12,0,30,0,30
2023-06-16T02:10:29,0,30,0,30
2023-06-16T02:22:44,0,30,0,30
2023-06-16T02:34:59,0,30,0,30
2023-06-16T02:47:15,0,30,0,30
2023-06-16T02:59:31,0,30,0,30
2023-06-16T03:11:48,0,30,0,30
2023-06-16T03:24:05,0,30,0,30
2023-06-16T03:36:25,0,30,0,30
2023-06-16T03:48:42,0,30,0,30
2023-06-16T04:00:59,0,30,0,30
2023-06-16T04:24:13,0,30,0,30
2023-06-16T04:36:33,0,30,0,30
2023-06-16T04:50:19,0,30,0,30
2023-06-16T05:02:59,0,30,0,30
2023-06-16T05:15:17,0,30,0,30
2023-06-16T05:27:35,0,30,0,30
2023-06-16T05:39:53,0,30,0,30
2023-06-16T05:52:11,0,30,0,30
2023-06-16T06:04:30,0,30,0,30
2023-06-16T06:16:47,0,30,0,30
2023-06-16T06:29:04,0,30,0,30
2023-06-16T06:41:22,0,30,0,30
2023-06-16T06:53:40,0,30,0,30
2023-06-16T07:05:57,0,30,0,30
2023-06-16T07:18:13,0,30,0,30
2023-06-16T07:30:29,0,30,0,30
2023-06-16T07:42:44,0,30,0,30
2023-06-16T07:55:00,0,30,0,30
2023-06-16T08:07:16,0,30,0,30
2023-06-16T08:19:43,0,30,0,30
2023-06-16T08:32:00,0,30,0,30
2023-06-16T08:44:18,0,30,0,30
2023-06-16T08:56:35,0,30,0,30
2023-06-16T09:08:53,0,30,0,30
2023-06-16T09:21:09,0,30,0,30
2023-06-16T09:33:25,0,30,0,30
2023-06-16T09:45:40,0,30,0,30
2023-06-16T09:57:55,0,30,0,30
2023-06-16T10:10:11,0,30,0,30
2023-06-16T10:22:40,0,30,0,30
2023-06-16T11:07:16,0,30,0,30
2023-06-16T11:19:31,0,30,0,30
2023-06-16T11:31:47,0,30,0,30
2023-06-16T11:44:02,0,30,0,30
2023-06-16T11:56:17,0,30,0,30
2023-06-16T12:08:43,0,30,0,30
2023-06-16T12:20:59,0,30,0,30
2023-06-16T12:33:15,0,30,0,30
2023-06-16T12:45:30,0,30,0,30
2023-06-16T12:57:45,0,30,0,30
2023-06-16T13:10:01,0,30,0,30
2023-06-16T13:22:16,0,30,0,30
2023-06-16T13:34:32,0,30,0,30
2023-06-16T13:46:57,1,29,0,30
2023-06-16T13:59:13,1,29,0,30
2023-06-16T14:11:29,1,29,0,30
2023-06-16T14:23:44,1,29,0,30
2023-06-16T14:36:00,1,29,0,30
2023-06-16T14:48:15,1,29,0,30
2023-06-16T15:00:31,1,29,0,30
2023-06-16T15:12:46,1,29,0,30
2023-06-16T15:25:13,1,29,0,30
2023-06-16T15:37:29,1,29,0,30
2023-06-16T15:49:45,1,29,0,30
2023-06-16T16:02:00,1,29,0,30
2023-06-16T16:14:15,1,29,0,30
2023-06-16T16:26:31,1,29,0,30
2023-06-16T16:38:47,1,29,0,30
2023-06-16T16:51:02,1,29,0,30
2023-06-16T17:03:17,1,29,0,30
2023-06-16T17:15:44,1,29,0,30
2023-06-16T17:28:00,1,29,0,30
2023-06-16T17:40:15,1,29,0,30
2023-06-16T17:52:31,1,29,0,30
2023-06-16T18:04:46,1,29,0,30
2023-06-16T18:17:01,1,29,0,30
2023-06-16T18:29:17,1,29,0,30
2023-06-16T18:41:33,1,29,0,30
2023-06-16T18:53:48,1,29,0,30
2023-06-16T19:06:04,1,29,0,30
2023-06-16T19:18:33,1,29,0,30
2023-06-16T19:30:48,1,29,0,30
2023-06-16T19:43:04,1,29,0,30
2023-06-16T19:55:19,1,29,0,30
2023-06-16T20:07:36,1,29,0,30
2023-06-16T20:19:52,1,29,0,30
2023-06-16T20:32:07,1,29,0,30
2023-06-16T20:44:22,1,29,0,30
2023-06-16T20:56:38,1,29,0,30
2023-06-16T21:08:54,1,29,0,30
2023-06-16T21:21:21,1,29,0,30
2023-06-16T21:33:36,1,29,0,30
2023-06-16T21:45:51,1,29,0,30
2023-06-16T21:58:08,2,28,0,30
2023-06-16T22:10:23,2,28,0,30
2023-06-16T22:22:38,2,28,0,30
2023-06-16T22:34:54,2,28,0,30
2023-06-16T22:47:09,2,28,0,30
2023-06-16T22:59:24,2,28,0,30
2023-06-16T23:11:43,2,28,0,30
2023-06-16T23:24:09,2,28,0,30
2023-06-16T23:36:25,2,28,0,30
2023-06-16T23:48:41,2,28,0,30
2023-06-17T00:00:57,2,28,0,30
2023-06-17T00:13:20,2,28,0,30
2023-06-17T00:25:41,2,28,0,30
2023-06-17T00:38:01,2,28,0,30
2023-06-17T00:50:21,2,28,0,30
2023-06-17T01:02:40,2,28,0,30
2023-06-17T01:15:00,2,28,0,30
2023-06-17T01:27:19,2,28,0,30
2023-06-17T01:39:38,2,28,0,30
2023-06-17T01:51:57,2,28,0,30
2023-06-17T02:04:26,2,28,0,30
2023-06-17T02:16:46,2,28,0,30
2023-06-17T02:29:06,2,28,0,30
2023-06-17T02:41:24,2,28,0,30
2023-06-17T02:53:40,2,28,0,30
2023-06-17T03:05:56,2,28,0,30
2023-06-17T03:18:14,2,28,0,30
2023-06-17T03:30:32,2,28,0,30
2023-06-17T03:42:49,2,28,0,30
2023-06-17T03:55:08,2,28,0,30
2023-06-17T04:07:26,2,28,0,30
2023-06-17T04:36:17,2,28,0,30
2023-06-17T04:50:10,2,28,0,30
2023-06-17T05:02:30,2,28,0,30
2023-06-17T05:14:47,2,28,0,30
2023-06-17T05:27:03,2,28,0,30
2023-06-17T05:39:23,2,28,0,30
2023-06-17T05:51:57,2,28,0,30
2023-06-17T06:04:19,2,28,0,30
2023-06-17T06:16:37,2,28,0,30
2023-06-17T06:28:56,2,28,0,30
2023-06-17T06:41:15,2,28,0,30
2023-06-17T06:53:33,2,28,0,30
2023-06-17T07:05:52,2,28,0,30
2023-06-17T07:18:12,2,28,0,30
2023-06-17T07:30:30,2,28,0,30
2023-06-17T07:43:01,2,28,0,30
2023-06-17T07:55:19,2,28,0,30
2023-06-17T08:07:38,2,28,0,30
2023-06-17T08:19:56,2,28,0,30
2023-06-17T08:32:15,2,28,0,30
2023-06-17T08:44:33,2,28,0,30
2023-06-17T08:56:52,2,28,0,30
2023-06-17T09:09:11,2,28,0,30
2023-06-17T09:21:30,2,28,0,30
2023-06-17T09:33:49,2,28,0,30
2023-06-17T09:46:06,2,28,0,30
2023-06-17T09:58:36,2,28,0,30
2023-06-17T10:10:55,2,28,0,30
2023-06-17T10:23:13,2,28,0,30
2023-06-17T10:35:32,2,28,0,30
2023-06-17T10:47:50,2,28,0,30
2023-06-17T11:00:08,2,28,0,30
2023-06-17T11:12:26,2,28,0,30
2023-06-17T11:24:45,2,28,0,30
2023-06-17T11:37:02,2,28,0,30
2023-06-17T11:49:31,2,28,0,30
2023-06-17T12:01:48,2,28,0,30
2023-06-17T12:14:05,2,28,0,30
2023-06-17T12:26:19,2,28,0,30
2023-06-17T12:38:35,2,28,0,30
2023-06-17T12:50:49,2,28,0,30
2023-06-17T13:03:05,2,28,0,30
2023-06-17T13:15:20,2,28,0,30
2023-06-17T13:27:36,2,28,0,30
2023-06-17T13:40:11,2,28,0,30
2023-06-17T13:52:27,2,28,0,30
2023-06-17T14:04:43,2,28,0,30
2023-06-17T14:16:58,2,28,0,30
2023-06-17T14:29:14,2,28,0,30
2023-06-17T14:41:29,2,28,0,30
2023-06-17T14:53:45,2,28,0,30
2023-06-17T15:06:00,2,28,0,30
2023-06-17T15:18:15,2,28,0,30
2023-06-17T15:30:31,2,28,0,30
2023-06-17T15:42:56,2,28,0,30
2023-06-17T15:55:11,2,28,0,30
2023-06-17T16:07:25,2,28,0,30
2023-06-17T16:19:41,2,28,0,30
2023-06-17T16:31:56,2,28,0,30
2023-06-17T16:44:11,2,28,0,30
2023-06-17T16:56:27,2,28,0,30
2023-06-17T17:08:42,2,28,0,30
2023-06-17T17:20:58,2,28,0,30
2023-06-17T17:33:13,2,28,0,30
2023-06-17T17:45:29,2,28,0,30
2023-06-17T17:57:54,2,28,0,30
2023-06-17T18:10:09,2,28,0,30
2023-06-17T18:22:25,2,28,0,30
2023-06-17T18:34:40,2,28,0,30
2023-06-17T18:46:56,2,28,0,30
2023-06-17T18:59:11,2,28,0,30
2023-06-17T19:11:28,2,28,0,30
2023-06-17T19:23:43,2,28,0,30
2023-06-17T19:35:58,2,28,0,30
2023-06-17T19:48:14,2,28,0,30
2023-06-17T20:00:29,2,28,0,30
2023-06-17T20:12:44,2,28,0,30
2023-06-17T20:24:59,2,28,0,30
2023-06-17T20:37:25,2,28,0,30
2023-06-17T20:49:40,2,28,0,30
2023-06-17T21:01:56,2,28,0,30
2023-06-17T21:14:11,2,28,0,30
2023-06-17T21:26:26,2,28,0,30
2023-06-17T21:38:42,2,28,0,30
2023-06-17T21:50:58,2,28,0,30
2023-06-17T22:03:13,2,28,0,30
2023-06-17T22:15:28,2,28,0,30
2023-06-17T22:27:44,2,28,0,30
2023-06-17T22:39:59,2,28,0,30
2023-06-17T22:52:15,2,28,0,30
2023-06-17T23:04:43,2,28,0,30
2023-06-17T23:16:59,2,28,0,30
2023-06-17T23:29:15,2,28,0,30
2023-06-17T23:41:31,2,28,0,30
2023-06-17T23:53:47,2,28,0,30
2023-06-18T00:06:04,2,28,0,30
2023-06-18T00:18:22,2,28,0,30
2023-06-18T00:30:38,2,28,0,30
2023-06-18T00:42:54,2,28,0,30
2023-06-18T00:55:13,2,28,0,30
2023-06-18T01:24:36,2,28,0,30
2023-06-18T01:36:57,2,28,0,30
2023-06-18T01:49:16,2,28,0,30
2023-06-18T02:01:36,2,28,0,30
2023-06-18T02:14:34,2,28,0,30
2023-06-18T02:26:59,2,28,0,30
2023-06-18T02:39:18,2,28,0,30
2023-06-18T02:51:37,2,28,0,30
2023-06-18T03:03:57,2,28,0,30
2023-06-18T03:16:18,2,28,0,30
2023-06-18T03:28:38,2,28,0,30
2023-06-18T03:41:07,2,28,0,30
2023-06-18T03:53:24,2,28,0,30
2023-06-18T04:05:43,2,28,0,30
2023-06-18T04:18:01,2,28,0,30
2023-06-18T04:37:28,2,28,0,30
2023-06-18T04:49:49,2,28,0,30
2023-06-18T05:02:10,2,28,0,30
2023-06-18T05:14:29,2,28,0,30
2023-06-18T05:26:49,2,28,0,30
2023-06-18T05:39:07,2,28,0,30
2023-06-18T05:51:26,2,28,0,30
2023-06-18T06:03:45,2,28,0,30
2023-06-18T06:16:03,2,28,0,30
2023-06-18T06:28:22,2,28,0,30
2023-06-18T06:40:40,2,28,0,30
2023-06-18T06:52:58,2,28,0,30
2023-06-18T07:05:18,2,28,0,30
2023-06-18T07:17:36,2,28,0,30
2023-06-18T07:29:53,2,28,0,30
2023-06-18T07:42:10,2,28,0,30
2023-06-18T07:54:28,2,28,0,30
2023-06-18T08:06:46,2,28,0,30
2023-06-18T08:19:02,2,28,0,30
2023-06-18T08:31:18,2,28,0,30
2023-06-18T08:43:34,2,28,0,30
2023-06-18T08:56:02,2,28,0,30
2023-06-18T09:08:17,2,28,0,30
2023-06-18T09:20:33,2,28,0,30
2023-06-18T09:32:48,2,28,0,30
2023-06-18T09:45:03,2,28,0,30
2023-06-18T09:57:18,2,28,0,30
2023-06-18T10:09:38,2,28,0,30
2023-06-18T10:21:56,2,28,0,30
2023-06-18T10:34:12,2,28,0,30
2023-06-18T10:46:27,2,28,0,30
2023-06-18T10:58:44,2,28,0,30
2023-06-18T11:11:03,2,28,0,30
2023-06-18T11:23:21,2,28,0,30
2023-06-18T11:35:49,2,28,0,30
2023-06-18T11:48:06,2,28,0,30
2023-06-18T12:00:22,2,28,0,30
2023-06-18T12:12:37,2,28,0,30
2023-06-18T12:24:52,2,28,0,30
2023-06-18T12:37:07,2,28,0,30
2023-06-18T12:49:22,2,28,0,30
2023-06-18T13:01:53,2,28,0,30
2023-06-18T13:14:08,2,28,0,30
2023-06-18T13:26:23,2,28,0,30
2023-06-18T13:38:38,2,28,0,30
2023-06-18T13:50:54,2,28,0,30
2023-06-18T14:03:09,2,28,0,30
2023-06-18T14:15:24,2,28,0,30
2023-06-18T14:27:39,2,28,0,30
2023-06-18T14:39:53,2,28,0,30
2023-06-18T14:52:08,2,28,0,30
2023-06-18T15:04:33,2,28,0,30
2023-06-18T15:16:47,2,28,0,30
2023-06-18T15:29:03,2,28,0,30
2023-06-18T15:41:19,2,28,0,30
2023-06-18T15:53:34,2,28,0,30
2023-06-18T16:05:50,2,28,0,30
2023-06-18T16:18:05,2,28,0,30
2023-06-18T16:30:20,2,28,0,30
2023-06-18T16:42:46,2,28,0,30
2023-06-18T16:55:01,2,28,0,30
2023-06-18T17:07:16,2,28,0,30
2023-06-18T17:19:32,2,28,0,30
2023-06-18T17:31:47,2,28,0,30
2023-06-18T17:44:02,2,28,0,30
2023-06-18T17:56:17,2,28,0,30
2023-06-18T18:08:32,2,28,0,30
2023-06-18T18:20:47,2,28,0,30
2023-06-18T18:33:13,2,28,0,30
2023-06-18T18:45:28,2,28,0,30
2023-06-18T18:57:43,2,28,0,30
2023-06-18T19:10:00,2,28,0,30
2023-06-18T19:22:16,2,28,0,30
2023-06-18T19:34:31,2,28,0,30
2023-06-18T19:46:46,2,28,0,30
2023-06-18T19:59:00,2,28,0,30
2023-06-18T20:11:15,2,28,0,30
2023-06-18T20:23:42,2,28,0,30
2023-06-18T20:35:57,2,28,0,30
2023-06-18T20:48:12,2,28,0,30
2023-06-18T21:00:26,2,28,0,30
2023-06-18T21:12:41,2,28,0,30
2023-06-18T21:24:57,2,28,0,30
2023-06-18T21:37:13,2,28,0,30
2023-06-18T21:49:29,2,28,0,30
2023-06-18T22:01:55,2,28,0,30
2023-06-18T22:14:10,2,28,0,30
2023-06-18T22:26:25,2,28,0,30
2023-06-18T22:38:40,2,28,0,30
2023-06-18T22:50:55,2,28,0,30
2023-06-18T23:03:12,2,28,0,30
2023-06-18T23:15:28,2,28,0,30
2023-06-18T23:27:44,2,28,0,30
2023-06-18T23:40:20,2,28,0,30
2023-06-18T23:52:36,2,28,0,30
2023-06-19T00:04:55,2,28,0,30
2023-06-19T00:17:23,2,28,0,30
2023-06-19T00:29:52,2,28,0,30
2023-06-19T00:42:22,2,28,0,30
2023-06-19T00:54:48,2,28,0,30
2023-06-19T01:07:09,2,28,0,30
2023-06-19T01:19:31,2,28,0,30
2023-06-19T01:31:50,2,28,0,30
2023-06-19T01:44:20,2,28,0,30
2023-06-19T01:56:40,2,28,0,30
2023-06-19T02:09:08,2,28,0,30
2023-06-19T02:21:27,2,28,0,30
2023-06-19T02:33:45,2,28,0,30
2023-06-19T02:46:02,2,28,0,30
2023-06-19T02:58:19,2,28,0,30
2023-06-19T03:10:37,2,28,0,30
2023-06-19T03:22:56,2,28,0,30
2023-06-19T03:35:14,2,28,0,30
2023-06-19T03:47:32,2,28,0,30
2023-06-19T04:00:11,2,28,0,30
2023-06-19T04:28:59,2,28,0,30
2023-06-19T04:41:19,2,28,0,30
2023-06-19T04:55:21,2,28,0,30
2023-06-19T05:07:43,2,28,0,30
2023-06-19T05:20:01,2,28,0,30
2023-06-19T05:32:20,2,28,0,30
2023-06-19T05:44:40,2,28,0,30
2023-06-19T05:57:02,2,28,0,30
2023-06-19T06:09:20,2,28,0,30
2023-06-19T06:21:39,2,28,0,30
2023-06-19T06:33:59,2,28,0,30
2023-06-19T06:46:18,2,28,0,30
2023-06-19T06:58:36,2,28,0,30
2023-06-19T07:10:55,2,28,0,30
2023-06-19T07:23:12,2,28,0,30
2023-06-19T07:35:28,2,28,0,30
2023-06-19T07:47:43,2,28,0,30
2023-06-19T07:59:58,2,28,0,30
2023-06-19T08:12:25,2,28,0,30
2023-06-19T08:24:41,2,28,0,30
2023-06-19T08:36:58,2,28,0,30
2023-06-19T08:49:13,2,28,0,30
2023-06-19T09:01:28,2,28,0,30
2023-06-19T09:13:44,2,28,0,30
2023-06-19T09:26:00,2,28,0,30
2023-06-19T09:38:16,2,28,0,30
2023-06-19T09:50:41,2,28,0,30
2023-06-19T10:02:56,2,28,0,30
2023-06-19T10:15:13,2,28,0,30
2023-06-19T10:27:28,2,28,0,30
2023-06-19T10:39:46,2,28,0,30
2023-06-19T10:52:02,2,28,0,30
2023-06-19T11:04:17,2,28,0,30
2023-06-19T11:16:43,2,28,0,30
2023-06-19T11:28:59,2,28,0,30
2023-06-19T11:41:14,2,28,0,30
2023-06-19T11:53:30,2,28,0,30
2023-06-19T12:05:46,2,28,0,30
2023-06-19T12:18:02,2,28,0,30
2023-06-19T12:30:17,2,28,0,30
2023-06-19T12:42:43,2,28,0,30
2023-06-19T12:54:59,2,28,0,30
2023-06-19T13:07:15,2,28,0,30
2023-06-19T13:19:31,2,28,0,30
2023-06-19T13:31:46,2,28,0,30
2023-06-19T13:44:02,2,28,0,30
2023-06-19T13:56:29,2,28,0,30
2023-06-19T14:08:46,2,28,0,30
2023-06-19T14:21:02,2,28,0,30
2023-06-19T14:33:18,2,28,0,30
2023-06-19T14:45:33,2,28,0,30
2023-06-19T14:57:51,2,28,0,30
2023-06-19T15:10:18,2,28,0,30
2023-06-19T15:22:33,2,28,0,30
2023-06-19T15:34:49,2,28,0,30
2023-06-19T15:47:05,2,28,0,30
2023-06-19T15:59:20,2,28,0,30
2023-06-19T16:11:35,2,28,0,30
2023-06-19T16:23:51,2,28,0,30
2023-06-19T16:36:17,2,28,0,30
2023-06-19T16:48:32,2,28,0,30
2023-06-19T17:00:49,2,28,0,30
2023-06-19T17:13:06,2,28,0,30
2023-06-19T17:25:22,2,28,0,30
2023-06-19T17:37:38,2,28,0,30
2023-06-19T17:49:54,2,28,0,30
2023-06-19T18:02:10,2,28,0,30
2023-06-19T18:14:36,2,28,0,30
2023-06-19T18:26:51,2,28,0,30
2023-06-19T18:39:08,2,28,0,30
2023-06-19T18:51:23,2,28,0,30
2023-06-19T19:03:40,2,28,0,30
2023-06-19T19:15:57,2,28,0,30
2023-06-19T19:28:15,2,28,0,30
2023-06-19T19:40:42,2,28,0,30
2023-06-19T19:52:57,2,28,0,30
2023-06-19T20:05:13,2,28,0,30
2023-06-19T20:17:28,2,28,0,30
2023-06-19T20:29:44,2,28,0,30
2023-06-19T20:41:59,2,28,0,30
2023-06-19T20:54:15,2,28,0,30
2023-06-19T21:06:41,2,28,0,30
2023-06-19T21:18:56,2,28,0,30
2023-06-19T21:31:13,2,28,0,30
2023-06-19T21:43:29,2,28,0,30
2023-06-19T21:55:46,2,28,0,30
2023-06-19T22:08:01,2,28,0,30
2023-06-19T22:20:28,2,28,0,30
2023-06-19T22:32:44,2,28,0,30
2023-06-19T22:44:59,2,28,0,30
2023-06-19T22:57:15,2,28,0,30
2023-06-19T23:09:33,2,28,0,30
2023-06-19T23:21:48,2,28,0,30
2023-06-19T23:34:17,2,28,0,30
2023-06-19T23:46:32,2,28,0,30
2023-06-19T23:58:49,2,28,0,30
2023-06-20T00:11:07,2,28,0,30
2023-06-20T00:23:28,2,28,0,30
2023-06-20T00:35:46,2,28,0,30
2023-06-20T00:48:05,2,28,0,30
2023-06-20T01:00:35,2,28,0,30
2023-06-20T01:12:54,2,28,0,30
2023-06-20T01:25:14,2,28,0,30
2023-06-20T01:37:34,2,28,0,30
2023-06-20T01:49:52,2,28,0,30
2023-06-20T02:02:39,2,28,0,30
2023-06-20T02:14:58,2,28,0,30
2023-06-20T02:27:16,2,28,0,30
2023-06-20T02:39:34,2,28,0,30
2023-06-20T02:51:51,2,28,0,30
2023-06-20T03:04:08,2,28,0,30
2023-06-20T03:16:26,2,28,0,30
2023-06-20T03:28:46,2,28,0,30
2023-06-20T03:41:03,2,28,0,30
2023-06-20T03:53:33,2,28,0,30
2023-06-20T04:05:51,2,28,0,30
2023-06-20T04:35:51,2,28,0,30
2023-06-20T04:48:12,2,28,0,30
2023-06-20T05:00:33,2,28,0,30
2023-06-20T05:12:54,2,28,0,30
2023-06-20T05:25:12,2,28,0,30
2023-06-20T05:37:31,2,28,0,30
2023-06-20T05:49:51,2,28,0,30
2023-06-20T06:02:09,2,28,0,30
2023-06-20T06:14:30,2,28,0,30
2023-06-20T06:26:49,2,28,0,30
2023-06-20T06:39:07,2,28,0,30
2023-06-20T06:51:26,2,28,0,30
2023-06-20T07:03:45,2,28,0,30
2023-06-20T07:16:03,2,28,0,30
2023-06-20T07:28:18,2,28,0,30
2023-06-20T07:40:44,2,28,0,30
2023-06-20T07:53:00,2,28,0,30
2023-06-20T08:05:15,2,28,0,30
2023-06-20T08:17:33,2,28,0,30
2023-06-20T08:29:49,2,28,0,30
2023-06-20T08:42:06,2,28,0,30
2023-06-20T08:54:25,2,28,0,30
2023-06-20T09:06:42,2,28,0,30
2023-06-20T09:19:09,2,28,0,30
2023-06-20T09:31:25,2,28,0,30
2023-06-20T09:43:41,2,28,0,30
2023-06-20T09:55:56,2,28,0,30
2023-06-20T10:08:13,2,28,0,30
2023-06-20T10:20:29,2,28,0,30
2023-06-20T10:32:57,2,28,0,30
2023-06-20T10:45:14,2,28,0,30
2023-06-20T10:57:30,2,28,0,30
2023-06-20T11:09:47,2,28,0,30
2023-06-20T11:22:03,2,28,0,30
2023-06-20T11:34:31,2,28,0,30
2023-06-20T11:46:47,2,28,0,30
2023-06-20T11:59:04,2,28,0,30
2023-06-20T12:11:21,2,28,0,30
2023-06-20T12:23:37,2,28,0,30
2023-06-20T12:36:04,2,28,0,30
2023-06-20T12:48:21,2,28,0,30
2023-06-20T13:00:37,2,28,0,30
2023-06-20T13:12:53,2,28,0,30
2023-06-20T13:25:10,2,28,0,30
2023-06-20T13:37:36,2,28,0,30
2023-06-20T13:49:53,2,28,0,30
2023-06-20T14:02:09,2,28,0,30
2023-06-20T14:14:25,2,28,0,30
2023-06-20T14:26:41,2,28,0,30
2023-06-20T14:39:08,2,28,0,30
2023-06-20T14:51:24,2,28,0,30
2023-06-20T15:03:41,2,28,0,30
2023-06-20T15:15:57,2,28,0,30
2023-06-20T15:28:27,2,28,0,30
2023-06-20T15:40:43,2,28,0,30
2023-06-20T15:53:00,2,28,0,30
2023-06-20T16:05:17,2,28,0,30
2023-06-20T16:17:33,2,28,0,30
2023-06-20T16:29:52,2,28,0,30
2023-06-20T16:42:19,2,28,0,30
2023-06-20T16:54:35,2,28,0,30
2023-06-20T17:06:53,2,28,0,30
2023-06-20T17:19:10,2,28,0,30
2023-06-20T17:31:26,2,28,0,30
2023-06-20T17:43:54,2,28,0,30
2023-06-20T17:56:10,2,28,0,30
2023-06-20T18:08:27,2,28,0,30
2023-06-20T18:20:44,2,28,0,30
2023-06-20T18:33:02,2,28,0,30
2023-06-20T18:45:32,2,28,0,30
2023-06-20T18:57:48,2,28,0,30
2023-06-20T19:10:06,2,28,0,30
2023-06-20T19:22:23,2,28,0,30
2023-06-20T19:34:39,2,28,0,30
2023-06-20T19:47:08,2,28,0,30
2023-06-20T19:59:25,2,28,0,30
2023-06-20T20:11:43,2,28,0,30
2023-06-20T20:23:59,2,28,0,30
2023-06-20T20:36:16,2,28,0,30
2023-06-20T20:48:47,2,28,0,30
2023-06-20T21:01:04,2,28,0,30
2023-06-20T21:13:21,2,28,0,30
2023-06-20T21:25:37,2,28,0,30
2023-06-20T21:37:54,2,28,0,30
2023-06-20T21:50:21,2,28,0,30
2023-06-20T22:02:38,2,28,0,30
2023-06-20T22:14:55,2,28,0,30
2023-06-20T22:27:11,2,28,0,30
2023-06-20T22:39:29,2,28,0,30
2023-06-20T22:51:57,2,28,0,30
2023-06-20T23:04:16,2,28,0,30
2023-06-20T23:16:33,2,28,0,30
2023-06-20T23:28:51,2,28,0,30
2023-06-20T23:41:08,2,28,0,30
2023-06-20T23:53:24,2,28,0,30
2023-06-21T00:05:56,2,28,0,30
2023-06-21T00:18:25,2,28,0,30
2023-06-21T00:30:47,2,28,0,30
2023-06-21T00:43:08,2,28,0,30
2023-06-21T00:55:29,2,28,0,30
2023-06-21T01:07:51,2,28,0,30
2023-06-21T01:20:12,2,28,0,30
2023-06-21T01:32:45,2,28,0,30
2023-06-21T01:45:06,2,28,0,30
2023-06-21T01:57:29,2,28,0,30
2023-06-21T02:09:51,2,28,0,30
2023-06-21T02:22:11,2,28,0,30
2023-06-21T02:34:30,2,28,0,30
2023-06-21T02:46:47,2,28,0,30
2023-06-21T02:59:04,2,28,0,30
2023-06-21T03:11:22,2,28,0,30
2023-06-21T03:23:53,2,28,0,30
2023-06-21T03:36:11,2,28,0,30
2023-06-21T03:48:29,2,28,0,30
2023-06-21T04:00:47,2,28,0,30
2023-06-21T04:25:58,2,28,0,30
2023-06-21T04:40:11,2,28,0,30
2023-06-21T04:52:30,2,28,0,30
2023-06-21T05:04:50,2,28,0,30
2023-06-21T05:17:10,2,28,0,30
2023-06-21T05:29:28,2,28,0,30
2023-06-21T05:41:45,2,28,0,30
2023-06-21T05:54:03,2,28,0,30
2023-06-21T06:06:20,2,28,0,30
2023-06-21T06:18:37,2,28,0,30
2023-06-21T06:30:54,2,28,0,30
2023-06-21T06:43:23,2,28,0,30
2023-06-21T06:55:52,2,28,0,30
2023-06-21T07:08:13,2,28,0,30
2023-06-21T07:20:31,2,28,0,30
2023-06-21T07:32:50,2,28,0,30
2023-06-21T07:45:06,2,28,0,30
2023-06-21T07:57:25,2,28,0,30
2023-06-21T08:09:45,2,28,0,30
2023-06-21T08:22:17,2,28,0,30
2023-06-21T08:34:37,2,28,0,30
2023-06-21T08:46:56,2,28,0,30
2023-06-21T08:59:14,2,28,0,30
2023-06-21T09:11:34,2,28,0,30
2023-06-21T09:24:05,2,28,0,30
2023-06-21T09:36:24,2,28,0,30
2023-06-21T09:48:44,2,28,0,30
2023-06-21T10:01:04,2,28,0,30
2023-06-21T10:13:38,2,28,0,30
2023-06-21T10:25:57,2,28,0,30
2023-06-21T10:38:18,2,28,0,30
2023-06-21T10:50:37,2,28,0,30
2023-06-21T11:03:14,2,28,0,30
2023-06-21T11:15:35,2,28,0,30
2023-06-21T11:27:58,2,28,0,30
2023-06-21T11:40:18,2,28,0,30
2023-06-21T11:52:52,2,28,0,30
2023-06-21T12:05:11,2,28,0,30
2023-06-21T12:17:31,2,28,0,30
2023-06-21T12:30:00,2,28,0,30
2023-06-21T12:42:18,2,28,0,30
2023-06-21T12:54:35,2,28,0,30
2023-06-21T13:06:53,2,28,0,30
2023-06-21T13:19:21,2,28,0,30
2023-06-21T13:31:39,2,28,0,30
2023-06-21T13:43:59,2,28,0,30
2023-06-21T13:56:17,2,28,0,30
2023-06-21T14:08:45,2,28,0,30
2023-06-21T14:21:03,2,28,0,30
2023-06-21T14:33:22,2,28,0,30
2023-06-21T14:45:40,2,28,0,30
2023-06-21T14:58:11,2,28,0,30
2023-06-21T15:10:31,2,28,0,30
2023-06-21T15:22:50,2,28,0,30
2023-06-21T15:35:09,2,28,0,30
2023-06-21T15:47:28,2,28,0,30
2023-06-21T15:59:59,2,28,0,30
2023-06-21T16:12:18,2,28,0,30
2023-06-21T16:24:37,2,28,0,30
2023-06-21T16:36:57,2,28,0,30
2023-06-21T16:49:27,2,28,0,30
2023-06-21T17:01:47,2,28,0,30
2023-06-21T17:14:07,2,28,0,30
2023-06-21T17:26:27,2,28,0,30
2023-06-21T17:38:46,2,28,0,30
2023-06-21T17:51:18,2,28,0,30
2023-06-21T18:03:37,2,28,0,30
2023-06-21T18:15:56,2,28,0,30
2023-06-21T18:28:19,2,28,0,30
2023-06-21T18:40:50,2,28,0,30
2023-06-21T18:53:08,2,28,0,30
2023-06-21T19:05:28,2,28,0,30
2023-06-21T19:17:47,2,28,0,30
2023-06-21T19:30:06,2,28,0,30
2023-06-21T19:42:24,2,28,0,30
2023-06-21T19:54:54,2,28,0,30
2023-06-21T20:07:14,2,28,0,30
2023-06-21T20:19:32,2,28,0,30
2023-06-21T20:31:52,2,28,0,30
2023-06-21T20:44:11,2,28,0,30
2023-06-21T20:56:45,2,28,0,30
2023-06-21T21:09:04,2,28,0,30
2023-06-21T21:21:25,2,28,0,30
2023-06-21T21:33:44,2,28,0,30
2023-06-21T21:46:04,2,28,0,30
2023-06-21T21:58:35,2,28,0,30
2023-06-21T22:10:55,2,28,0,30
2023-06-21T22:23:14,2,28,0,30
2023-06-21T22:35:33,2,28,0,30
2023-06-21T22:47:53,2,28,0,30
2023-06-21T23:00:23,2,28,0,30
2023-06-21T23:12:47,2,28,0,30
2023-06-21T23:25:07,2,28,0,30
2023-06-21T23:37:27,2,28,0,30
2023-06-21T23:49:46,2,28,0,30
2023-06-22T00:02:06,2,28,0,30
2023-06-22T00:14:44,2,28,0,30
2023-06-22T00:27:09,2,28,0,30
2023-06-22T00:39:31,2,28,0,30
2023-06-22T00:51:54,2,28,0,30
2023-06-22T01:04:17,2,28,0,30
2023-06-22T01:16:40,2,28,0,30
2023-06-22T01:29:16,2,28,0,30
2023-06-22T01:41:39,2,28,0,30
2023-06-22T01:54:03,2,28,0,30
2023-06-22T02:06:25,2,28,0,30
2023-06-22T02:18:45,2,28,0,30
2023-06-22T02:31:06,2,28,0,30
2023-06-22T02:43:28,2,28,0,30
2023-06-22T02:56:00,2,28,0,30
2023-06-22T03:08:22,2,28,0,30
2023-06-22T03:20:44,2,28,0,30
2023-06-22T03:33:06,2,28,0,30
2023-06-22T03:45:27,2,28,0,30
2023-06-22T03:57:49,2,28,0,30
2023-06-22T04:10:10,2,28,0,30
2023-06-22T04:35:46,2,28,0,30
2023-06-22T04:48:09,2,28,0,30
2023-06-22T05:00:32,2,28,0,30
2023-06-22T05:12:53,2,28,0,30
2023-06-22T05:25:13,2,28,0,30
2023-06-22T05:37:32,2,28,0,30
2023-06-22T05:49:55,2,28,0,30
2023-06-22T06:02:18,2,28,0,30
2023-06-22T06:14:43,2,28,0,30
2023-06-22T06:27:05,2,28,0,30
2023-06-22T06:39:27,2,28,0,30
2023-06-22T06:51:48,2,28,0,30
2023-06-22T07:04:11,2,28,0,30
2023-06-22T07:16:43,2,28,0,30
2023-06-22T07:29:04,2,28,0,30
2023-06-22T07:41:25,2,28,0,30
2023-06-22T07:53:46,2,28,0,30
2023-06-22T08:06:06,2,28,0,30
2023-06-22T08:18:26,2,28,0,30
2023-06-22T08:30:47,2,28,0,30
2023-06-22T08:43:17,2,28,0,30
2023-06-22T08:55:37,2,28,0,30
2023-06-22T09:07:56,2,28,0,30
2023-06-22T09:20:17,2,28,0,30
2023-06-22T09:32:39,2,28,0,30
2023-06-22T09:45:11,2,28,0,30
2023-06-22T09:57:31,2,28,0,30
2023-06-22T10:09:51,2,28,0,30
2023-06-22T10:22:11,2,28,0,30
2023-06-22T10:34:33,2,28,0,30
2023-06-22T10:47:06,2,28,0,30
2023-06-22T10:59:27,2,28,0,30
2023-06-22T11:11:48,2,28,0,30
2023-06-22T11:24:08,2,28,0,30
2023-06-22T11:36:40,2,28,0,30
2023-06-22T11:49:00,3,27,0,30
2023-06-22T12:01:19,3,27,0,30
2023-06-22T12:13:39,3,27,0,30
2023-06-22T12:25:58,3,27,0,30
2023-06-22T12:38:29,3,27,0,30
2023-06-22T12:50:48,3,27,0,30
2023-06-22T13:03:08,3,27,0,30
2023-06-22T13:15:28,3,27,0,30
2023-06-22T13:27:48,3,27,0,30
2023-06-22T13:40:25,3,27,0,30
2023-06-22T13:52:45,3,27,0,30
2023-06-22T14:05:04,3,27,0,30
2023-06-22T14:17:36,3,27,0,30
2023-06-22T14:29:54,3,27,0,30
2023-06-22T14:42:16,3,27,0,30
2023-06-22T14:54:36,3,27,0,30
2023-06-22T15:06:55,3,27,0,30
2023-06-22T15:19:29,3,27,0,30
2023-06-22T15:31:48,3,27,0,30
2023-06-22T15:44:07,3,27,0,30
2023-06-22T15:56:27,3,27,0,30
2023-06-22T16:08:47,3,27,0,30
2023-06-22T16:21:06,3,27,0,30
2023-06-22T16:33:37,3,27,0,30
2023-06-22T16:45:56,3,27,0,30
2023-06-22T16:58:15,3,27,0,30
2023-06-22T17:10:35,3,27,0,30
2023-06-22T17:22:55,3,27,0,30
2023-06-22T17:35:14,3,27,0,30
2023-06-22T17:47:45,3,27,0,30
2023-06-22T18:00:04,3,27,0,30
2023-06-22T18:12:24,3,27,0,30
2023-06-22T18:24:45,3,27,0,30
2023-06-22T18:37:04,3,27,0,30
2023-06-22T18:49:39,3,27,0,30
2023-06-22T19:01:58,3,27,0,30
2023-06-22T19:14:17,3,27,0,30
2023-06-22T19:26:36,3,27,0,30
2023-06-22T19:38:55,3,27,0,30
2023-06-22T19:51:14,3,27,0,30
2023-06-22T20:03:33,3,27,0,30
2023-06-22T20:16:05,3,27,0,30
2023-06-22T20:28:24,3,27,0,30
2023-06-22T20:40:43,3,27,0,30
2023-06-22T20:53:02,3,27,0,30
2023-06-22T21:05:21,3,27,0,30
2023-06-22T21:17:41,3,27,0,30
2023-06-22T21:30:00,3,27,0,30
2023-06-22T21:42:19,3,27,0,30
2023-06-22T21:54:49,3,27,0,30
2023-06-22T22:07:09,3,27,0,30
2023-06-22T22:19:28,3,27,0,30
2023-06-22T22:31:48,3,27,0,30
2023-06-22T22:44:07,3,27,0,30
2023-06-22T22:56:26,3,27,0,30
2023-06-22T23:08:47,3,27,0,30
2023-06-22T23:21:20,3,27,0,30
2023-06-22T23:33:40,3,27,0,30
2023-06-22T23:46:00,3,27,0,30
2023-06-22T23:58:20,3,27,0,30
2023-06-23T00:10:41,3,27,0,30
2023-06-23T00:23:02,3,27,0,30
2023-06-23T00:35:37,3,27,0,30
2023-06-23T00:48:00,3,27,0,30
2023-06-23T01:00:23,3,27,0,30
2023-06-23T01:12:47,3,27,0,30
2023-06-23T01:25:22,3,27,0,30
2023-06-23T01:37:47,3,27,0,30
2023-06-23T01:50:13,3,27,0,30
2023-06-23T02:02:35,3,27,0,30
2023-06-23T02:14:57,3,27,0,30
2023-06-23T02:27:18,3,27,0,30
2023-06-23T02:39:41,3,27,0,30
2023-06-23T02:52:01,3,27,0,30
2023-06-23T03:04:20,3,27,0,30
2023-06-23T03:16:39,3,27,0,30
2023-06-23T03:29:10,3,27,0,30
2023-06-23T03:41:29,3,27,0,30
2023-06-23T03:53:47,3,27,0,30
2023-06-23T04:06:06,3,27,0,30
2023-06-23T04:24:54,4,26,0,30
2023-06-23T04:37:14,4,26,0,30
2023-06-23T04:49:34,4,26,0,30
2023-06-23T05:01:59,4,26,0,30
2023-06-23T05:14:31,4,26,0,30
2023-06-23T05:26:58,4,26,0,30
2023-06-23T05:39:21,4,26,0,30
2023-06-23T05:51:45,4,26,0,30
2023-06-23T06:04:07,4,26,0,30
2023-06-23T06:16:30,4,26,0,30
2023-06-23T06:29:01,4,26,0,30
2023-06-23T06:41:24,4,26,0,30
2023-06-23T06:53:46,4,26,0,30
2023-06-23T07:06:10,4,26,0,30
2023-06-23T07:18:32,4,26,0,30
2023-06-23T07:30:54,4,26,0,30
2023-06-23T07:43:15,4,26,0,30
2023-06-23T07:55:37,4,26,0,30
2023-06-23T08:07:59,4,26,0,30
2023-06-23T08:20:20,4,26,0,30
2023-06-23T08:32:42,4,26,0,30
2023-06-23T08:45:03,4,26,0,30
2023-06-23T08:57:34,4,26,0,30
2023-06-23T09:09:54,4,26,0,30
2023-06-23T09:22:13,4,26,0,30
2023-06-23T09:34:33,4,26,0,30
2023-06-23T09:46:52,4,26,0,30
2023-06-23T09:59:12,4,26,0,30
2023-06-23T10:11:31,4,26,0,30
2023-06-23T10:23:51,4,26,0,30
2023-06-23T10:36:21,4,26,0,30
2023-06-23T10:48:40,4,26,0,30
2023-06-23T11:01:00,4,26,0,30
2023-06-23T11:13:20,4,26,0,30
2023-06-23T11:25:39,4,26,0,30
2023-06-23T11:37:59,4,26,0,30
2023-06-23T11:50:19,4,26,0,30
2023-06-23T12:02:48,4,26,0,30
2023-06-23T12:15:07,4,26,0,30
2023-06-23T12:27:27,4,26,0,30
2023-06-23T12:39:47,4,26,0,30
2023-06-23T12:52:06,4,26,0,30
2023-06-23T13:04:37,4,26,0,30
2023-06-23T13:16:57,4,26,0,30
2023-06-23T13:29:17,4,26,0,30
2023-06-23T13:41:37,4,26,0,30
2023-06-23T13:53:57,4,26,0,30
2023-06-23T14:06:17,4,26,0,30
2023-06-23T14:18:37,4,26,0,30
2023-06-23T14:31:11,4,26,0,30
2023-06-23T14:43:31,4,26,0,30
2023-06-23T14:55:50,4,26,0,30
2023-06-23T15:08:10,4,26,0,30
2023-06-23T15:20:29,4,26,0,30
2023-06-23T15:32:49,4,26,0,30
2023-06-23T15:45:21,4,26,0,30
2023-06-23T15:57:41,4,26,0,30
2023-06-23T16:10:01,4,26,0,30
2023-06-23T16:22:21,4,26,0,30
2023-06-23T16:34:40,4,26,0,30
2023-06-23T16:47:00,4,26,0,30
2023-06-23T16:59:19,4,26,0,30
2023-06-23T17:11:51,4,26,0,30
2023-06-23T17:24:11,4,26,0,30
2023-06-23T17:36:30,4,26,0,30
2023-06-23T17:48:50,4,26,0,30
2023-06-23T18:01:09,4,26,0,30
2023-06-23T18:13:29,4,26,0,30
2023-06-23T18:25:58,4,26,0,30
2023-06-23T18:38:18,4,26,0,30
2023-06-23T18:50:37,4,26,0,30
2023-06-23T19:02:57,4,26,0,30
2023-06-23T19:15:17,4,26,0,30
2023-06-23T19:27:37,4,26,0,30
2023-06-23T19:40:07,4,26,0,30
2023-06-23T19:52:27,4,26,0,30
2023-06-23T20:04:47,4,26,0,30
2023-06-23T20:17:07,4,26,0,30
2023-06-23T20:29:26,4,26,0,30
2023-06-23T20:41:46,4,26,0,30
2023-06-23T20:54:16,4,26,0,30
2023-06-23T21:06:36,4,26,0,30
2023-06-23T21:18:56,4,26,0,30
2023-06-23T21:31:16,4,26,0,30
2023-06-23T21:43:35,4,26,0,30
2023-06-23T21:55:55,4,26,0,30
2023-06-23T22:08:18,4,26,0,30
2023-06-23T22:20:48,4,26,0,30
2023-06-23T22:33:08,4,26,0,30
2023-06-23T22:45:27,4,26,0,30
2023-06-23T22:57:47,4,26,0,30
2023-06-23T23:10:07,4,26,0,30
2023-06-23T23:22:28,4,26,0,30
2023-06-23T23:34:49,4,26,0,30
2023-06-23T23:47:21,4,26,0,30
2023-06-23T23:59:42,4,26,0,30
2023-06-24T00:12:05,4,26,0,30
2023-06-24T00:24:31,4,26,0,30
2023-06-24T00:36:54,4,26,0,30
2023-06-24T00:49:17,4,26,0,30
2023-06-24T01:01:41,4,26,0,30
2023-06-24T01:14:06,4,26,0,30
2023-06-24T01:26:29,4,26,0,30
2023-06-24T01:38:56,4,26,0,30
2023-06-24T01:51:31,4,26,0,30
2023-06-24T02:03:55,4,26,0,30
2023-06-24T02:16:18,4,26,0,30
2023-06-24T02:28:41,4,26,0,30
2023-06-24T02:41:04,4,26,0,30
2023-06-24T02:53:23,4,26,0,30
2023-06-24T03:05:43,4,26,0,30
2023-06-24T03:18:05,4,26,0,30
2023-06-24T03:30:27,4,26,0,30
2023-06-24T03:42:49,4,26,0,30
2023-06-24T03:55:11,4,26,0,30
2023-06-24T04:07:33,4,26,0,30
2023-06-24T04:27:45,4,26,0,30
2023-06-24T04:40:10,4,26,0,30
2023-06-24T04:52:33,4,26,0,30
2023-06-24T05:04:57,4,26,0,30
2023-06-24T05:17:19,4,26,0,30
2023-06-24T05:29:48,4,26,0,30
2023-06-24T05:42:11,4,26,0,30
2023-06-24T05:54:35,4,26,0,30
2023-06-24T06:06:57,4,26,0,30
2023-06-24T06:19:20,4,26,0,30
2023-06-24T06:31:42,4,26,0,30
2023-06-24T06:44:04,4,26,0,30
2023-06-24T06:56:26,4,26,0,30
2023-06-24T07:08:48,4,26,0,30
2023-06-24T07:21:22,4,26,0,30
2023-06-24T07:33:44,4,26,0,30
2023-06-24T07:46:06,4,26,0,30
2023-06-24T07:58:28,4,26,0,30
2023-06-24T08:10:51,4,26,0,30
2023-06-24T08:23:13,4,26,0,30
2023-06-24T08:35:35,4,26,0,30
2023-06-24T08:47:57,4,26,0,30
2023-06-24T09:00:19,4,26,0,30
2023-06-24T09:12:50,4,26,0,30
2023-06-24T09:25:12,4,26,0,30
2023-06-24T09:37:34,4,26,0,30
2023-06-24T09:49:57,4,26,0,30
2023-06-24T10:02:20,4,26,0,30
2023-06-24T10:14:42,4,26,0,30
2023-06-24T10:27:04,4,26,0,30
2023-06-24T10:39:26,4,26,0,30
2023-06-24T10:51:50,4,26,0,30
2023-06-24T11:04:12,4,26,0,30
2023-06-24T11:16:44,4,26,0,30
2023-06-24T11:29:05,4,26,0,30
2023-06-24T11:41:26,4,26,0,30
2023-06-24T11:53:48,4,26,0,30
2023-06-24T12:06:09,4,26,0,30
2023-06-24T12:18:30,4,26,0,30
2023-06-24T12:30:50,4,26,0,30
2023-06-24T12:43:09,4,26,0,30
2023-06-24T12:55:29,4,26,0,30
2023-06-24T13:08:00,4,26,0,30
2023-06-24T13:20:19,4,26,0,30
2023-06-24T13:32:38,4,26,0,30
2023-06-24T13:44:57,4,26,0,30
2023-06-24T13:57:16,4,26,0,30
2023-06-24T14:09:34,4,26,0,30
2023-06-24T14:21:53,4,26,0,30
2023-06-24T14:34:12,4,26,0,30
2023-06-24T14:46:31,4,26,0,30
2023-06-24T14:58:51,4,26,0,30
2023-06-24T15:11:19,4,26,0,30
2023-06-24T15:23:38,4,26,0,30
2023-06-24T15:35:57,4,26,0,30
2023-06-24T15:48:16,4,26,0,30
2023-06-24T16:00:35,4,26,0,30
2023-06-24T16:12:54,4,26,0,30
2023-06-24T16:25:13,4,26,0,30
2023-06-24T16:37:32,4,26,0,30
2023-06-24T16:50:01,4,26,0,30
2023-06-24T17:02:20,4,26,0,30
2023-06-24T17:14:41,4,26,0,30
2023-06-24T17:27:00,4,26,0,30
2023-06-24T17:39:20,4,26,0,30
2023-06-24T17:51:39,4,26,0,30
2023-06-24T18:04:00,4,26,0,30
2023-06-24T18:16:19,4,26,0,30
2023-06-24T18:28:38,4,26,0,30
2023-06-24T18:41:09,4,26,0,30
2023-06-24T18:53:28,4,26,0,30
2023-06-24T19:05:48,4,26,0,30
2023-06-24T19:18:08,4,26,0,30
2023-06-24T19:30:27,4,26,0,30
2023-06-24T19:42:47,4,26,0,30
2023-06-24T19:55:06,4,26,0,30
2023-06-24T20:07:26,4,26,0,30
2023-06-24T20:19:55,4,26,0,30
2023-06-24T20:32:15,4,26,0,30
2023-06-24T20:44:34,4,26,0,30
2023-06-24T20:56:54,4,26,0,30
2023-06-24T21:09:13,4,26,0,30
2023-06-24T21:21:32,4,26,0,30
2023-06-24T21:33:51,4,26,0,30
2023-06-24T21:46:10,4,26,0,30
2023-06-24T21:58:41,4,26,0,30
2023-06-24T22:11:01,4,26,0,30
2023-06-24T22:23:20,4,26,0,30
2023-06-24T22:35:39,4,26,0,30
2023-06-24T22:47:59,4,26,0,30
2023-06-24T23:00:18,4,26,0,30
2023-06-24T23:12:39,4,26,0,30
2023-06-24T23:24:59,4,26,0,30
2023-06-24T23:37:19,4,26,0,30
2023-06-24T23:49:50,4,26,0,30
2023-06-25T00:02:11,4,26,0,30
2023-06-25T00:14:34,4,26,0,30
2023-06-25T00:26:58,4,26,0,30
2023-06-25T00:39:22,4,26,0,30
2023-06-25T00:51:45,4,26,0,30
2023-06-25T01:04:08,4,26,0,30
2023-06-25T01:16:30,4,26,0,30
2023-06-25T01:29:04,4,26,0,30
2023-06-25T01:41:27,4,26,0,30
2023-06-25T01:53:49,4,26,0,30
2023-06-25T02:06:13,4,26,0,30
2023-06-25T02:18:43,4,26,0,30
2023-06-25T02:31:08,4,26,0,30
2023-06-25T02:43:30,4,26,0,30
2023-06-25T02:55:52,4,26,0,30
2023-06-25T03:08:14,4,26,0,30
2023-06-25T03:20:36,4,26,0,30
2023-06-25T03:32:59,4,26,0,30
2023-06-25T03:45:33,4,26,0,30
2023-06-25T03:57:55,4,26,0,30
2023-06-25T04:10:19,4,26,0,30
2023-06-25T04:27:58,4,26,0,30
2023-06-25T04:40:22,4,26,0,30
2023-06-25T04:54:32,4,26,0,30
2023-06-25T05:06:55,4,26,0,30
2023-06-25T05:19:17,4,26,0,30
2023-06-25T05:31:40,4,26,0,30
2023-06-25T05:44:04,4,26,0,30
2023-06-25T05:56:26,4,26,0,30
2023-06-25T06:08:48,4,26,0,30
2023-06-25T06:21:11,4,26,0,30
2023-06-25T06:33:34,4,26,0,30
2023-06-25T06:45:56,4,26,0,30
2023-06-25T06:58:25,4,26,0,30
2023-06-25T07:10:46,4,26,0,30
2023-06-25T07:23:06,4,26,0,30
2023-06-25T07:35:26,4,26,0,30
2023-06-25T07:47:46,4,26,0,30
2023-06-25T08:00:05,4,26,0,30
2023-06-25T08:12:25,4,26,0,30
2023-06-25T08:24:45,4,26,0,30
2023-06-25T08:37:06,4,26,0,30
2023-06-25T08:49:34,4,26,0,30
2023-06-25T09:01:54,4,26,0,30
2023-06-25T09:14:14,4,26,0,30
2023-06-25T09:26:33,4,26,0,30
2023-06-25T09:38:53,4,26,0,30
2023-06-25T09:51:14,4,26,0,30
2023-06-25T10:03:33,4,26,0,30
2023-06-25T10:15:53,4,26,0,30
2023-06-25T10:28:12,4,26,0,30
2023-06-25T10:40:43,4,26,0,30
2023-06-25T10:53:04,4,26,0,30
2023-06-25T11:05:27,4,26,0,30
2023-06-25T11:17:47,4,26,0,30
2023-06-25T11:30:06,4,26,0,30
2023-06-25T11:42:27,4,26,0,30
2023-06-25T11:54:49,4,26,0,30
2023-06-25T12:07:10,4,26,0,30
2023-06-25T12:19:33,4,26,0,30
2023-06-25T12:31:55,4,26,0,30
2023-06-25T12:44:26,4,26,0,30
2023-06-25T12:56:46,4,26,0,30
2023-06-25T13:09:06,4,26,0,30
2023-06-25T13:21:25,4,26,0,30
2023-06-25T13:33:45,4,26,0,30
2023-06-25T13:46:04,4,26,0,30
2023-06-25T13:58:24,4,26,0,30
2023-06-25T14:10:52,4,26,0,30
2023-06-25T14:23:12,4,26,0,30
2023-06-25T14:35:31,4,26,0,30
2023-06-25T14:47:49,4,26,0,30
2023-06-25T15:00:09,4,26,0,30
2023-06-25T15:12:28,4,26,0,30
2023-06-25T15:24:59,4,26,0,30
2023-06-25T15:37:18,4,26,0,30
2023-06-25T15:49:37,4,26,0,30
2023-06-25T16:01:56,4,26,0,30
2023-06-25T16:14:16,4,26,0,30
2023-06-25T16:26:36,4,26,0,30
2023-06-25T16:39:06,4,26,0,30
2023-06-25T16:51:26,4,26,0,30
2023-06-25T17:03:45,4,26,0,30
2023-06-25T17:16:05,4,26,0,30
2023-06-25T17:28:25,4,26,0,30
2023-06-25T17:40:44,4,26,0,30
2023-06-25T17:53:04,4,26,0,30
2023-06-25T18:05:33,4,26,0,30
2023-06-25T18:17:52,4,26,0,30
2023-06-25T18:30:12,4,26,0,30
2023-06-25T18:42:31,4,26,0,30
2023-06-25T18:54:50,4,26,0,30
2023-06-25T19:07:21,4,26,0,30
2023-06-25T19:19:41,4,26,0,30
2023-06-25T19:32:01,4,26,0,30
2023-06-25T19:44:20,4,26,0,30
2023-06-25T19:56:40,4,26,0,30
2023-06-25T20:08:59,4,26,0,30
2023-06-25T20:21:19,4,26,0,30
2023-06-25T20:33:48,4,26,0,30
2023-06-25T20:46:07,4,26,0,30
2023-06-25T20:58:26,4,26,0,30
2023-06-25T21:10:46,4,26,0,30
2023-06-25T21:23:06,4,26,0,30
2023-06-25T21:35:25,4,26,0,30
2023-06-25T21:47:45,4,26,0,30
2023-06-25T22:00:05,4,26,0,30
2023-06-25T22:12:34,4,26,0,30
2023-06-25T22:24:54,4,26,0,30
2023-06-25T22:37:14,4,26,0,30
2023-06-25T22:49:34,4,26,0,30
2023-06-25T23:01:53,4,26,0,30
2023-06-25T23:14:13,4,26,0,30
2023-06-25T23:26:33,4,26,0,30
2023-06-25T23:38:55,4,26,0,30
2023-06-25T23:51:26,4,26,0,30
2023-06-26T00:03:47,4,26,0,30
2023-06-26T00:16:15,4,26,0,30
2023-06-26T00:28:44,4,26,0,30
2023-06-26T00:41:18,4,26,0,30
2023-06-26T00:53:41,4,26,0,30
2023-06-26T01:06:05,4,26,0,30
2023-06-26T01:18:31,4,26,0,30
2023-06-26T01:30:55,4,26,0,30
2023-06-26T01:43:32,4,26,0,30
2023-06-26T01:55:55,4,26,0,30
2023-06-26T02:08:33,4,26,0,30
2023-06-26T02:20:56,4,26,0,30
2023-06-26T02:33:19,4,26,0,30
2023-06-26T02:45:41,4,26,0,30
2023-06-26T02:58:03,4,26,0,30
2023-06-26T03:10:25,4,26,0,30
2023-06-26T03:22:48,4,26,0,30
2023-06-26T03:35:11,4,26,0,30
2023-06-26T03:47:33,4,26,0,30
2023-06-26T04:00:07,4,26,0,30
2023-06-26T04:14:38,4,26,0,30
2023-06-26T04:40:39,4,26,0,30
2023-06-26T04:53:04,4,26,0,30
2023-06-26T05:05:31,4,26,0,30
2023-06-26T05:17:54,4,26,0,30
2023-06-26T05:30:18,4,26,0,30
2023-06-26T05:42:41,4,26,0,30
2023-06-26T05:55:04,4,26,0,30
2023-06-26T06:07:27,4,26,0,30
2023-06-26T06:19:50,4,26,0,30
2023-06-26T06:32:13,4,26,0,30
2023-06-26T06:44:36,4,26,0,30
2023-06-26T06:56:58,4,26,0,30
2023-06-26T07:09:31,4,26,0,30
2023-06-26T07:21:52,4,26,0,30
2023-06-26T07:34:13,4,26,0,30
2023-06-26T07:46:32,4,26,0,30
2023-06-26T07:58:52,4,26,0,30
2023-06-26T08:11:11,4,26,0,30
2023-06-26T08:23:31,4,26,0,30
2023-06-26T08:35:51,4,26,0,30
2023-06-26T08:48:14,4,26,0,30
2023-06-26T09:00:48,4,26,0,30
2023-06-26T09:13:08,4,26,0,30
2023-06-26T09:25:28,4,26,0,30
2023-06-26T09:37:48,4,26,0,30
2023-06-26T09:50:08,4,26,0,30
2023-06-26T10:02:28,4,26,0,30
2023-06-26T10:15:00,4,26,0,30
2023-06-26T10:27:21,4,26,0,30
2023-06-26T10:39:41,4,26,0,30
2023-06-26T10:52:01,4,26,0,30
2023-06-26T11:04:22,4,26,0,30
2023-06-26T11:16:42,4,26,0,30
2023-06-26T11:29:15,4,26,0,30
2023-06-26T11:41:36,4,26,0,30
2023-06-26T11:53:57,4,26,0,30
2023-06-26T12:06:17,4,26,0,30
2023-06-26T12:18:36,4,26,0,30
2023-06-26T12:30:57,4,26,0,30
2023-06-26T12:43:17,4,26,0,30
2023-06-26T12:55:48,4,26,0,30
2023-06-26T13:08:08,4,26,0,30
2023-06-26T13:20:28,4,26,0,30
2023-06-26T13:32:49,4,26,0,30
2023-06-26T13:45:11,4,26,0,30
2023-06-26T13:57:32,4,26,0,30
2023-06-26T14:09:54,4,26,0,30
2023-06-26T14:22:26,4,26,0,30
2023-06-26T14:34:48,4,26,0,30
2023-06-26T14:47:10,4,26,0,30
2023-06-26T14:59:31,4,26,0,30
2023-06-26T15:11:52,4,26,0,30
2023-06-26T15:24:14,4,26,0,30
2023-06-26T15:36:35,4,26,0,30
2023-06-26T15:49:08,4,26,0,30
2023-06-26T16:01:30,4,26,0,30
2023-06-26T16:13:51,4,26,0,30
2023-06-26T16:26:13,4,26,0,30
2023-06-26T16:38:34,4,26,0,30
2023-06-26T16:50:55,4,26,0,30
2023-06-26T17:03:16,4,26,0,30
2023-06-26T17:15:50,4,26,0,30
2023-06-26T17:28:11,4,26,0,30
2023-06-26T17:40:32,4,26,0,30
2023-06-26T17:52:53,4,26,0,30
2023-06-26T18:05:14,4,26,0,30
2023-06-26T18:17:36,4,26,0,30
2023-06-26T18:29:57,4,26,0,30
2023-06-26T18:42:18,4,26,0,30
2023-06-26T18:54:50,4,26,0,30
2023-06-26T19:07:11,4,26,0,30
2023-06-26T19:19:32,4,26,0,30
2023-06-26T19:31:54,4,26,0,30
2023-06-26T19:44:15,4,26,0,30
2023-06-26T19:56:36,4,26,0,30
2023-06-26T20:08:57,4,26,0,30
2023-06-26T20:21:17,4,26,0,30
2023-06-26T20:33:41,4,26,0,30
2023-06-26T20:46:02,4,26,0,30
2023-06-26T20:58:33,4,26,0,30
2023-06-26T21:10:54,4,26,0,30
2023-06-26T21:23:16,4,26,0,30
2023-06-26T21:35:37,4,26,0,30
2023-06-26T21:47:58,4,26,0,30
2023-06-26T22:00:19,4,26,0,30
2023-06-26T22:12:40,4,26,0,30
2023-06-26T22:25:01,4,26,0,30
2023-06-26T22:37:24,4,26,0,30
2023-06-26T22:49:44,4,26,0,30
2023-06-26T23:02:05,4,26,0,30
2023-06-26T23:14:40,4,26,0,30
2023-06-26T23:27:02,4,26,0,30
2023-06-26T23:39:24,4,26,0,30
2023-06-26T23:51:46,4,26,0,30
2023-06-27T00:04:10,4,26,0,30
2023-06-27T00:16:35,4,26,0,30
2023-06-27T00:29:00,4,26,0,30
2023-06-27T00:41:25,4,26,0,30
2023-06-27T00:53:50,4,26,0,30
2023-06-27T01:06:15,4,26,0,30
2023-06-27T01:18:41,4,26,0,30
2023-06-27T01:31:06,4,26,0,30
2023-06-27T01:43:31,4,26,0,30
2023-06-27T01:55:54,4,26,0,30
2023-06-27T02:08:29,4,26,0,30
2023-06-27T02:20:52,4,26,0,30
2023-06-27T02:33:16,4,26,0,30
2023-06-27T02:45:39,4,26,0,30
2023-06-27T02:58:01,4,26,0,30
2023-06-27T03:10:24,4,26,0,30
2023-06-27T03:22:47,4,26,0,30
2023-06-27T03:35:10,4,26,0,30
2023-06-27T03:47:34,4,26,0,30
2023-06-27T03:59:58,4,26,0,30
2023-06-27T04:27:28,4,26,0,30
2023-06-27T04:41:32,4,26,0,30
2023-06-27T04:54:00,4,26,0,30
2023-06-27T05:06:43,4,26,0,30
2023-06-27T05:19:09,4,26,0,30
2023-06-27T05:31:33,4,26,0,30
2023-06-27T05:43:58,4,26,0,30
2023-06-27T05:56:22,4,26,0,30
2023-06-27T06:08:46,4,26,0,30
2023-06-27T06:21:10,4,26,0,30
2023-06-27T06:33:34,4,26,0,30
2023-06-27T06:45:59,4,26,0,30
2023-06-27T06:58:23,4,26,0,30
2023-06-27T07:10:46,4,26,0,30
2023-06-27T07:23:12,4,26,0,30
2023-06-27T07:35:35,4,26,0,30
2023-06-27T07:47:58,4,26,0,30
2023-06-27T08:00:21,4,26,0,30
2023-06-27T08:12:45,4,26,0,30
2023-06-27T08:25:08,4,26,0,30
2023-06-27T08:37:30,4,26,0,30
2023-06-27T08:50:02,4,26,0,30
2023-06-27T09:02:25,4,26,0,30
2023-06-27T09:14:47,4,26,0,30
2023-06-27T09:27:10,4,26,0,30
2023-06-27T09:39:33,4,26,0,30
2023-06-27T09:51:57,4,26,0,30
2023-06-27T10:04:19,4,26,0,30
2023-06-27T10:16:44,4,26,0,30
2023-06-27T10:29:07,4,26,0,30
2023-06-27T10:41:30,4,26,0,30
2023-06-27T10:53:51,4,26,0,30
2023-06-27T11:06:28,4,26,0,30
2023-06-27T11:18:50,4,26,0,30
2023-06-27T11:31:12,4,26,0,30
2023-06-27T11:43:34,4,26,0,30
2023-06-27T11:55:56,4,26,0,30
2023-06-27T12:08:18,4,26,0,30
2023-06-27T12:20:40,4,26,0,30
2023-06-27T12:33:02,4,26,0,30
2023-06-27T12:45:37,4,26,0,30
2023-06-27T12:57:59,4,26,0,30
2023-06-27T13:10:21,4,26,0,30
2023-06-27T13:22:43,4,26,0,30
2023-06-27T13:35:06,4,26,0,30
2023-06-27T13:47:29,4,26,0,30
2023-06-27T13:59:51,4,26,0,30
2023-06-27T14:12:12,4,26,0,30
2023-06-27T14:24:34,4,26,0,30
2023-06-27T14:37:07,4,26,0,30
2023-06-27T14:49:29,4,26,0,30
2023-06-27T15:01:51,4,26,0,30
2023-06-27T15:14:13,4,26,0,30
2023-06-27T15:26:35,4,26,0,30
2023-06-27T15:38:59,4,26,0,30
2023-06-27T15:51:22,4,26,0,30
2023-06-27T16:03:45,4,26,0,30
2023-06-27T16:16:18,4,26,0,30
2023-06-27T16:28:41,4,26,0,30
2023-06-27T16:41:04,4,26,0,30
2023-06-27T16:53:28,4,26,0,30
2023-06-27T17:05:52,4,26,0,30
2023-06-27T17:18:16,4,26,0,30
2023-06-27T17:30:40,4,26,0,30
2023-06-27T17:43:02,4,26,0,30
2023-06-27T17:55:24,4,26,0,30
2023-06-27T18:07:47,4,26,0,30
2023-06-27T18:20:19,4,26,0,30
2023-06-27T18:32:41,4,26,0,30
2023-06-27T18:45:03,4,26,0,30
2023-06-27T18:57:25,4,26,0,30
2023-06-27T19:09:48,4,26,0,30
2023-06-27T19:22:10,4,26,0,30
2023-06-27T19:34:32,4,26,0,30
2023-06-27T19:46:55,4,26,0,30
2023-06-27T19:59:16,4,26,0,30
2023-06-27T20:11:38,4,26,0,30
2023-06-27T20:24:01,4,26,0,30
2023-06-27T20:36:34,4,26,0,30
2023-06-27T20:48:56,4,26,0,30
2023-06-27T21:01:18,4,26,0,30
2023-06-27T21:13:40,4,26,0,30
2023-06-27T21:26:02,4,26,0,30
2023-06-27T21:38:24,4,26,0,30
2023-06-27T21:50:47,4,26,0,30
2023-06-27T22:03:09,4,26,0,30
2023-06-27T22:15:31,4,26,0,30
2023-06-27T22:27:53,4,26,0,30
2023-06-27T22:40:14,4,26,0,30
2023-06-27T22:52:36,4,26,0,30
2023-06-27T23:05:10,4,26,0,30
2023-06-27T23:17:32,4,26,0,30
2023-06-27T23:29:55,4,26,0,30
2023-06-27T23:42:18,4,26,0,30
2023-06-27T23:54:41,4,26,0,30
2023-06-28T00:07:04,4,26,0,30
2023-06-28T00:19:30,4,26,0,30
2023-06-28T00:31:55,4,26,0,30
2023-06-28T00:44:21,4,26,0,30
2023-06-28T00:56:48,4,26,0,30
2023-06-28T01:09:15,4,26,0,30
2023-06-28T01:21:40,4,26,0,30
2023-06-28T01:34:18,4,26,0,30
2023-06-28T01:46:45,4,26,0,30
2023-06-28T01:59:11,4,26,0,30
2023-06-28T02:11:34,4,26,0,30
2023-06-28T02:23:57,4,26,0,30
2023-06-28T02:36:19,4,26,0,30
2023-06-28T02:48:41,4,26,0,30
2023-06-28T03:01:04,4,26,0,30
2023-06-28T03:13:29,4,26,0,30
2023-06-28T03:25:55,4,26,0,30
2023-06-28T03:38:23,4,26,0,30
2023-06-28T03:51:07,4,26,0,30
2023-06-28T04:03:34,4,26,0,30
2023-06-28T04:40:39,4,26,0,30
2023-06-28T04:53:08,4,26,0,30
2023-06-28T05:05:35,4,26,0,30
2023-06-28T05:18:01,4,26,0,30
2023-06-28T05:30:26,4,26,0,30
2023-06-28T05:42:51,4,26,0,30
2023-06-28T05:55:17,4,26,0,30
2023-06-28T06:07:42,4,26,0,30
2023-06-28T06:20:07,4,26,0,30
2023-06-28T06:32:33,4,26,0,30
2023-06-28T06:45:02,4,26,0,30
2023-06-28T06:57:26,4,26,0,30
2023-06-28T07:09:53,4,26,0,30
2023-06-28T07:22:17,4,26,0,30
2023-06-28T07:34:40,4,26,0,30
2023-06-28T07:47:11,4,26,0,30
2023-06-28T07:59:34,4,26,0,30
2023-06-28T08:11:59,4,26,0,30
2023-06-28T08:24:23,4,26,0,30
2023-06-28T08:36:46,4,26,0,30
2023-06-28T08:49:09,4,26,0,30
2023-06-28T09:01:33,4,26,0,30
2023-06-28T09:13:55,4,26,0,30
2023-06-28T09:26:17,4,26,0,30
2023-06-28T09:38:39,4,26,0,30
2023-06-28T09:51:02,4,26,0,30
2023-06-28T10:03:34,4,26,0,30
2023-06-28T10:15:56,4,26,0,30
2023-06-28T10:28:18,4,26,0,30
2023-06-28T10:40:40,4,26,0,30
2023-06-28T10:53:03,4,26,0,30
2023-06-28T11:05:26,4,26,0,30
2023-06-28T11:17:48,4,26,0,30
2023-06-28T11:30:11,4,26,0,30
2023-06-28T11:42:33,4,26,0,30
2023-06-28T11:54:56,4,26,0,30
2023-06-28T12:07:30,4,26,0,30
2023-06-28T12:19:52,4,26,0,30
2023-06-28T12:32:14,4,26,0,30
2023-06-28T12:44:37,4,26,0,30
2023-06-28T12:56:59,4,26,0,30
2023-06-28T13:09:21,4,26,0,30
2023-06-28T13:21:44,4,26,0,30
2023-06-28T13:34:06,4,26,0,30
2023-06-28T13:46:29,4,26,0,30
2023-06-28T13:59:03,4,26,0,30
2023-06-28T14:11:26,4,26,0,30
2023-06-28T14:23:49,4,26,0,30
2023-06-28T14:36:12,4,26,0,30
2023-06-28T14:48:34,4,26,0,30
2023-06-28T15:00:57,4,26,0,30
2023-06-28T15:13:22,4,26,0,30
2023-06-28T15:25:44,4,26,0,30
2023-06-28T15:38:20,4,26,0,30
2023-06-28T15:50:43,4,26,0,30
2023-06-28T16:03:05,4,26,0,30
2023-06-28T16:15:28,4,26,0,30
2023-06-28T16:27:50,4,26,0,30
2023-06-28T16:40:13,4,26,0,30
2023-06-28T16:52:35,4,26,0,30
2023-06-28T17:04:58,4,26,0,30
2023-06-28T17:17:31,4,26,0,30
2023-06-28T17:29:54,4,26,0,30
2023-06-28T17:42:16,4,26,0,30
2023-06-28T17:54:39,4,26,0,30
2023-06-28T18:07:02,4,26,0,30
2023-06-28T18:19:25,4,26,0,30
2023-06-28T18:31:47,4,26,0,30
2023-06-28T18:44:09,4,26,0,30
2023-06-28T18:56:31,4,26,0,30
2023-06-28T19:08:54,4,26,0,30
2023-06-28T19:21:27,4,26,0,30
2023-06-28T19:33:50,4,26,0,30
2023-06-28T19:46:12,4,26,0,30
2023-06-28T19:58:35,4,26,0,30
2023-06-28T20:10:58,4,26,0,30
2023-06-28T20:23:21,4,26,0,30
2023-06-28T20:35:43,4,26,0,30
2023-06-28T20:48:05,4,26,0,30
2023-06-28T21:00:28,4,26,0,30
2023-06-28T21:12:51,4,26,0,30
2023-06-28T21:25:25,4,26,0,30
2023-06-28T21:37:47,4,26,0,30
2023-06-28T21:50:10,4,26,0,30
2023-06-28T22:02:33,4,26,0,30
2023-06-28T22:14:57,4,26,0,30
2023-06-28T22:27:19,4,26,0,30
2023-06-28T22:39:42,4,26,0,30
2023-06-28T22:52:05,4,26,0,30
2023-06-28T23:04:28,4,26,0,30
2023-06-28T23:16:52,4,26,0,30
2023-06-28T23:29:15,4,26,0,30
2023-06-28T23:41:49,4,26,0,30
2023-06-28T23:54:12,4,26,0,30
2023-06-29T00:06:36,4,26,0,30
2023-06-29T00:19:06,4,26,0,30
2023-06-29T00:31:33,4,26,0,30
2023-06-29T00:44:00,4,26,0,30
2023-06-29T00:56:27,4,26,0,30
2023-06-29T01:08:55,4,26,0,30
2023-06-29T01:21:23,4,26,0,30
2023-06-29T01:33:49,4,26,0,30
2023-06-29T01:46:14,4,26,0,30
2023-06-29T01:58:39,4,26,0,30
2023-06-29T02:11:16,4,26,0,30
2023-06-29T02:23:40,4,26,0,30
2023-06-29T02:36:04,4,26,0,30
2023-06-29T02:48:27,4,26,0,30
2023-06-29T03:00:50,4,26,0,30
2023-06-29T03:13:12,4,26,0,30
2023-06-29T03:25:35,4,26,0,30
2023-06-29T03:37:58,4,26,0,30
2023-06-29T03:50:20,4,26,0,30
2023-06-29T04:02:43,4,26,0,30
2023-06-29T04:25:29,4,26,0,30
2023-06-29T04:37:53,4,26,0,30
2023-06-29T04:52:13,4,26,0,30
2023-06-29T05:04:36,4,26,0,30
2023-06-29T05:16:59,4,26,0,30
2023-06-29T05:29:27,4,26,0,30
2023-06-29T05:41:54,4,26,0,30
2023-06-29T05:54:20,4,26,0,30
2023-06-29T06:06:48,4,26,0,30
2023-06-29T06:19:16,4,26,0,30
2023-06-29T06:31:43,4,26,0,30
2023-06-29T06:44:10,4,26,0,30
2023-06-29T06:56:49,4,26,0,30
2023-06-29T07:09:20,4,26,0,30
2023-06-29T07:21:46,4,26,0,30
2023-06-29T07:34:21,4,26,0,30
2023-06-29T07:46:47,4,26,0,30
2023-06-29T07:59:13,4,26,0,30
2023-06-29T08:11:40,4,26,0,30
2023-06-29T08:24:04,4,26,0,30
2023-06-29T08:36:28,4,26,0,30
2023-06-29T08:48:53,4,26,0,30
2023-06-29T09:01:17,4,26,0,30
2023-06-29T09:13:43,4,26,0,30
2023-06-29T09:26:07,4,26,0,30
2023-06-29T09:38:32,4,26,0,30
2023-06-29T09:51:06,4,26,0,30
2023-06-29T10:03:30,4,26,0,30
2023-06-29T10:15:54,4,26,0,30
2023-06-29T10:28:19,4,26,0,30
2023-06-29T10:40:43,4,26,0,30
2023-06-29T10:53:07,4,26,0,30
2023-06-29T11:05:32,4,26,0,30
2023-06-29T11:17:56,4,26,0,30
2023-06-29T11:30:21,4,26,0,30
2023-06-29T11:42:56,4,26,0,30
2023-06-29T11:55:20,4,26,0,30
2023-06-29T12:07:44,4,26,0,30
2023-06-29T12:20:06,4,26,0,30
2023-06-29T12:32:29,4,26,0,30
2023-06-29T12:44:52,4,26,0,30
2023-06-29T12:57:15,4,26,0,30
2023-06-29T13:09:38,4,26,0,30
2023-06-29T13:22:00,4,26,0,30
2023-06-29T13:34:33,4,26,0,30
2023-06-29T13:46:56,4,26,0,30
2023-06-29T13:59:18,4,26,0,30
2023-06-29T14:11:41,4,26,0,30
2023-06-29T14:24:03,4,26,0,30
2023-06-29T14:36:27,4,26,0,30
2023-06-29T14:48:49,4,26,0,30
2023-06-29T15:01:12,4,26,0,30
2023-06-29T15:13:45,4,26,0,30
2023-06-29T15:26:08,4,26,0,30
2023-06-29T15:38:31,4,26,0,30
2023-06-29T15:50:54,4,26,0,30
2023-06-29T16:03:17,4,26,0,30
2023-06-29T16:15:40,4,26,0,30
2023-06-29T16:28:03,4,26,0,30
2023-06-29T16:40:25,4,26,0,30
2023-06-29T16:52:48,4,26,0,30
2023-06-29T17:05:22,4,26,0,30
2023-06-29T17:17:46,4,26,0,30
2023-06-29T17:30:09,4,26,0,30
2023-06-29T17:42:31,4,26,0,30
2023-06-29T17:54:54,4,26,0,30
2023-06-29T18:07:17,4,26,0,30
2023-06-29T18:19:41,4,26,0,30
2023-06-29T18:32:04,4,26,0,30
2023-06-29T18:44:26,4,26,0,30
2023-06-29T18:56:49,4,26,0,30
2023-06-29T19:09:23,4,26,0,30
2023-06-29T19:21:46,4,26,0,30
2023-06-29T19:34:10,4,26,0,30
2023-06-29T19:46:33,4,26,0,30
2023-06-29T19:58:57,4,26,0,30
2023-06-29T20:11:20,4,26,0,30
2023-06-29T20:23:43,4,26,0,30
2023-06-29T20:36:08,4,26,0,30
2023-06-29T20:48:43,4,26,0,30
2023-06-29T21:01:07,4,26,0,30
2023-06-29T21:13:29,4,26,0,30
2023-06-29T21:25:52,4,26,0,30
2023-06-29T21:38:16,4,26,0,30
2023-06-29T21:50:40,4,26,0,30
2023-06-29T22:03:03,4,26,0,30
2023-06-29T22:15:28,4,26,0,30
2023-06-29T22:27:52,4,26,0,30
2023-06-29T22:40:16,4,26,0,30
2023-06-29T22:52:51,4,26,0,30
2023-06-29T23:05:14,4,26,0,30
2023-06-29T23:17:38,4,26,0,30
2023-06-29T23:30:01,4,26,0,30
2023-06-29T23:42:26,4,26,0,30
2023-06-29T23:54:49,4,26,0,30
2023-06-30T00:07:15,4,26,0,30
2023-06-30T00:19:47,4,26,0,30
2023-06-30T00:32:14,4,26,0,30
2023-06-30T00:44:41,4,26,0,30
2023-06-30T00:57:08,4,26,0,30
2023-06-30T01:09:48,4,26,0,30
2023-06-30T01:22:17,4,26,0,30
2023-06-30T01:34:45,4,26,0,30
2023-06-30T01:47:12,4,26,0,30
2023-06-30T01:59:38,4,26,0,30
2023-06-30T02:12:04,4,26,0,30
2023-06-30T02:24:29,4,26,0,30
2023-06-30T02:36:55,4,26,0,30
2023-06-30T02:49:20,4,26,0,30
2023-06-30T03:01:47,4,26,0,30
2023-06-30T03:14:16,4,26,0,30
2023-06-30T03:26:42,4,26,0,30
2023-06-30T03:39:10,4,26,0,30
2023-06-30T03:51:54,4,26,0,30
2023-06-30T04:04:21,4,26,0,30
2023-06-30T04:29:45,4,26,0,30
2023-06-30T04:42:45,4,26,0,30
2023-06-30T04:56:21,4,26,0,30
2023-06-30T05:08:48,4,26,0,30
2023-06-30T05:21:18,4,26,0,30
2023-06-30T05:33:44,4,26,0,30
2023-06-30T05:46:11,4,26,0,30
2023-06-30T05:58:36,4,26,0,30
2023-06-30T06:11:03,4,26,0,30
2023-06-30T06:23:30,4,26,0,30
2023-06-30T06:35:56,4,26,0,30
2023-06-30T06:48:26,4,26,0,30
2023-06-30T07:00:54,4,26,0,30
2023-06-30T07:13:19,4,26,0,30
2023-06-30T07:25:52,4,26,0,30
2023-06-30T07:38:17,4,26,0,30
2023-06-30T07:50:41,4,26,0,30
2023-06-30T08:03:06,4,26,0,30
2023-06-30T08:15:31,4,26,0,30
2023-06-30T08:27:57,4,26,0,30
2023-06-30T08:40:22,4,26,0,30
2023-06-30T08:52:46,4,26,0,30
2023-06-30T09:05:11,4,26,0,30
2023-06-30T09:17:34,4,26,0,30
2023-06-30T09:29:57,4,26,0,30
2023-06-30T09:42:20,4,26,0,30
2023-06-30T09:54:43,4,26,0,30
2023-06-30T10:07:06,4,26,0,30
2023-06-30T10:19:41,4,26,0,30
2023-06-30T10:32:04,4,26,0,30
2023-06-30T10:44:27,4,26,0,30
2023-06-30T10:56:50,4,26,0,30
2023-06-30T11:09:14,4,26,0,30
2023-06-30T11:21:37,4,26,0,30
2023-06-30T11:34:01,4,26,0,30
2023-06-30T11:46:25,4,26,0,30
2023-06-30T11:59:01,4,26,0,30
2023-06-30T12:11:24,4,26,0,30
2023-06-30T12:23:48,4,26,0,30
2023-06-30T12:36:12,4,26,0,30
2023-06-30T12:48:35,4,26,0,30
2023-06-30T13:00:59,4,26,0,30
2023-06-30T13:13:23,4,26,0,30
2023-06-30T13:25:46,4,26,0,30
2023-06-30T13:38:21,4,26,0,30
2023-06-30T13:50:44,4,26,0,30
2023-06-30T14:03:08,4,26,0,30
2023-06-30T14:15:31,4,26,0,30
2023-06-30T14:27:55,4,26,0,30
2023-06-30T14:40:18,4,26,0,30
2023-06-30T14:52:41,4,26,0,30
2023-06-30T15:05:04,4,26,0,30
2023-06-30T15:17:38,4,26,0,30
2023-06-30T15:30:02,4,26,0,30
2023-06-30T15:42:26,4,26,0,30
2023-06-30T15:54:49,4,26,0,30
2023-06-30T16:07:13,4,26,0,30
2023-06-30T16:19:36,4,26,0,30
2023-06-30T16:31:59,4,26,0,30
2023-06-30T16:44:22,4,26,0,30
2023-06-30T16:56:45,4,26,0,30
2023-06-30T17:09:19,4,26,0,30
2023-06-30T17:21:42,4,26,0,30
2023-06-30T17:34:06,4,26,0,30
2023-06-30T17:46:29,4,26,0,30
2023-06-30T17:58:52,4,26,0,30
2023-06-30T18:11:15,4,26,0,30
2023-06-30T18:23:38,4,26,0,30
2023-06-30T18:36:02,4,26,0,30
2023-06-30T18:48:25,4,26,0,30
2023-06-30T19:00:48,4,26,0,30
2023-06-30T19:13:23,4,26,0,30
2023-06-30T19:25:46,4,26,0,30
2023-06-30T19:38:10,4,26,0,30
2023-06-30T19:50:33,4,26,0,30
2023-06-30T20:02:56,4,26,0,30
2023-06-30T20:15:20,4,26,0,30
2023-06-30T20:27:43,4,26,0,30
2023-06-30T20:40:07,4,26,0,30
2023-06-30T20:52:30,4,26,0,30
2023-06-30T21:05:05,4,26,0,30
2023-06-30T21:17:28,4,26,0,30
2023-06-30T21:29:51,4,26,0,30
2023-06-30T21:42:14,4,26,0,30
2023-06-30T21:54:38,4,26,0,30
2023-06-30T22:07:00,4,26,0,30
2023-06-30T22:40:28,4,26,0,30
2023-06-30T22:52:53,4,26,0,30
2023-06-30T23:05:18,4,26,0,30
2023-06-30T23:17:41,4,26,0,30
2023-06-30T23:30:10,4,26,0,30
2023-06-30T23:42:34,4,26,0,30
2023-06-30T23:54:58,4,26,0,30
2023-07-01T00:07:23,4,26,0,30
2023-07-01T00:19:53,4,26,0,30
2023-07-01T00:32:20,4,26,0,30
2023-07-01T00:44:56,4,26,0,30
2023-07-01T00:57:24,4,26,0,30
2023-07-01T01:09:52,4,26,0,30
2023-07-01T01:22:20,4,26,0,30
2023-07-01T01:34:49,4,26,0,30
2023-07-01T01:47:17,4,26,0,30
2023-07-01T01:59:44,4,26,0,30
2023-07-01T02:12:10,4,26,0,30
2023-07-01T02:24:35,4,26,0,30
2023-07-01T02:37:01,4,26,0,30
2023-07-01T02:49:26,4,26,0,30
2023-07-01T03:01:50,4,26,0,30
2023-07-01T03:14:16,4,26,0,30
2023-07-01T03:26:42,4,26,0,30
2023-07-01T03:39:08,4,26,0,30
2023-07-01T03:51:42,4,26,0,30
2023-07-01T04:04:08,4,26,0,30
2023-07-01T04:27:40,4,26,0,30
2023-07-01T04:40:08,4,26,0,30
2023-07-01T04:52:35,4,26,0,30
2023-07-01T05:05:03,4,26,0,30
2023-07-01T05:17:31,4,26,0,30
2023-07-01T05:30:03,4,26,0,30
2023-07-01T05:42:35,4,26,0,30
2023-07-01T05:55:01,4,26,0,30
2023-07-01T06:07:28,4,26,0,30
2023-07-01T06:19:54,4,26,0,30
2023-07-01T06:32:20,4,26,0,30
2023-07-01T06:44:46,4,26,0,30
2023-07-01T06:57:16,4,26,0,30
2023-07-01T07:09:42,4,26,0,30
2023-07-01T07:22:08,4,26,0,30
2023-07-01T07:34:35,4,26,0,30
2023-07-01T07:47:16,4,26,0,30
2023-07-01T07:59:42,4,26,0,30
2023-07-01T08:12:09,4,26,0,30
2023-07-01T08:24:36,4,26,0,30
2023-07-01T08:37:03,4,26,0,30
2023-07-01T08:49:29,4,26,0,30
2023-07-01T09:01:55,4,26,0,30
2023-07-01T09:14:22,4,26,0,30
2023-07-01T09:26:57,4,26,0,30
2023-07-01T09:39:23,4,26,0,30
2023-07-01T09:51:50,4,26,0,30
2023-07-01T10:04:17,4,26,0,30
2023-07-01T10:16:43,4,26,0,30
2023-07-01T10:29:09,4,26,0,30
2023-07-01T10:41:35,4,26,0,30
2023-07-01T10:54:01,4,26,0,30
2023-07-01T11:06:26,4,26,0,30
2023-07-01T11:18:49,4,26,0,30
2023-07-01T11:31:12,4,26,0,30
2023-07-01T11:43:56,4,26,0,30
2023-07-01T11:56:18,4,26,0,30
2023-07-01T12:08:42,4,26,0,30
2023-07-01T12:21:05,4,26,0,30
2023-07-01T12:33:28,4,26,0,30
2023-07-01T12:45:51,4,26,0,30
2023-07-01T12:58:14,4,26,0,30
2023-07-01T13:10:37,4,26,0,30
2023-07-01T13:23:00,4,26,0,30
2023-07-01T13:35:23,4,26,0,30
2023-07-01T13:47:46,4,26,0,30
2023-07-01T14:00:09,4,26,0,30
2023-07-01T14:12:32,4,26,0,30
2023-07-01T14:25:05,4,26,0,30
2023-07-01T14:37:28,4,26,0,30
2023-07-01T14:49:51,4,26,0,30
2023-07-01T15:02:14,4,26,0,30
2023-07-01T15:14:37,4,26,0,30
2023-07-01T15:27:00,4,26,0,30
2023-07-01T15:39:23,4,26,0,30
2023-07-01T15:51:46,4,26,0,30
2023-07-01T16:04:09,4,26,0,30
2023-07-01T16:16:32,4,26,0,30
2023-07-01T16:28:55,4,26,0,30
2023-07-01T16:41:18,4,26,0,30
2023-07-01T16:53:41,4,26,0,30
2023-07-01T17:06:05,4,26,0,30
2023-07-01T17:18:46,4,26,0,30
2023-07-01T17:31:09,4,26,0,30
2023-07-01T17:43:32,4,26,0,30
2023-07-01T17:55:55,4,26,0,30
2023-07-01T18:08:20,4,26,0,30
2023-07-01T18:20:42,4,26,0,30
2023-07-01T18:33:05,4,26,0,30
2023-07-01T18:45:28,4,26,0,30
2023-07-01T18:57:51,4,26,0,30
2023-07-01T19:10:16,4,26,0,30
2023-07-01T19:22:40,4,26,0,30
2023-07-01T19:35:03,4,26,0,30
2023-07-01T19:47:26,4,26,0,30
2023-07-01T19:59:49,4,26,0,30
2023-07-01T20:12:17,4,26,0,30
2023-07-01T20:24:40,4,26,0,30
2023-07-01T20:37:14,4,26,0,30
2023-07-01T20:49:38,4,26,0,30
2023-07-01T21:02:01,4,26,0,30
2023-07-01T21:14:25,4,26,0,30
2023-07-01T21:26:48,4,26,0,30
2023-07-01T21:39:12,4,26,0,30
2023-07-01T21:51:35,4,26,0,30
2023-07-01T22:03:59,4,26,0,30
2023-07-01T22:16:22,4,26,0,30
2023-07-01T22:28:45,4,26,0,30
2023-07-01T22:41:09,4,26,0,30
2023-07-01T22:53:52,4,26,0,30
2023-07-01T23:06:16,4,26,0,30
2023-07-01T23:18:40,4,26,0,30
2023-07-01T23:31:04,4,26,0,30
2023-07-01T23:43:27,4,26,0,30
2023-07-01T23:55:50,4,26,0,30
2023-07-02T00:08:35,4,26,0,30
2023-07-02T00:21:02,4,26,0,30
2023-07-02T00:33:27,4,26,0,30
2023-07-02T00:45:52,4,26,0,30
2023-07-02T00:58:15,4,26,0,30
2023-07-02T01:10:39,4,26,0,30
2023-07-02T01:23:04,4,26,0,30
2023-07-02T01:35:27,4,26,0,30
2023-07-02T01:47:51,4,26,0,30
2023-07-02T02:00:15,4,26,0,30
2023-07-02T02:12:39,4,26,0,30
2023-07-02T02:25:14,4,26,0,30
2023-07-02T02:37:45,4,26,0,30
2023-07-02T02:50:16,4,26,0,30
2023-07-02T03:02:44,4,26,0,30
2023-07-02T03:15:16,4,26,0,30
2023-07-02T03:27:45,4,26,0,30
2023-07-02T03:40:13,4,26,0,30
2023-07-02T03:52:41,4,26,0,30
2023-07-02T04:05:10,4,26,0,30
2023-07-02T04:25:00,4,26,0,30
2023-07-02T04:39:05,4,26,0,30
2023-07-02T04:51:36,4,26,0,30
2023-07-02T05:04:05,4,26,0,30
2023-07-02T05:16:32,4,26,0,30
2023-07-02T05:28:59,4,26,0,30
2023-07-02T05:41:26,4,26,0,30
2023-07-02T05:53:52,4,26,0,30
2023-07-02T06:06:22,4,26,0,30
2023-07-02T06:18:52,4,26,0,30
2023-07-02T06:31:35,4,26,0,30
2023-07-02T06:44:02,4,26,0,30
2023-07-02T06:56:29,4,26,0,30
2023-07-02T07:08:58,4,26,0,30
2023-07-02T07:21:24,4,26,0,30
2023-07-02T07:33:52,4,26,0,30
2023-07-02T07:46:16,4,26,0,30
2023-07-02T07:58:43,4,26,0,30
2023-07-02T08:11:13,4,26,0,30
2023-07-02T08:23:41,4,26,0,30
2023-07-02T08:36:22,4,26,0,30
2023-07-02T08:48:49,4,26,0,30
2023-07-02T09:01:18,4,26,0,30
2023-07-02T09:13:46,4,26,0,30
2023-07-02T09:26:14,4,26,0,30
2023-07-02T09:38:43,4,26,0,30
2023-07-02T09:51:14,4,26,0,30
2023-07-02T10:03:52,4,26,0,30
2023-07-02T10:16:21,4,26,0,30
2023-07-02T10:28:53,4,26,0,30
2023-07-02T10:41:20,4,26,0,30
2023-07-02T10:53:46,4,26,0,30
2023-07-02T11:06:11,4,26,0,30
2023-07-02T11:18:36,4,26,0,30
2023-07-02T11:30:59,4,26,0,30
2023-07-02T11:43:22,4,26,0,30
2023-07-02T11:55:45,4,26,0,30
2023-07-02T12:08:08,4,26,0,30
2023-07-02T12:20:42,4,26,0,30
2023-07-02T12:33:05,4,26,0,30
2023-07-02T12:45:28,4,26,0,30
2023-07-02T12:57:51,4,26,0,30
2023-07-02T13:10:15,4,26,0,30
2023-07-02T13:22:38,4,26,0,30
2023-07-02T13:35:00,4,26,0,30
2023-07-02T13:47:23,4,26,0,30
2023-07-02T13:59:46,4,26,0,30
2023-07-02T14:12:09,4,26,0,30
2023-07-02T14:24:43,4,26,0,30
2023-07-02T14:37:07,4,26,0,30
2023-07-02T14:49:30,4,26,0,30
2023-07-02T15:01:53,4,26,0,30
2023-07-02T15:14:17,4,26,0,30
2023-07-02T15:26:41,4,26,0,30
2023-07-02T15:39:04,4,26,0,30
2023-07-02T15:51:28,4,26,0,30
2023-07-02T16:03:52,4,26,0,30
2023-07-02T16:16:16,4,26,0,30
2023-07-02T16:28:50,4,26,0,30
2023-07-02T16:41:14,4,26,0,30
2023-07-02T16:53:37,4,26,0,30
2023-07-02T17:06:00,4,26,0,30
2023-07-02T17:18:24,4,26,0,30
2023-07-02T17:30:47,4,26,0,30
2023-07-02T17:43:10,4,26,0,30
2023-07-02T17:55:33,4,26,0,30
2023-07-02T18:07:56,4,26,0,30
2023-07-02T18:20:20,4,26,0,30
2023-07-02T18:32:43,4,26,0,30
2023-07-02T18:45:07,4,26,0,30
2023-07-02T18:57:31,4,26,0,30
2023-07-02T19:10:08,4,26,0,30
2023-07-02T19:22:32,4,26,0,30
2023-07-02T19:34:55,4,26,0,30
2023-07-02T19:47:18,4,26,0,30
2023-07-02T19:59:41,4,26,0,30
2023-07-02T20:12:04,4,26,0,30
2023-07-02T20:24:27,4,26,0,30
2023-07-02T20:36:50,4,26,0,30
2023-07-02T20:49:13,4,26,0,30
2023-07-02T21:01:39,4,26,0,30
2023-07-02T21:14:12,4,26,0,30
2023-07-02T21:26:35,4,26,0,30
2023-07-02T21:38:58,4,26,0,30
2023-07-02T21:51:21,4,26,0,30
2023-07-02T22:03:44,4,26,0,30
2023-07-02T22:16:07,4,26,0,30
2023-07-02T22:28:30,4,26,0,30
2023-07-02T22:40:54,4,26,0,30
2023-07-02T22:53:16,4,26,0,30
2023-07-02T23:05:39,4,26,0,30
2023-07-02T23:18:13,4,26,0,30
2023-07-02T23:30:38,4,26,0,30
2023-07-02T23:43:01,4,26,0,30
2023-07-02T23:55:24,4,26,0,30
2023-07-03T00:07:51,4,26,0,30
2023-07-03T00:20:26,4,26,0,30
2023-07-03T00:33:01,4,26,0,30
2023-07-03T00:45:29,4,26,0,30
2023-07-03T00:57:54,4,26,0,30
2023-07-03T01:10:32,4,26,0,30
2023-07-03T01:23:03,4,26,0,30
2023-07-03T01:35:31,4,26,0,30
2023-07-03T01:47:58,4,26,0,30
2023-07-03T02:00:26,4,26,0,30
2023-07-03T02:13:07,4,26,0,30
2023-07-03T02:25:34,4,26,0,30
2023-07-03T02:38:00,4,26,0,30
2023-07-03T02:50:25,4,26,0,30
2023-07-03T03:02:50,4,26,0,30
2023-07-03T03:15:16,4,26,0,30
2023-07-03T03:27:43,4,26,0,30
2023-07-03T03:40:10,4,26,0,30
2023-07-03T03:52:36,4,26,0,30
2023-07-03T04:05:13,4,26,0,30
2023-07-03T04:17:40,4,26,0,30
2023-07-03T04:36:33,4,26,0,30
2023-07-03T04:50:24,4,26,0,30
2023-07-03T05:03:13,4,26,0,30
2023-07-03T05:15:41,4,26,0,30
2023-07-03T05:28:09,4,26,0,30
2023-07-03T05:40:35,4,26,0,30
2023-07-03T05:53:02,4,26,0,30
2023-07-03T06:05:28,4,26,0,30
2023-07-03T06:17:56,4,26,0,30
2023-07-03T06:30:23,4,26,0,30
2023-07-03T06:42:49,4,26,0,30
2023-07-03T06:55:18,4,26,0,30
2023-07-03T07:07:47,4,26,0,30
2023-07-03T07:20:12,4,26,0,30
2023-07-03T07:32:43,4,26,0,30
2023-07-03T07:45:07,4,26,0,30
2023-07-03T07:57:31,4,26,0,30
2023-07-03T08:09:54,4,26,0,30
2023-07-03T08:22:17,4,26,0,30
2023-07-03T08:34:40,4,26,0,30
2023-07-03T08:47:04,4,26,0,30
2023-07-03T08:59:28,4,26,0,30
2023-07-03T09:11:51,4,26,0,30
2023-07-03T09:24:28,4,26,0,30
2023-07-03T09:36:52,4,26,0,30
2023-07-03T09:49:15,4,26,0,30
2023-07-03T10:01:40,4,26,0,30
2023-07-03T10:14:04,4,26,0,30
2023-07-03T10:26:29,4,26,0,30
2023-07-03T10:39:04,4,26,0,30
2023-07-03T10:51:29,4,26,0,30
2023-07-03T11:03:53,4,26,0,30
2023-07-03T11:16:17,4,26,0,30
2023-07-03T11:28:42,4,26,0,30
2023-07-03T11:41:18,4,26,0,30
2023-07-03T11:53:44,4,26,0,30
2023-07-03T12:06:10,4,26,0,30
2023-07-03T12:18:36,4,26,0,30
2023-07-03T12:31:03,4,26,0,30
2023-07-03T12:43:28,4,26,0,30
2023-07-03T12:55:54,4,26,0,30
2023-07-03T13:08:21,4,26,0,30
2023-07-03T13:20:58,4,26,0,30
2023-07-03T13:33:23,4,26,0,30
2023-07-03T13:45:48,4,26,0,30
2023-07-03T13:58:13,4,26,0,30
2023-07-03T14:10:39,4,26,0,30
2023-07-03T14:23:04,4,26,0,30
2023-07-03T14:35:29,4,26,0,30
2023-07-03T14:47:52,4,26,0,30
2023-07-03T15:00:16,4,26,0,30
2023-07-03T15:12:51,4,26,0,30
2023-07-03T15:25:15,4,26,0,30
2023-07-03T15:37:39,4,26,0,30
2023-07-03T15:50:03,4,26,0,30
2023-07-03T16:02:27,4,26,0,30
2023-07-03T16:14:51,4,26,0,30
2023-07-03T16:27:16,4,26,0,30
2023-07-03T16:39:39,4,26,0,30
2023-07-03T16:52:03,4,26,0,30
2023-07-03T17:04:27,4,26,0,30
2023-07-03T17:16:52,4,26,0,30
2023-07-03T17:29:27,4,26,0,30
2023-07-03T17:41:51,4,26,0,30
2023-07-03T17:54:15,4,26,0,30
2023-07-03T18:06:39,4,26,0,30
2023-07-03T18:19:03,4,26,0,30
2023-07-03T18:31:27,4,26,0,30
2023-07-03T18:43:53,4,26,0,30
2023-07-03T18:56:16,4,26,0,30
2023-07-03T19:08:41,4,26,0,30
2023-07-03T19:21:14,4,26,0,30
2023-07-03T19:33:38,4,26,0,30
2023-07-03T19:46:02,4,26,0,30
