time,enrolled,available,waitlisted,total
2023-05-25T01:24:07,0,80,0,80
2023-05-25T01:35:43,0,80,0,80
2023-05-25T01:47:27,0,80,0,80
2023-05-25T01:59:03,0,80,0,80
2023-05-25T02:10:39,0,80,0,80
2023-05-25T02:22:15,0,80,0,80
2023-05-25T02:33:49,0,80,0,80
2023-05-25T02:45:23,0,80,0,80
2023-05-25T02:56:56,0,80,0,80
2023-05-25T03:08:30,0,80,0,80
2023-05-25T03:20:09,0,80,0,80
2023-05-25T03:32:07,0,80,0,80
2023-05-25T03:43:44,0,80,0,80
2023-05-25T03:55:19,0,80,0,80
2023-05-25T04:06:55,0,80,0,80
2023-05-25T04:26:43,0,80,0,80
2023-05-25T04:38:19,0,80,0,80
2023-05-25T04:49:55,0,80,0,80
2023-05-25T05:01:31,0,80,0,80
2023-05-25T05:13:09,0,80,0,80
2023-05-25T05:24:44,0,80,0,80
2023-05-25T05:36:21,0,80,0,80
2023-05-25T05:47:57,0,80,0,80
2023-05-25T05:59:34,0,80,0,80
2023-05-25T06:11:09,0,80,0,80
2023-05-25T06:22:44,0,80,0,80
2023-05-25T06:34:19,0,80,0,80
2023-05-25T06:45:54,0,80,0,80
2023-05-25T06:57:29,0,80,0,80
2023-05-25T07:09:05,0,80,0,80
2023-05-25T07:20:40,0,80,0,80
2023-05-25T07:32:14,0,80,0,80
2023-05-25T07:43:50,0,80,0,80
2023-05-25T07:55:26,0,80,0,80
2023-05-25T08:07:01,0,80,0,80
2023-05-25T08:18:35,0,80,0,80
2023-05-25T08:30:20,0,80,0,80
2023-05-25T08:41:52,0,80,0,80
2023-05-25T08:53:24,0,80,0,80
2023-05-25T09:04:58,0,80,0,80
2023-05-25T09:16:31,0,80,0,80
2023-05-25T09:28:04,0,80,0,80
2023-05-25T09:39:36,0,80,0,80
2023-05-25T09:51:09,0,80,0,80
2023-05-25T10:02:43,0,80,0,80
2023-05-25T10:14:27,0,80,0,80
2023-05-25T10:26:00,0,80,0,80
2023-05-25T10:37:33,0,80,0,80
2023-05-25T10:49:05,0,80,0,80
2023-05-25T11:00:48,0,80,0,80
2023-05-25T11:12:20,0,80,0,80
2023-05-25T11:23:53,0,80,0,80
2023-05-25T11:35:26,0,80,0,80
2023-05-25T11:46:59,0,80,0,80
2023-05-25T11:58:43,0,80,0,80
2023-05-25T12:10:16,0,80,0,80
2023-05-25T12:21:49,0,80,0,80
2023-05-25T12:33:22,0,80,0,80
2023-05-25T12:44:55,0,80,0,80
2023-05-25T12:56:27,0,80,0,80
2023-05-25T13:08:10,0,80,0,80
2023-05-25T13:19:43,0,80,0,80
2023-05-25T13:31:17,0,80,0,80
2023-05-25T13:42:50,0,80,0,80
2023-05-25T13:54:23,0,80,0,80
2023-05-25T14:06:07,0,80,0,80
2023-05-25T14:17:41,0,80,0,80
2023-05-25T14:29:14,0,80,0,80
2023-05-25T14:40:47,0,80,0,80
2023-05-25T14:52:20,0,80,0,80
2023-05-25T15:04:04,0,80,0,80
2023-05-25T15:15:38,0,80,0,80
2023-05-25T15:27:13,0,80,0,80
2023-05-25T15:38:47,0,80,0,80
2023-05-25T15:50:22,0,80,0,80
2023-05-25T16:01:57,0,80,0,80
2023-05-25T16:13:42,0,80,0,80
2023-05-25T16:25:17,0,80,0,80
2023-05-25T16:36:52,0,80,0,80
2023-05-25T16:48:28,0,80,0,80
2023-05-25T17:00:04,0,80,0,80
2023-05-25T17:11:40,0,80,0,80
2023-05-25T17:23:27,0,80,0,80
2023-05-25T17:35:03,0,80,0,80
2023-05-25T17:46:39,0,80,0,80
2023-05-25T17:58:14,0,80,0,80
2023-05-25T18:09:51,0,80,0,80
2023-05-25T18:21:26,0,80,0,80
2023-05-25T18:33:02,0,80,0,80
2023-05-25T18:44:47,0,80,0,80
2023-05-25T18:56:23,0,80,0,80
2023-05-25T19:08:00,0,80,0,80
2023-05-25T19:19:36,0,80,0,80
2023-05-25T19:31:11,0,80,0,80
2023-05-25T19:42:47,0,80,0,80
2023-05-25T19:54:33,0,80,0,80
2023-05-25T20:06:08,0,80,0,80
2023-05-25T20:17:44,0,80,0,80
2023-05-25T20:29:21,0,80,0,80
2023-05-25T20:40:56,0,80,0,80
2023-05-25T20:52:32,0,80,0,80
2023-05-25T21:04:07,0,80,0,80
2023-05-25T21:15:43,0,80,0,80
2023-05-25T21:27:30,0,80,0,80
2023-05-25T21:39:06,0,80,0,80
2023-05-25T21:50:42,0,80,0,80
2023-05-25T22:02:17,0,80,0,80
2023-05-25T22:13:52,0,80,0,80
2023-05-25T22:25:27,0,80,0,80
2023-05-25T22:37:03,0,80,0,80
2023-05-25T22:48:49,0,80,0,80
2023-05-25T23:00:25,0,80,0,80
2023-05-25T23:12:03,0,80,0,80
2023-05-25T23:23:39,0,80,0,80
2023-05-25T23:35:15,0,80,0,80
2023-05-25T23:46:51,0,80,0,80
2023-05-25T23:58:27,0,80,0,80
2023-05-26T00:10:24,0,80,0,80
2023-05-26T00:22:04,0,80,0,80
2023-05-26T00:33:43,0,80,0,80
2023-05-26T00:45:21,0,80,0,80
2023-05-26T00:57:00,0,80,0,80
2023-05-26T01:08:40,0,80,0,80
2023-05-26T01:20:18,0,80,0,80
2023-05-26T01:31:57,0,80,0,80
2023-05-26T01:43:44,0,80,0,80
2023-05-26T01:55:23,0,80,0,80
2023-05-26T02:07:05,0,80,0,80
2023-05-26T02:18:42,0,80,0,80
2023-05-26T02:30:19,0,80,0,80
2023-05-26T02:41:59,0,80,0,80
2023-05-26T02:53:48,0,80,0,80
2023-05-26T03:05:28,0,80,0,80
2023-05-26T03:17:10,0,80,0,80
2023-05-26T03:28:48,0,80,0,80
2023-05-26T03:40:26,0,80,0,80
2023-05-26T03:52:05,0,80,0,80
2023-05-26T04:03:43,0,80,0,80
2023-05-26T04:15:32,0,80,0,80
2023-05-26T04:37:56,0,80,0,80
2023-05-26T04:49:37,0,80,0,80
2023-05-26T05:01:17,0,80,0,80
2023-05-26T05:12:59,0,80,0,80
2023-05-26T05:24:38,0,80,0,80
2023-05-26T05:36:16,0,80,0,80
2023-05-26T05:47:56,0,80,0,80
2023-05-26T05:59:34,0,80,0,80
2023-05-26T06:11:13,0,80,0,80
2023-05-26T06:22:52,0,80,0,80
2023-05-26T06:34:31,0,80,0,80
2023-05-26T06:46:10,0,80,0,80
2023-05-26T06:57:47,0,80,0,80
2023-05-26T07:09:26,0,80,0,80
2023-05-26T07:21:05,0,80,0,80
2023-05-26T07:32:51,0,80,0,80
2023-05-26T07:44:28,0,80,0,80
2023-05-26T07:56:05,0,80,0,80
2023-05-26T08:07:41,0,80,0,80
2023-05-26T08:19:17,0,80,0,80
2023-05-26T08:30:54,0,80,0,80
2023-05-26T08:42:30,0,80,0,80
2023-05-26T08:54:06,0,80,0,80
2023-05-26T09:05:42,0,80,0,80
2023-05-26T09:17:18,0,80,0,80
2023-05-26T09:28:54,0,80,0,80
2023-05-26T09:40:41,0,80,0,80
2023-05-26T09:52:18,0,80,0,80
2023-05-26T10:03:54,0,80,0,80
2023-05-26T10:15:30,0,80,0,80
2023-05-26T10:27:07,0,80,0,80
2023-05-26T10:38:55,0,80,0,80
2023-05-26T10:50:31,0,80,0,80
2023-05-26T11:02:07,0,80,0,80
2023-05-26T11:13:44,0,80,0,80
2023-05-26T11:25:20,0,80,0,80
2023-05-26T11:36:56,0,80,0,80
2023-05-26T11:48:43,0,80,0,80
2023-05-26T12:00:19,0,80,0,80
2023-05-26T12:11:55,0,80,0,80
2023-05-26T12:23:31,0,80,0,80
2023-05-26T12:35:07,0,80,0,80
2023-05-26T12:46:55,0,80,0,80
2023-05-26T12:58:30,0,80,0,80
2023-05-26T13:10:06,0,80,0,80
2023-05-26T13:21:42,0,80,0,80
2023-05-26T13:33:29,0,80,0,80
2023-05-26T13:45:04,0,80,0,80
2023-05-26T13:56:40,0,80,0,80
2023-05-26T14:08:16,0,80,0,80
2023-05-26T14:19:52,0,80,0,80
2023-05-26T14:31:39,0,80,0,80
2023-05-26T14:43:15,0,80,0,80
2023-05-26T14:54:51,0,80,0,80
2023-05-26T15:06:28,0,80,0,80
2023-05-26T15:18:05,0,80,0,80
2023-05-26T15:29:52,0,80,0,80
2023-05-26T15:41:27,0,80,0,80
2023-05-26T15:53:03,0,80,0,80
2023-05-26T16:04:40,0,80,0,80
2023-05-26T16:16:15,0,80,0,80
2023-05-26T16:27:51,0,80,0,80
2023-05-26T16:39:37,0,80,0,80
2023-05-26T16:51:12,0,80,0,80
2023-05-26T17:02:48,0,80,0,80
2023-05-26T17:14:25,0,80,0,80
2023-05-26T17:26:01,0,80,0,80
2023-05-26T17:37:36,0,80,0,80
2023-05-26T17:49:22,0,80,0,80
2023-05-26T18:00:58,0,80,0,80
2023-05-26T18:12:33,0,80,0,80
2023-05-26T18:24:09,0,80,0,80
2023-05-26T18:35:45,0,80,0,80
2023-05-26T18:47:20,0,80,0,80
2023-05-26T18:59:06,0,80,0,80
2023-05-26T19:10:43,0,80,0,80
2023-05-26T19:22:19,0,80,0,80
2023-05-26T19:33:55,0,80,0,80
2023-05-26T19:45:31,0,80,0,80
2023-05-26T19:57:06,0,80,0,80
2023-05-26T20:08:42,0,80,0,80
2023-05-26T20:20:28,0,80,0,80
2023-05-26T20:32:03,0,80,0,80
2023-05-26T20:43:38,0,80,0,80
2023-05-26T20:55:14,0,80,0,80
2023-05-26T21:06:50,0,80,0,80
2023-05-26T21:18:26,0,80,0,80
2023-05-26T21:30:03,0,80,0,80
2023-05-26T21:41:49,0,80,0,80
2023-05-26T21:53:25,0,80,0,80
2023-05-26T22:05:01,0,80,0,80
2023-05-26T22:16:37,0,80,0,80
2023-05-26T22:28:13,0,80,0,80
2023-05-26T22:39:49,0,80,0,80
2023-05-26T22:51:25,0,80,0,80
2023-05-26T23:03:04,0,80,0,80
2023-05-26T23:14:50,0,80,0,80
2023-05-26T23:26:26,0,80,0,80
2023-05-26T23:38:02,0,80,0,80
2023-05-26T23:49:39,0,80,0,80
2023-05-27T00:01:15,0,80,0,80
2023-05-27T00:12:54,0,80,0,80
2023-05-27T00:24:34,0,80,0,80
2023-05-27T00:36:12,0,80,0,80
2023-05-27T00:47:52,0,80,0,80
2023-05-27T00:59:31,0,80,0,80
2023-05-27T01:11:09,0,80,0,80
2023-05-27T01:22:58,0,80,0,80
2023-05-27T01:34:37,0,80,0,80
2023-05-27T01:46:16,0,80,0,80
2023-05-27T01:57:55,0,80,0,80
2023-05-27T02:09:33,0,80,0,80
2023-05-27T02:21:11,0,80,0,80
2023-05-27T02:32:48,0,80,0,80
2023-05-27T02:44:25,0,80,0,80
2023-05-27T02:56:00,0,80,0,80
2023-05-27T03:07:37,0,80,0,80
2023-05-27T03:19:16,0,80,0,80
2023-05-27T03:30:53,0,80,0,80
2023-05-27T03:42:30,0,80,0,80
2023-05-27T03:54:08,0,80,0,80
2023-05-27T04:05:47,0,80,0,80
2023-05-27T04:17:40,0,80,0,80
2023-05-27T04:40:16,0,80,0,80
2023-05-27T04:52:13,0,80,0,80
2023-05-27T05:03:52,0,80,0,80
2023-05-27T05:15:31,0,80,0,80
2023-05-27T05:27:10,0,80,0,80
2023-05-27T05:38:50,0,80,0,80
2023-05-27T05:50:29,0,80,0,80
2023-05-27T06:02:07,0,80,0,80
2023-05-27T06:13:45,0,80,0,80
2023-05-27T06:25:27,0,80,0,80
2023-05-27T06:37:05,0,80,0,80
2023-05-27T06:48:44,0,80,0,80
2023-05-27T07:00:22,0,80,0,80
2023-05-27T07:12:00,0,80,0,80
2023-05-27T07:23:38,0,80,0,80
2023-05-27T07:35:16,0,80,0,80
2023-05-27T07:46:53,0,80,0,80
2023-05-27T07:58:44,0,80,0,80
2023-05-27T08:10:21,0,80,0,80
2023-05-27T08:21:59,0,80,0,80
2023-05-27T08:33:37,0,80,0,80
2023-05-27T08:45:16,0,80,0,80
2023-05-27T08:56:54,0,80,0,80
2023-05-27T09:08:31,0,80,0,80
2023-05-27T09:20:09,0,80,0,80
2023-05-27T09:31:49,0,80,0,80
2023-05-27T09:43:26,0,80,0,80
2023-05-27T09:55:04,0,80,0,80
2023-05-27T10:06:59,0,80,0,80
2023-05-27T10:18:35,0,80,0,80
2023-05-27T10:30:13,0,80,0,80
2023-05-27T10:41:50,0,80,0,80
2023-05-27T10:53:27,0,80,0,80
2023-05-27T11:05:03,0,80,0,80
2023-05-27T11:16:38,0,80,0,80
2023-05-27T11:28:13,0,80,0,80
2023-05-27T11:39:48,0,80,0,80
2023-05-27T11:51:23,0,80,0,80
2023-05-27T12:02:58,0,80,0,80
2023-05-27T12:14:43,0,80,0,80
2023-05-27T12:26:18,0,80,0,80
2023-05-27T12:37:53,0,80,0,80
2023-05-27T12:49:29,0,80,0,80
2023-05-27T13:01:04,0,80,0,80
2023-05-27T13:12:39,0,80,0,80
2023-05-27T13:24:14,0,80,0,80
2023-05-27T13:36:09,0,80,0,80
2023-05-27T13:47:44,0,80,0,80
2023-05-27T13:59:20,0,80,0,80
2023-05-27T14:10:55,0,80,0,80
2023-05-27T14:22:31,0,80,0,80
2023-05-27T14:34:07,0,80,0,80
2023-05-27T14:45:41,0,80,0,80
2023-05-27T14:57:16,0,80,0,80
2023-05-27T15:09:02,1,79,0,80
2023-05-27T15:20:37,1,79,0,80
2023-05-27T15:32:12,1,79,0,80
2023-05-27T15:43:48,1,79,0,80
2023-05-27T15:55:22,1,79,0,80
2023-05-27T16:06:57,1,79,0,80
2023-05-27T16:18:33,1,79,0,80
2023-05-27T16:30:17,1,79,0,80
2023-05-27T16:41:53,1,79,0,80
2023-05-27T16:53:28,1,79,0,80
2023-05-27T17:05:05,1,79,0,80
2023-05-27T17:16:42,1,79,0,80
2023-05-27T17:28:18,1,79,0,80
2023-05-27T17:40:03,1,79,0,80
2023-05-27T17:51:38,1,79,0,80
2023-05-27T18:03:14,1,79,0,80
2023-05-27T18:14:49,1,79,0,80
2023-05-27T18:26:25,1,79,0,80
2023-05-27T18:38:00,1,79,0,80
2023-05-27T18:49:35,1,79,0,80
2023-05-27T19:01:10,1,79,0,80
2023-05-27T19:13:07,1,79,0,80
2023-05-27T19:24:42,1,79,0,80
2023-05-27T19:36:18,1,79,0,80
2023-05-27T19:47:53,1,79,0,80
2023-05-27T19:59:28,1,79,0,80
2023-05-27T20:11:04,1,79,0,80
2023-05-27T20:22:40,1,79,0,80
2023-05-27T20:34:15,1,79,0,80
2023-05-27T20:45:59,1,79,0,80
2023-05-27T20:57:34,1,79,0,80
2023-05-27T21:09:09,1,79,0,80
2023-05-27T21:20:44,1,79,0,80
2023-05-27T21:32:20,1,79,0,80
2023-05-27T21:43:55,1,79,0,80
2023-05-27T21:55:31,1,79,0,80
2023-05-27T22:07:06,1,79,0,80
2023-05-27T22:18:51,1,79,0,80
2023-05-27T22:30:27,1,79,0,80
2023-05-27T22:42:02,1,79,0,80
2023-05-27T22:53:37,1,79,0,80
2023-05-27T23:05:17,1,79,0,80
2023-05-27T23:16:53,1,79,0,80
2023-05-27T23:28:29,1,79,0,80
2023-05-27T23:40:21,1,79,0,80
2023-05-27T23:51:56,1,79,0,80
2023-05-28T00:03:33,1,79,0,80
2023-05-28T00:15:11,1,79,0,80
2023-05-28T00:26:50,1,79,0,80
2023-05-28T00:38:29,1,79,0,80
2023-05-28T00:50:06,1,79,0,80
2023-05-28T01:01:42,1,79,0,80
2023-05-28T01:13:18,1,79,0,80
2023-05-28T01:24:54,1,79,0,80
2023-05-28T01:36:39,1,79,0,80
2023-05-28T01:48:15,1,79,0,80
2023-05-28T01:59:50,1,79,0,80
2023-05-28T02:11:26,1,79,0,80
2023-05-28T02:23:02,1,79,0,80
2023-05-28T02:34:40,1,79,0,80
2023-05-28T02:46:21,1,79,0,80
2023-05-28T02:58:01,1,79,0,80
2023-05-28T03:09:42,1,79,0,80
2023-05-28T03:21:22,1,79,0,80
2023-05-28T03:33:01,1,79,0,80
2023-05-28T03:45:20,1,79,0,80
2023-05-28T03:57:48,1,79,0,80
2023-05-28T04:09:26,1,79,0,80
2023-05-28T04:35:07,1,79,0,80
2023-05-28T04:48:19,1,79,0,80
2023-05-28T05:00:00,1,79,0,80
2023-05-28T05:11:39,1,79,0,80
2023-05-28T05:23:17,1,79,0,80
2023-05-28T05:34:55,1,79,0,80
2023-05-28T05:46:39,1,79,0,80
2023-05-28T05:58:19,1,79,0,80
2023-05-28T06:09:58,1,79,0,80
2023-05-28T06:21:37,1,79,0,80
2023-05-28T06:33:15,1,79,0,80
2023-05-28T06:44:53,1,79,0,80
2023-05-28T06:56:31,1,79,0,80
2023-05-28T07:08:08,1,79,0,80
2023-05-28T07:19:47,1,79,0,80
2023-05-28T07:31:26,1,79,0,80
2023-05-28T07:43:04,1,79,0,80
2023-05-28T07:54:44,1,79,0,80
2023-05-28T08:06:25,1,79,0,80
2023-05-28T08:18:04,1,79,0,80
2023-05-28T08:29:42,1,79,0,80
2023-05-28T08:41:19,1,79,0,80
2023-05-28T08:52:58,1,79,0,80
2023-05-28T09:04:36,1,79,0,80
2023-05-28T09:16:12,1,79,0,80
2023-05-28T09:27:57,1,79,0,80
2023-05-28T09:39:33,1,79,0,80
2023-05-28T09:51:09,1,79,0,80
2023-05-28T10:02:45,1,79,0,80
2023-05-28T10:14:22,1,79,0,80
2023-05-28T10:25:57,1,79,0,80
2023-05-28T10:37:33,1,79,0,80
2023-05-28T10:49:08,1,79,0,80
2023-05-28T11:00:44,1,79,0,80
2023-05-28T11:12:20,1,79,0,80
2023-05-28T11:23:56,1,79,0,80
2023-05-28T11:35:32,1,79,0,80
2023-05-28T11:47:07,1,79,0,80
2023-05-28T11:58:52,1,79,0,80
2023-05-28T12:10:28,1,79,0,80
2023-05-28T12:22:04,1,79,0,80
2023-05-28T12:33:40,1,79,0,80
2023-05-28T12:45:15,1,79,0,80
2023-05-28T12:56:52,1,79,0,80
2023-05-28T13:08:27,1,79,0,80
2023-05-28T13:20:02,1,79,0,80
2023-05-28T13:31:38,1,79,0,80
2023-05-28T13:43:14,1,79,0,80
2023-05-28T13:54:49,1,79,0,80
2023-05-28T14:06:34,1,79,0,80
2023-05-28T14:18:09,1,79,0,80
2023-05-28T14:29:44,1,79,0,80
2023-05-28T14:41:20,1,79,0,80
2023-05-28T14:52:55,1,79,0,80
2023-05-28T15:04:31,1,79,0,80
2023-05-28T15:16:06,1,79,0,80
2023-05-28T15:27:43,1,79,0,80
2023-05-28T15:39:18,1,79,0,80
2023-05-28T15:50:53,1,79,0,80
2023-05-28T16:02:29,1,79,0,80
2023-05-28T16:14:15,1,79,0,80
2023-05-28T16:25:51,1,79,0,80
2023-05-28T16:37:27,1,79,0,80
2023-05-28T16:49:02,1,79,0,80
2023-05-28T17:00:37,1,79,0,80
2023-05-28T17:12:13,1,79,0,80
2023-05-28T17:23:49,1,79,0,80
2023-05-28T17:35:24,1,79,0,80
2023-05-28T17:46:59,1,79,0,80
2023-05-28T17:58:44,1,79,0,80
2023-05-28T18:10:20,1,79,0,80
2023-05-28T18:21:55,1,79,0,80
2023-05-28T18:33:31,1,79,0,80
2023-05-28T18:45:07,1,79,0,80
2023-05-28T18:56:42,1,79,0,80
2023-05-28T19:08:19,1,79,0,80
2023-05-28T19:19:55,1,79,0,80
2023-05-28T19:31:30,1,79,0,80
2023-05-28T19:43:15,1,79,0,80
2023-05-28T19:54:51,1,79,0,80
2023-05-28T20:06:26,1,79,0,80
2023-05-28T20:18:01,1,79,0,80
2023-05-28T20:29:36,1,79,0,80
2023-05-28T20:41:12,1,79,0,80
2023-05-28T20:52:47,1,79,0,80
2023-05-28T21:04:22,1,79,0,80
2023-05-28T21:15:57,1,79,0,80
2023-05-28T21:27:42,1,79,0,80
2023-05-28T21:39:18,1,79,0,80
2023-05-28T21:50:54,1,79,0,80
2023-05-28T22:02:29,1,79,0,80
2023-05-28T22:14:05,1,79,0,80
2023-05-28T22:25:40,1,79,0,80
2023-05-28T22:37:16,1,79,0,80
2023-05-28T22:48:52,1,79,0,80
2023-05-28T23:00:28,1,79,0,80
2023-05-28T23:12:17,1,79,0,80
2023-05-28T23:23:52,1,79,0,80
2023-05-28T23:35:29,1,79,0,80
2023-05-28T23:47:06,1,79,0,80
2023-05-28T23:58:41,1,79,0,80
2023-05-29T00:10:20,1,79,0,80
2023-05-29T00:22:09,1,79,0,80
2023-05-29T00:33:53,1,79,0,80
2023-05-29T00:45:31,1,79,0,80
2023-05-29T00:57:20,1,79,0,80
2023-05-29T01:08:59,1,79,0,80
2023-05-29T01:20:39,1,79,0,80
2023-05-29T01:32:18,1,79,0,80
2023-05-29T01:43:56,1,79,0,80
2023-05-29T01:55:33,1,79,0,80
2023-05-29T02:07:19,1,79,0,80
2023-05-29T02:18:57,1,79,0,80
2023-05-29T02:30:35,1,79,0,80
2023-05-29T02:42:11,1,79,0,80
2023-05-29T02:53:48,1,79,0,80
2023-05-29T03:05:24,1,79,0,80
2023-05-29T03:17:01,1,79,0,80
2023-05-29T03:28:39,1,79,0,80
2023-05-29T03:40:17,1,79,0,80
2023-05-29T03:52:04,1,79,0,80
2023-05-29T04:03:42,1,79,0,80
2023-05-29T04:15:23,1,79,0,80
2023-05-29T04:38:06,1,79,0,80
2023-05-29T04:51:14,1,79,0,80
2023-05-29T05:02:55,1,79,0,80
2023-05-29T05:14:35,1,79,0,80
2023-05-29T05:26:13,1,79,0,80
2023-05-29T05:37:52,1,79,0,80
2023-05-29T05:49:31,1,79,0,80
2023-05-29T06:01:09,1,79,0,80
2023-05-29T06:12:47,1,79,0,80
2023-05-29T06:24:26,1,79,0,80
2023-05-29T06:36:03,1,79,0,80
2023-05-29T06:47:41,1,79,0,80
2023-05-29T06:59:21,1,79,0,80
2023-05-29T07:10:57,1,79,0,80
2023-05-29T07:22:33,1,79,0,80
2023-05-29T07:34:16,1,79,0,80
2023-05-29T07:45:51,1,79,0,80
2023-05-29T07:57:27,1,79,0,80
2023-05-29T08:09:02,1,79,0,80
2023-05-29T08:20:37,1,79,0,80
2023-05-29T08:32:12,1,79,0,80
2023-05-29T08:43:47,1,79,0,80
2023-05-29T08:55:23,1,79,0,80
2023-05-29T09:06:58,1,79,0,80
2023-05-29T09:18:33,1,79,0,80
2023-05-29T09:30:08,1,79,0,80
2023-05-29T09:41:43,1,79,0,80
2023-05-29T09:53:30,1,79,0,80
2023-05-29T10:05:05,1,79,0,80
2023-05-29T10:16:40,1,79,0,80
2023-05-29T10:28:15,1,79,0,80
2023-05-29T10:39:50,1,79,0,80
2023-05-29T10:51:25,1,79,0,80
2023-05-29T11:03:00,1,79,0,80
2023-05-29T11:14:45,1,79,0,80
2023-05-29T11:26:20,1,79,0,80
2023-05-29T11:37:56,1,79,0,80
2023-05-29T11:49:31,1,79,0,80
2023-05-29T12:01:06,1,79,0,80
2023-05-29T12:12:41,1,79,0,80
2023-05-29T12:24:26,1,79,0,80
2023-05-29T12:36:02,1,79,0,80
2023-05-29T12:47:38,1,79,0,80
2023-05-29T12:59:14,1,79,0,80
2023-05-29T13:10:50,1,79,0,80
2023-05-29T13:22:34,1,79,0,80
2023-05-29T13:34:11,1,79,0,80
2023-05-29T13:45:47,1,79,0,80
2023-05-29T13:57:23,1,79,0,80
2023-05-29T14:09:08,1,79,0,80
2023-05-29T14:20:45,1,79,0,80
2023-05-29T14:32:22,1,79,0,80
2023-05-29T14:43:59,1,79,0,80
2023-05-29T14:55:46,1,79,0,80
2023-05-29T15:07:22,1,79,0,80
2023-05-29T15:18:59,1,79,0,80
2023-05-29T15:30:34,1,79,0,80
2023-05-29T15:42:10,2,78,0,80
2023-05-29T15:53:57,2,78,0,80
2023-05-29T16:05:34,2,78,0,80
2023-05-29T16:17:12,2,78,0,80
2023-05-29T16:28:49,2,78,0,80
2023-05-29T16:40:25,2,78,0,80
2023-05-29T16:52:11,2,78,0,80
2023-05-29T17:03:48,2,78,0,80
2023-05-29T17:15:28,2,78,0,80
2023-05-29T17:27:04,2,78,0,80
2023-05-29T17:38:40,2,78,0,80
2023-05-29T17:50:26,2,78,0,80
2023-05-29T18:02:05,2,78,0,80
2023-05-29T18:13:41,2,78,0,80
2023-05-29T18:25:18,2,78,0,80
2023-05-29T18:37:07,2,78,0,80
2023-05-29T18:48:45,2,78,0,80
2023-05-29T19:00:20,2,78,0,80
2023-05-29T19:11:58,2,78,0,80
2023-05-29T19:23:34,2,78,0,80
2023-05-29T19:35:19,2,78,0,80
2023-05-29T19:46:55,2,78,0,80
2023-05-29T19:58:33,2,78,0,80
2023-05-29T20:10:10,2,78,0,80
2023-05-29T20:21:48,2,78,0,80
2023-05-29T20:33:25,2,78,0,80
2023-05-29T20:45:11,2,78,0,80
2023-05-29T20:56:46,2,78,0,80
2023-05-29T21:08:23,2,78,0,80
2023-05-29T21:20:00,2,78,0,80
2023-05-29T21:31:49,2,78,0,80
2023-05-29T21:43:27,2,78,0,80
2023-05-29T21:55:05,2,78,0,80
2023-05-29T22:06:41,2,78,0,80
2023-05-29T22:18:17,2,78,0,80
2023-05-29T22:30:01,2,78,0,80
2023-05-29T22:41:37,2,78,0,80
2023-05-29T22:53:13,2,78,0,80
2023-05-29T23:04:50,2,78,0,80
2023-05-29T23:16:26,2,78,0,80
2023-05-29T23:28:03,2,78,0,80
2023-05-29T23:39:49,2,78,0,80
2023-05-29T23:51:25,2,78,0,80
2023-05-30T00:03:01,2,78,0,80
2023-05-30T00:14:40,2,78,0,80
2023-05-30T00:26:16,2,78,0,80
2023-05-30T00:37:54,2,78,0,80
2023-05-30T00:49:32,2,78,0,80
2023-05-30T01:01:18,2,78,0,80
2023-05-30T01:12:57,2,78,0,80
2023-05-30T01:24:35,2,78,0,80
2023-05-30T01:36:11,2,78,0,80
2023-05-30T01:47:47,2,78,0,80
2023-05-30T01:59:23,2,78,0,80
2023-05-30T02:11:01,2,78,0,80
2023-05-30T02:22:46,2,78,0,80
2023-05-30T02:34:23,2,78,0,80
2023-05-30T02:46:00,2,78,0,80
2023-05-30T02:57:46,2,78,0,80
2023-05-30T03:09:25,2,78,0,80
2023-05-30T03:21:03,2,78,0,80
2023-05-30T03:32:41,2,78,0,80
2023-05-30T03:44:20,2,78,0,80
2023-05-30T03:55:57,2,78,0,80
2023-05-30T04:07:35,2,78,0,80
2023-05-30T04:19:13,2,78,0,80
2023-05-30T04:41:23,2,78,0,80
2023-05-30T04:53:03,2,78,0,80
2023-05-30T05:04:44,2,78,0,80
2023-05-30T05:16:22,2,78,0,80
2023-05-30T05:28:00,2,78,0,80
2023-05-30T05:39:39,2,78,0,80
2023-05-30T05:51:18,2,78,0,80
2023-05-30T06:02:57,2,78,0,80
2023-05-30T06:14:35,2,78,0,80
2023-05-30T06:26:14,2,78,0,80
2023-05-30T06:37:53,2,78,0,80
2023-05-30T06:49:31,2,78,0,80
2023-05-30T07:01:08,2,78,0,80
2023-05-30T07:12:47,2,78,0,80
2023-05-30T07:24:23,2,78,0,80
2023-05-30T07:35:58,2,78,0,80
2023-05-30T07:47:38,2,78,0,80
2023-05-30T07:59:13,2,78,0,80
2023-05-30T08:10:49,2,78,0,80
2023-05-30T08:22:36,2,78,0,80
2023-05-30T08:34:12,2,78,0,80
2023-05-30T08:45:49,2,78,0,80
2023-05-30T08:57:25,2,78,0,80
2023-05-30T09:09:02,2,78,0,80
2023-05-30T09:20:39,2,78,0,80
2023-05-30T09:32:29,2,78,0,80
2023-05-30T09:44:06,2,78,0,80
2023-05-30T09:55:43,2,78,0,80
2023-05-30T10:07:22,2,78,0,80
2023-05-30T10:19:01,2,78,0,80
2023-05-30T10:30:51,2,78,0,80
2023-05-30T10:42:35,2,78,0,80
2023-05-30T10:54:13,2,78,0,80
2023-05-30T11:06:08,2,78,0,80
2023-05-30T11:17:49,2,78,0,80
2023-05-30T11:29:29,2,78,0,80
2023-05-30T11:41:21,2,78,0,80
2023-05-30T11:53:01,2,78,0,80
2023-05-30T12:04:41,2,78,0,80
2023-05-30T12:16:30,2,78,0,80
2023-05-30T12:28:08,2,78,0,80
2023-05-30T12:39:48,2,78,0,80
2023-05-30T12:51:45,2,78,0,80
2023-05-30T13:03:28,2,78,0,80
2023-05-30T13:15:09,2,78,0,80
2023-05-30T13:26:49,2,78,0,80
2023-05-30T13:38:39,2,78,0,80
2023-05-30T13:50:21,2,78,0,80
2023-05-30T14:02:13,2,78,0,80
2023-05-30T14:13:56,2,78,0,80
2023-05-30T14:25:36,2,78,0,80
2023-05-30T14:37:30,2,78,0,80
2023-05-30T14:49:08,2,78,0,80
2023-05-30T15:00:47,2,78,0,80
2023-05-30T15:12:41,2,78,0,80
2023-05-30T15:24:21,2,78,0,80
2023-05-30T15:36:01,2,78,0,80
2023-05-30T15:47:53,2,78,0,80
2023-05-30T15:59:34,2,78,0,80
2023-05-30T16:11:20,2,78,0,80
2023-05-30T16:23:11,2,78,0,80
2023-05-30T16:34:52,2,78,0,80
2023-05-30T16:46:30,2,78,0,80
2023-05-30T16:58:20,2,78,0,80
2023-05-30T17:10:02,2,78,0,80
2023-05-30T17:21:41,2,78,0,80
2023-05-30T17:33:19,2,78,0,80
2023-05-30T17:45:09,2,78,0,80
2023-05-30T17:56:46,2,78,0,80
2023-05-30T18:08:34,2,78,0,80
2023-05-30T18:20:25,2,78,0,80
2023-05-30T18:32:06,2,78,0,80
2023-05-30T18:43:43,2,78,0,80
2023-05-30T18:55:21,2,78,0,80
2023-05-30T19:07:00,2,78,0,80
2023-05-30T19:18:52,2,78,0,80
2023-05-30T19:30:32,2,78,0,80
2023-05-30T19:42:12,2,78,0,80
2023-05-30T19:54:00,2,78,0,80
2023-05-30T20:05:37,2,78,0,80
2023-05-30T20:17:16,2,78,0,80
2023-05-30T20:28:55,2,78,0,80
2023-05-30T20:40:34,2,78,0,80
2023-05-30T20:52:25,2,78,0,80
2023-05-30T21:04:04,2,78,0,80
2023-05-30T21:15:42,2,78,0,80
2023-05-30T21:27:21,2,78,0,80
2023-05-30T21:39:11,2,78,0,80
2023-05-30T21:50:49,2,78,0,80
2023-05-30T22:02:26,2,78,0,80
2023-05-30T22:14:05,2,78,0,80
2023-05-30T22:25:41,2,78,0,80
2023-05-30T22:37:29,2,78,0,80
2023-05-30T22:49:05,2,78,0,80
2023-05-30T23:00:41,2,78,0,80
2023-05-30T23:12:20,2,78,0,80
2023-05-30T23:23:57,2,78,0,80
2023-05-30T23:35:33,2,78,0,80
2023-05-30T23:47:21,2,78,0,80
2023-05-30T23:58:58,2,78,0,80
2023-05-31T00:10:36,2,78,0,80
2023-05-31T00:22:18,2,78,0,80
2023-05-31T00:33:56,2,78,0,80
2023-05-31T00:45:35,2,78,0,80
2023-05-31T00:57:13,2,78,0,80
2023-05-31T01:08:51,2,78,0,80
2023-05-31T01:20:43,2,78,0,80
2023-05-31T01:32:22,2,78,0,80
2023-05-31T01:44:00,2,78,0,80
2023-05-31T01:55:39,2,78,0,80
2023-05-31T02:07:18,2,78,0,80
2023-05-31T02:18:56,2,78,0,80
2023-05-31T02:30:35,2,78,0,80
2023-05-31T02:42:13,2,78,0,80
2023-05-31T02:53:50,2,78,0,80
2023-05-31T03:05:29,2,78,0,80
2023-05-31T03:17:19,2,78,0,80
2023-05-31T03:28:58,2,78,0,80
2023-05-31T03:40:38,2,78,0,80
2023-05-31T03:52:19,2,78,0,80
2023-05-31T04:04:12,2,78,0,80
2023-05-31T04:15:52,2,78,0,80
2023-05-31T04:39:27,2,78,0,80
2023-05-31T04:51:08,2,78,0,80
2023-05-31T05:02:50,2,78,0,80
2023-05-31T05:14:30,2,78,0,80
2023-05-31T05:26:09,2,78,0,80
2023-05-31T05:37:51,2,78,0,80
2023-05-31T05:49:31,2,78,0,80
2023-05-31T06:01:10,2,78,0,80
2023-05-31T06:12:50,2,78,0,80
2023-05-31T06:24:28,2,78,0,80
2023-05-31T06:36:07,2,78,0,80
2023-05-31T06:47:46,2,78,0,80
2023-05-31T06:59:25,2,78,0,80
2023-05-31T07:11:03,2,78,0,80
2023-05-31T07:22:41,2,78,0,80
2023-05-31T07:34:22,2,78,0,80
2023-05-31T07:46:00,2,78,0,80
2023-05-31T07:57:37,2,78,0,80
2023-05-31T08:09:25,2,78,0,80
2023-05-31T08:21:03,2,78,0,80
2023-05-31T08:32:42,2,78,0,80
2023-05-31T08:44:21,2,78,0,80
2023-05-31T08:56:01,2,78,0,80
2023-05-31T09:07:41,2,78,0,80
2023-05-31T09:19:21,2,78,0,80
2023-05-31T09:31:02,2,78,0,80
2023-05-31T09:42:51,2,78,0,80
2023-05-31T09:54:30,2,78,0,80
2023-05-31T10:06:10,2,78,0,80
2023-05-31T10:17:48,2,78,0,80
2023-05-31T10:29:27,2,78,0,80
2023-05-31T10:41:21,2,78,0,80
2023-05-31T10:53:03,2,78,0,80
2023-05-31T11:04:42,2,78,0,80
2023-05-31T11:16:21,2,78,0,80
2023-05-31T11:28:12,2,78,0,80
2023-05-31T11:39:52,2,78,0,80
2023-05-31T11:51:32,2,78,0,80
2023-05-31T12:03:10,2,78,0,80
2023-05-31T12:15:00,2,78,0,80
2023-05-31T12:26:39,2,78,0,80
2023-05-31T12:38:18,2,78,0,80
2023-05-31T12:49:56,2,78,0,80
2023-05-31T13:01:45,2,78,0,80
2023-05-31T13:13:23,2,78,0,80
2023-05-31T13:25:00,2,78,0,80
2023-05-31T13:36:40,2,78,0,80
2023-05-31T13:48:28,2,78,0,80
2023-05-31T14:00:06,2,78,0,80
2023-05-31T14:11:44,2,78,0,80
2023-05-31T14:23:21,2,78,0,80
2023-05-31T14:34:59,2,78,0,80
2023-05-31T14:46:49,2,78,0,80
2023-05-31T14:58:28,2,78,0,80
2023-05-31T15:10:08,2,78,0,80
2023-05-31T15:21:48,2,78,0,80
2023-05-31T15:33:25,2,78,0,80
2023-05-31T15:45:14,2,78,0,80
2023-05-31T15:56:52,2,78,0,80
2023-05-31T16:08:30,2,78,0,80
2023-05-31T16:20:08,2,78,0,80
2023-05-31T16:31:46,2,78,0,80
2023-05-31T16:43:35,2,78,0,80
2023-05-31T16:55:13,2,78,0,80
2023-05-31T17:06:51,2,78,0,80
2023-05-31T17:18:31,2,78,0,80
2023-05-31T17:30:09,2,78,0,80
2023-05-31T17:41:48,2,78,0,80
2023-05-31T17:53:37,2,78,0,80
2023-05-31T18:05:15,2,78,0,80
2023-05-31T18:16:53,2,78,0,80
2023-05-31T18:28:31,2,78,0,80
2023-05-31T18:40:09,2,78,0,80
2023-05-31T18:51:47,2,78,0,80
2023-05-31T19:03:26,2,78,0,80
2023-05-31T19:15:05,2,78,0,80
2023-05-31T19:26:53,2,78,0,80
2023-05-31T19:38:31,2,78,0,80
2023-05-31T19:50:09,2,78,0,80
2023-05-31T20:01:47,2,78,0,80
2023-05-31T20:13:25,2,78,0,80
2023-05-31T20:25:03,2,78,0,80
2023-05-31T20:36:41,2,78,0,80
2023-05-31T20:48:29,2,78,0,80
2023-05-31T21:00:07,2,78,0,80
2023-05-31T21:11:45,2,78,0,80
2023-05-31T21:23:23,2,78,0,80
2023-05-31T21:35:01,2,78,0,80
2023-05-31T21:46:39,2,78,0,80
2023-05-31T21:58:17,2,78,0,80
2023-05-31T22:09:55,2,78,0,80
2023-05-31T22:21:43,2,78,0,80
2023-05-31T22:33:21,2,78,0,80
2023-05-31T22:44:59,2,78,0,80
2023-05-31T22:56:37,2,78,0,80
2023-05-31T23:08:16,2,78,0,80
2023-05-31T23:19:55,2,78,0,80
2023-05-31T23:31:44,2,78,0,80
2023-05-31T23:43:23,2,78,0,80
2023-05-31T23:55:01,2,78,0,80
2023-06-01T00:06:42,2,78,0,80
2023-06-01T00:18:27,2,78,0,80
2023-06-01T00:30:08,2,78,0,80
2023-06-01T00:41:49,2,78,0,80
2023-06-01T00:53:31,2,78,0,80
2023-06-01T01:05:13,2,78,0,80
2023-06-01T01:16:54,2,78,0,80
2023-06-01T01:28:45,2,78,0,80
2023-06-01T01:40:25,2,78,0,80
2023-06-01T01:52:05,2,78,0,80
2023-06-01T02:03:44,2,78,0,80
2023-06-01T02:15:22,2,78,0,80
2023-06-01T02:27:01,2,78,0,80
2023-06-01T02:38:41,2,78,0,80
2023-06-01T02:50:20,2,78,0,80
2023-06-01T03:02:00,2,78,0,80
2023-06-01T03:13:42,2,78,0,80
2023-06-01T03:25:23,2,78,0,80
2023-06-01T03:37:04,2,78,0,80
2023-06-01T03:48:46,2,78,0,80
2023-06-01T04:00:27,2,78,0,80
2023-06-01T04:12:08,2,78,0,80
2023-06-01T04:37:47,2,78,0,80
2023-06-01T04:50:48,2,78,0,80
2023-06-01T05:02:49,2,78,0,80
2023-06-01T05:14:32,2,78,0,80
2023-06-01T05:26:13,2,78,0,80
2023-06-01T05:37:54,2,78,0,80
2023-06-01T05:49:36,2,78,0,80
2023-06-01T06:01:17,2,78,0,80
2023-06-01T06:12:58,2,78,0,80
2023-06-01T06:24:39,2,78,0,80
2023-06-01T06:36:20,2,78,0,80
2023-06-01T06:48:01,2,78,0,80
2023-06-01T06:59:42,2,78,0,80
2023-06-01T07:11:23,2,78,0,80
2023-06-01T07:23:04,2,78,0,80
2023-06-01T07:34:44,2,78,0,80
2023-06-01T07:46:23,2,78,0,80
2023-06-01T07:58:03,2,78,0,80
2023-06-01T08:09:47,2,78,0,80
2023-06-01T08:21:27,2,78,0,80
2023-06-01T08:33:08,2,78,0,80
2023-06-01T08:44:58,2,78,0,80
2023-06-01T08:56:38,2,78,0,80
2023-06-01T09:08:18,2,78,0,80
2023-06-01T09:19:58,2,78,0,80
2023-06-01T09:31:37,2,78,0,80
2023-06-01T09:43:15,2,78,0,80
2023-06-01T09:54:55,2,78,0,80
2023-06-01T10:06:36,2,78,0,80
2023-06-01T10:18:14,2,78,0,80
2023-06-01T10:29:52,2,78,0,80
2023-06-01T10:41:42,2,78,0,80
2023-06-01T10:53:19,2,78,0,80
2023-06-01T11:04:58,2,78,0,80
2023-06-01T11:16:36,2,78,0,80
2023-06-01T11:28:14,2,78,0,80
2023-06-01T11:39:52,2,78,0,80
2023-06-01T11:51:30,2,78,0,80
2023-06-01T12:03:18,2,78,0,80
2023-06-01T12:14:56,2,78,0,80
2023-06-01T12:26:34,2,78,0,80
2023-06-01T12:38:13,2,78,0,80
2023-06-01T12:49:51,2,78,0,80
2023-06-01T13:01:30,2,78,0,80
2023-06-01T13:13:19,2,78,0,80
2023-06-01T13:24:57,2,78,0,80
2023-06-01T13:36:36,2,78,0,80
2023-06-01T13:48:14,2,78,0,80
2023-06-01T13:59:53,2,78,0,80
2023-06-01T14:11:43,2,78,0,80
2023-06-01T14:23:22,2,78,0,80
2023-06-01T14:35:00,2,78,0,80
2023-06-01T14:46:39,2,78,0,80
2023-06-01T14:58:18,2,78,0,80
2023-06-01T15:09:59,2,78,0,80
2023-06-01T15:21:49,2,78,0,80
2023-06-01T15:33:28,2,78,0,80
2023-06-01T15:45:07,2,78,0,80
2023-06-01T15:56:46,2,78,0,80
2023-06-01T16:08:25,2,78,0,80
2023-06-01T16:20:03,2,78,0,80
2023-06-01T16:31:42,2,78,0,80
2023-06-01T16:43:32,2,78,0,80
2023-06-01T16:55:10,2,78,0,80
2023-06-01T17:06:50,2,78,0,80
2023-06-01T17:18:30,2,78,0,80
2023-06-01T17:30:09,2,78,0,80
2023-06-01T17:41:47,2,78,0,80
2023-06-01T17:53:26,2,78,0,80
2023-06-01T18:05:16,2,78,0,80
2023-06-01T18:16:55,2,78,0,80
2023-06-01T18:28:36,2,78,0,80
2023-06-01T18:40:16,2,78,0,80
2023-06-01T18:51:56,2,78,0,80
2023-06-01T19:03:37,2,78,0,80
2023-06-01T19:15:17,2,78,0,80
2023-06-01T19:26:58,2,78,0,80
2023-06-01T19:38:38,2,78,0,80
2023-06-01T19:50:31,2,78,0,80
2023-06-01T20:02:11,2,78,0,80
2023-06-01T20:13:52,2,78,0,80
2023-06-01T20:25:32,2,78,0,80
2023-06-01T20:37:13,2,78,0,80
2023-06-01T20:48:53,2,78,0,80
2023-06-01T21:00:34,2,78,0,80
2023-06-01T21:12:14,2,78,0,80
2023-06-01T21:23:55,2,78,0,80
2023-06-01T21:35:36,2,78,0,80
2023-06-01T21:47:27,2,78,0,80
2023-06-01T21:59:07,2,78,0,80
2023-06-01T22:10:48,2,78,0,80
2023-06-01T22:22:28,2,78,0,80
2023-06-01T22:34:19,2,78,0,80
2023-06-01T22:45:59,2,78,0,80
2023-06-01T22:57:40,2,78,0,80
2023-06-01T23:09:21,2,78,0,80
2023-06-01T23:21:02,2,78,0,80
2023-06-01T23:32:43,2,78,0,80
2023-06-01T23:44:23,2,78,0,80
2023-06-01T23:56:04,2,78,0,80
2023-06-02T00:07:56,2,78,0,80
2023-06-02T00:19:42,2,78,0,80
2023-06-02T00:31:25,2,78,0,80
2023-06-02T00:43:11,2,78,0,80
2023-06-02T00:54:56,2,78,0,80
2023-06-02T01:06:41,2,78,0,80
2023-06-02T01:18:27,2,78,0,80
2023-06-02T01:30:11,2,78,0,80
2023-06-02T01:41:55,2,78,0,80
2023-06-02T01:53:40,2,78,0,80
2023-06-02T02:05:24,2,78,0,80
2023-06-02T02:17:07,2,78,0,80
2023-06-02T02:28:49,2,78,0,80
2023-06-02T02:40:32,2,78,0,80
2023-06-02T02:52:26,2,78,0,80
2023-06-02T03:04:09,2,78,0,80
2023-06-02T03:15:52,2,78,0,80
2023-06-02T03:27:36,2,78,0,80
2023-06-02T03:39:19,2,78,0,80
2023-06-02T03:51:03,2,78,0,80
2023-06-02T04:02:46,2,78,0,80
2023-06-02T04:14:29,2,78,0,80
2023-06-02T04:36:17,2,78,0,80
2023-06-02T04:48:18,2,78,0,80
2023-06-02T05:00:03,2,78,0,80
2023-06-02T05:11:47,2,78,0,80
2023-06-02T05:23:30,2,78,0,80
2023-06-02T05:35:32,2,78,0,80
2023-06-02T05:47:17,2,78,0,80
2023-06-02T05:59:02,2,78,0,80
2023-06-02T06:10:45,2,78,0,80
2023-06-02T06:22:28,2,78,0,80
2023-06-02T06:34:11,2,78,0,80
2023-06-02T06:45:54,2,78,0,80
2023-06-02T06:57:36,2,78,0,80
2023-06-02T07:09:18,2,78,0,80
2023-06-02T07:21:00,2,78,0,80
2023-06-02T07:32:42,2,78,0,80
2023-06-02T07:44:24,2,78,0,80
2023-06-02T07:56:07,2,78,0,80
2023-06-02T08:08:00,2,78,0,80
2023-06-02T08:19:42,2,78,0,80
2023-06-02T08:31:25,2,78,0,80
2023-06-02T08:43:07,2,78,0,80
2023-06-02T08:54:49,2,78,0,80
2023-06-02T09:06:32,2,78,0,80
2023-06-02T09:18:15,2,78,0,80
2023-06-02T09:29:57,2,78,0,80
2023-06-02T09:41:40,2,78,0,80
2023-06-02T09:53:22,2,78,0,80
2023-06-02T10:05:04,2,78,0,80
2023-06-02T10:16:57,2,78,0,80
2023-06-02T10:28:38,2,78,0,80
2023-06-02T10:40:19,2,78,0,80
2023-06-02T10:51:59,2,78,0,80
2023-06-02T11:03:40,2,78,0,80
2023-06-02T11:15:21,2,78,0,80
2023-06-02T11:27:01,2,78,0,80
2023-06-02T11:38:52,2,78,0,80
2023-06-02T11:50:33,2,78,0,80
2023-06-02T12:02:13,2,78,0,80
2023-06-02T12:13:54,2,78,0,80
2023-06-02T12:25:34,2,78,0,80
2023-06-02T12:37:14,2,78,0,80
2023-06-02T12:48:55,2,78,0,80
2023-06-02T13:00:47,2,78,0,80
2023-06-02T13:12:28,2,78,0,80
2023-06-02T13:24:08,2,78,0,80
2023-06-02T13:35:49,2,78,0,80
2023-06-02T13:47:30,2,78,0,80
2023-06-02T13:59:10,2,78,0,80
2023-06-02T14:10:50,2,78,0,80
2023-06-02T14:22:43,2,78,0,80
2023-06-02T14:34:23,2,78,0,80
2023-06-02T14:46:04,2,78,0,80
2023-06-02T14:57:45,2,78,0,80
2023-06-02T15:09:26,2,78,0,80
2023-06-02T15:21:07,2,78,0,80
2023-06-02T15:32:50,2,78,0,80
2023-06-02T15:44:42,2,78,0,80
2023-06-02T15:56:23,2,78,0,80
2023-06-02T16:08:05,2,78,0,80
2023-06-02T16:19:47,2,78,0,80
2023-06-02T16:31:28,2,78,0,80
2023-06-02T16:43:10,2,78,0,80
2023-06-02T16:54:52,2,78,0,80
2023-06-02T17:06:35,2,78,0,80
2023-06-02T17:18:27,2,78,0,80
2023-06-02T17:30:08,2,78,0,80
2023-06-02T17:41:49,2,78,0,80
2023-06-02T17:53:30,2,78,0,80
2023-06-02T18:05:11,2,78,0,80
2023-06-02T18:16:52,2,78,0,80
2023-06-02T18:28:33,2,78,0,80
2023-06-02T18:40:14,2,78,0,80
2023-06-02T18:51:55,2,78,0,80
2023-06-02T19:03:36,2,78,0,80
2023-06-02T19:15:17,2,78,0,80
2023-06-02T19:27:10,2,78,0,80
2023-06-02T19:38:51,2,78,0,80
2023-06-02T19:50:32,2,78,0,80
2023-06-02T20:02:14,2,78,0,80
2023-06-02T20:13:55,2,78,0,80
2023-06-02T20:25:36,2,78,0,80
2023-06-02T20:37:17,2,78,0,80
2023-06-02T20:48:59,2,78,0,80
2023-06-02T21:00:40,2,78,0,80
2023-06-02T21:12:21,2,78,0,80
2023-06-02T21:24:02,2,78,0,80
2023-06-02T21:35:54,2,78,0,80
2023-06-02T21:47:35,2,78,0,80
2023-06-02T21:59:16,2,78,0,80
2023-06-02T22:10:57,2,78,0,80
2023-06-02T22:22:38,2,78,0,80
2023-06-02T22:34:19,2,78,0,80
2023-06-02T22:46:00,2,78,0,80
2023-06-02T22:57:41,2,78,0,80
2023-06-02T23:09:23,2,78,0,80
2023-06-02T23:21:05,2,78,0,80
2023-06-02T23:32:57,2,78,0,80
2023-06-02T23:44:39,2,78,0,80
2023-06-02T23:56:20,2,78,0,80
2023-06-03T00:08:39,2,78,0,80
2023-06-03T00:20:28,2,78,0,80
2023-06-03T00:32:13,2,78,0,80
2023-06-03T00:43:57,2,78,0,80
2023-06-03T00:55:41,2,78,0,80
2023-06-03T01:07:26,2,78,0,80
2023-06-03T01:19:12,2,78,0,80
2023-06-03T01:30:56,2,78,0,80
2023-06-03T01:42:40,2,78,0,80
2023-06-03T01:54:34,2,78,0,80
2023-06-03T02:06:18,2,78,0,80
2023-06-03T02:18:00,2,78,0,80
2023-06-03T02:29:43,2,78,0,80
2023-06-03T02:41:26,2,78,0,80
2023-06-03T02:53:09,2,78,0,80
2023-06-03T03:04:50,2,78,0,80
2023-06-03T03:16:34,2,78,0,80
2023-06-03T03:28:17,2,78,0,80
2023-06-03T03:39:59,2,78,0,80
2023-06-03T03:51:42,2,78,0,80
2023-06-03T04:03:38,2,78,0,80
2023-06-03T04:30:47,2,78,0,80
2023-06-03T04:42:33,2,78,0,80
2023-06-03T04:54:18,2,78,0,80
2023-06-03T05:06:02,2,78,0,80
2023-06-03T05:17:47,2,78,0,80
2023-06-03T05:29:33,2,78,0,80
2023-06-03T05:41:18,2,78,0,80
2023-06-03T05:53:02,2,78,0,80
2023-06-03T06:04:46,2,78,0,80
2023-06-03T06:16:31,2,78,0,80
2023-06-03T06:28:16,2,78,0,80
2023-06-03T06:40:05,2,78,0,80
2023-06-03T06:51:49,2,78,0,80
2023-06-03T07:03:33,2,78,0,80
2023-06-03T07:15:17,2,78,0,80
2023-06-03T07:27:09,2,78,0,80
2023-06-03T07:38:52,2,78,0,80
2023-06-03T07:50:35,2,78,0,80
2023-06-03T08:02:19,2,78,0,80
2023-06-03T08:14:03,2,78,0,80
2023-06-03T08:25:47,2,78,0,80
2023-06-03T08:37:32,2,78,0,80
2023-06-03T08:49:16,2,78,0,80
2023-06-03T09:01:00,2,78,0,80
2023-06-03T09:12:43,2,78,0,80
2023-06-03T09:24:26,2,78,0,80
2023-06-03T09:36:20,2,78,0,80
2023-06-03T09:48:03,2,78,0,80
2023-06-03T09:59:45,2,78,0,80
2023-06-03T10:11:26,2,78,0,80
2023-06-03T10:23:08,2,78,0,80
2023-06-03T10:34:50,2,78,0,80
2023-06-03T10:46:32,2,78,0,80
2023-06-03T10:58:13,2,78,0,80
2023-06-03T11:09:54,2,78,0,80
2023-06-03T11:21:34,2,78,0,80
2023-06-03T11:33:26,2,78,0,80
2023-06-03T11:45:06,2,78,0,80
2023-06-03T11:56:47,2,78,0,80
2023-06-03T12:08:27,2,78,0,80
2023-06-03T12:20:08,2,78,0,80
2023-06-03T12:31:49,2,78,0,80
2023-06-03T12:43:29,2,78,0,80
2023-06-03T12:55:10,2,78,0,80
2023-06-03T13:06:50,2,78,0,80
2023-06-03T13:18:31,2,78,0,80
2023-06-03T13:30:22,2,78,0,80
2023-06-03T13:42:02,2,78,0,80
2023-06-03T13:53:43,2,78,0,80
2023-06-03T14:05:24,2,78,0,80
2023-06-03T14:17:05,2,78,0,80
2023-06-03T14:28:46,2,78,0,80
2023-06-03T14:40:26,2,78,0,80
2023-06-03T14:52:17,2,78,0,80
2023-06-03T15:03:57,2,78,0,80
2023-06-03T15:15:38,2,78,0,80
2023-06-03T15:27:19,2,78,0,80
2023-06-03T15:38:59,2,78,0,80
2023-06-03T15:50:40,2,78,0,80
2023-06-03T16:02:21,2,78,0,80
2023-06-03T16:14:01,2,78,0,80
2023-06-03T16:25:42,2,78,0,80
2023-06-03T16:37:32,2,78,0,80
2023-06-03T16:49:13,2,78,0,80
2023-06-03T17:00:54,2,78,0,80
2023-06-03T17:12:36,2,78,0,80
2023-06-03T17:24:17,2,78,0,80
2023-06-03T17:35:58,2,78,0,80
2023-06-03T17:47:39,2,78,0,80
2023-06-03T17:59:19,2,78,0,80
2023-06-03T18:11:00,2,78,0,80
2023-06-03T18:22:41,2,78,0,80
2023-06-03T18:34:31,2,78,0,80
2023-06-03T18:46:11,2,78,0,80
2023-06-03T18:57:52,2,78,0,80
2023-06-03T19:09:33,2,78,0,80
2023-06-03T19:21:14,2,78,0,80
2023-06-03T19:32:55,2,78,0,80
2023-06-03T19:44:36,2,78,0,80
2023-06-03T19:56:16,2,78,0,80
2023-06-03T20:07:57,2,78,0,80
2023-06-03T20:19:38,2,78,0,80
2023-06-03T20:31:19,2,78,0,80
2023-06-03T20:43:09,2,78,0,80
2023-06-03T20:54:50,2,78,0,80
2023-06-03T21:06:31,2,78,0,80
2023-06-03T21:18:12,2,78,0,80
2023-06-03T21:29:53,2,78,0,80
2023-06-03T21:41:34,2,78,0,80
2023-06-03T21:53:16,2,78,0,80
2023-06-03T22:04:57,2,78,0,80
2023-06-03T22:16:38,2,78,0,80
2023-06-03T22:28:19,2,78,0,80
2023-06-03T22:40:00,2,78,0,80
2023-06-03T22:51:50,2,78,0,80
2023-06-03T23:03:32,2,78,0,80
2023-06-03T23:15:13,2,78,0,80
2023-06-03T23:26:54,2,78,0,80
2023-06-03T23:38:36,2,78,0,80
2023-06-03T23:50:18,2,78,0,80
2023-06-04T00:01:59,2,78,0,80
2023-06-04T00:13:47,2,78,0,80
2023-06-04T00:25:32,2,78,0,80
2023-06-04T00:37:15,2,78,0,80
2023-06-04T00:49:00,2,78,0,80
2023-06-04T01:00:44,2,78,0,80
2023-06-04T01:12:26,2,78,0,80
2023-06-04T01:24:20,2,78,0,80
2023-06-04T01:36:05,2,78,0,80
2023-06-04T01:47:49,2,78,0,80
2023-06-04T01:59:32,2,78,0,80
2023-06-04T02:11:26,2,78,0,80
2023-06-04T02:23:17,2,78,0,80
2023-06-04T02:35:02,2,78,0,80
2023-06-04T02:46:45,2,78,0,80
2023-06-04T02:58:28,2,78,0,80
2023-06-04T03:10:12,2,78,0,80
2023-06-04T03:21:56,2,78,0,80
2023-06-04T03:33:40,2,78,0,80
2023-06-04T03:45:24,2,78,0,80
2023-06-04T03:57:08,2,78,0,80
2023-06-04T04:08:52,2,78,0,80
2023-06-04T04:36:56,2,78,0,80
2023-06-04T04:48:43,2,78,0,80
2023-06-04T05:00:28,2,78,0,80
2023-06-04T05:12:14,2,78,0,80
2023-06-04T05:23:57,2,78,0,80
2023-06-04T05:35:41,2,78,0,80
2023-06-04T05:47:26,2,78,0,80
2023-06-04T05:59:10,2,78,0,80
2023-06-04T06:10:53,2,78,0,80
2023-06-04T06:22:37,2,78,0,80
2023-06-04T06:34:21,2,78,0,80
2023-06-04T06:46:05,2,78,0,80
2023-06-04T06:57:48,2,78,0,80
2023-06-04T07:09:31,2,78,0,80
2023-06-04T07:21:14,2,78,0,80
2023-06-04T07:32:55,2,78,0,80
2023-06-04T07:44:35,2,78,0,80
2023-06-04T07:56:17,3,77,0,80
2023-06-04T08:08:01,3,77,0,80
2023-06-04T08:19:51,3,77,0,80
2023-06-04T08:31:34,3,77,0,80
2023-06-04T08:43:15,3,77,0,80
2023-06-04T08:54:56,3,77,0,80
2023-06-04T09:06:38,3,77,0,80
2023-06-04T09:18:20,3,77,0,80
2023-06-04T09:30:02,3,77,0,80
2023-06-04T09:41:43,3,77,0,80
2023-06-04T09:53:24,3,77,0,80
2023-06-04T10:05:06,3,77,0,80
2023-06-04T10:16:47,3,77,0,80
2023-06-04T10:28:28,3,77,0,80
2023-06-04T10:40:09,3,77,0,80
2023-06-04T10:51:50,3,77,0,80
2023-06-04T11:03:31,3,77,0,80
2023-06-04T11:15:14,3,77,0,80
2023-06-04T11:27:06,3,77,0,80
2023-06-04T11:38:48,3,77,0,80
2023-06-04T11:50:29,3,77,0,80
2023-06-04T12:02:10,3,77,0,80
2023-06-04T12:13:51,3,77,0,80
2023-06-04T12:25:31,3,77,0,80
2023-06-04T12:37:12,3,77,0,80
2023-06-04T12:48:53,3,77,0,80
2023-06-04T13:00:33,3,77,0,80
2023-06-04T13:12:14,3,77,0,80
2023-06-04T13:23:54,3,77,0,80
2023-06-04T13:35:35,3,77,0,80
2023-06-04T13:47:26,3,77,0,80
2023-06-04T13:59:06,3,77,0,80
2023-06-04T14:10:47,3,77,0,80
2023-06-04T14:22:28,3,77,0,80
2023-06-04T14:34:08,3,77,0,80
2023-06-04T14:45:48,3,77,0,80
2023-06-04T14:57:29,3,77,0,80
2023-06-04T15:09:09,3,77,0,80
2023-06-04T15:20:50,3,77,0,80
2023-06-04T15:32:41,3,77,0,80
2023-06-04T15:44:22,3,77,0,80
2023-06-04T15:56:03,3,77,0,80
2023-06-04T16:07:44,3,77,0,80
2023-06-04T16:19:25,3,77,0,80
2023-06-04T16:31:07,3,77,0,80
2023-06-04T16:42:49,3,77,0,80
2023-06-04T16:54:30,3,77,0,80
2023-06-04T17:06:10,3,77,0,80
2023-06-04T17:17:53,3,77,0,80
2023-06-04T17:29:44,3,77,0,80
2023-06-04T17:41:25,3,77,0,80
2023-06-04T17:53:05,3,77,0,80
2023-06-04T18:04:46,3,77,0,80
2023-06-04T18:16:27,3,77,0,80
2023-06-04T18:28:08,3,77,0,80
2023-06-04T18:39:49,3,77,0,80
2023-06-04T18:51:30,3,77,0,80
2023-06-04T19:03:13,3,77,0,80
2023-06-04T19:14:55,3,77,0,80
2023-06-04T19:26:46,3,77,0,80
2023-06-04T19:38:27,3,77,0,80
2023-06-04T19:50:08,3,77,0,80
2023-06-04T20:01:49,3,77,0,80
2023-06-04T20:13:31,3,77,0,80
2023-06-04T20:25:12,3,77,0,80
2023-06-04T20:36:52,3,77,0,80
2023-06-04T20:48:33,3,77,0,80
2023-06-04T21:00:14,3,77,0,80
2023-06-04T21:11:55,3,77,0,80
2023-06-04T21:23:47,3,77,0,80
2023-06-04T21:35:29,3,77,0,80
2023-06-04T21:47:10,3,77,0,80
2023-06-04T21:58:52,3,77,0,80
2023-06-04T22:10:33,3,77,0,80
2023-06-04T22:22:14,3,77,0,80
2023-06-04T22:33:55,3,77,0,80
2023-06-04T22:45:36,3,77,0,80
2023-06-04T22:57:17,3,77,0,80
2023-06-04T23:08:58,3,77,0,80
2023-06-04T23:20:49,3,77,0,80
2023-06-04T23:32:31,3,77,0,80
2023-06-04T23:44:13,3,77,0,80
2023-06-04T23:55:54,3,77,0,80
2023-06-05T00:07:37,3,77,0,80
2023-06-05T00:19:26,3,77,0,80
2023-06-05T00:31:23,3,77,0,80
2023-06-05T00:43:07,3,77,0,80
2023-06-05T00:54:51,3,77,0,80
2023-06-05T01:06:42,3,77,0,80
2023-06-05T01:18:32,3,77,0,80
2023-06-05T01:30:16,3,77,0,80
2023-06-05T01:42:01,3,77,0,80
2023-06-05T01:53:44,3,77,0,80
2023-06-05T02:05:34,3,77,0,80
2023-06-05T02:17:17,3,77,0,80
2023-06-05T02:29:00,3,77,0,80
2023-06-05T02:40:43,3,77,0,80
2023-06-05T02:52:26,3,77,0,80
2023-06-05T03:04:08,3,77,0,80
2023-06-05T03:15:52,3,77,0,80
2023-06-05T03:27:36,3,77,0,80
2023-06-05T03:39:20,3,77,0,80
2023-06-05T03:51:05,3,77,0,80
2023-06-05T04:02:50,3,77,0,80
2023-06-05T04:14:35,3,77,0,80
2023-06-05T04:40:28,3,77,0,80
2023-06-05T04:52:36,3,77,0,80
2023-06-05T05:04:22,3,77,0,80
2023-06-05T05:16:07,3,77,0,80
2023-06-05T05:27:51,3,77,0,80
2023-06-05T05:39:37,3,77,0,80
2023-06-05T05:51:21,3,77,0,80
2023-06-05T06:03:06,3,77,0,80
2023-06-05T06:14:53,3,77,0,80
2023-06-05T06:26:38,3,77,0,80
2023-06-05T06:38:22,3,77,0,80
2023-06-05T06:50:06,3,77,0,80
2023-06-05T07:01:50,3,77,0,80
2023-06-05T07:13:35,3,77,0,80
2023-06-05T07:25:16,3,77,0,80
2023-06-05T07:36:58,3,77,0,80
2023-06-05T07:48:39,3,77,0,80
2023-06-05T08:00:20,3,77,0,80
2023-06-05T08:12:01,3,77,0,80
2023-06-05T08:23:43,3,77,0,80
2023-06-05T08:35:35,3,77,0,80
2023-06-05T08:47:16,3,77,0,80
2023-06-05T08:58:57,3,77,0,80
2023-06-05T09:10:39,3,77,0,80
2023-06-05T09:22:20,3,77,0,80
2023-06-05T09:34:01,3,77,0,80
2023-06-05T09:45:42,3,77,0,80
2023-06-05T09:57:24,3,77,0,80
2023-06-05T10:09:05,3,77,0,80
2023-06-05T10:20:57,3,77,0,80
2023-06-05T10:32:38,3,77,0,80
2023-06-05T10:44:19,3,77,0,80
2023-06-05T10:56:01,3,77,0,80
2023-06-05T11:07:42,3,77,0,80
2023-06-05T11:19:34,3,77,0,80
2023-06-05T11:31:15,3,77,0,80
2023-06-05T11:42:57,4,76,0,80
2023-06-05T11:54:38,4,76,0,80
2023-06-05T12:06:20,4,76,0,80
2023-06-05T12:18:02,4,76,0,80
2023-06-05T12:29:55,4,76,0,80
2023-06-05T12:41:37,4,76,0,80
2023-06-05T12:53:20,4,76,0,80
2023-06-05T13:05:01,4,76,0,80
2023-06-05T13:16:55,4,76,0,80
2023-06-05T13:28:36,4,76,0,80
2023-06-05T13:40:17,4,76,0,80
2023-06-05T13:51:59,4,76,0,80
2023-06-05T14:03:40,4,76,0,80
2023-06-05T14:15:32,4,76,0,80
2023-06-05T14:27:13,4,76,0,80
2023-06-05T14:38:57,4,76,0,80
2023-06-05T14:50:39,4,76,0,80
2023-06-05T15:02:32,4,76,0,80
2023-06-05T15:14:14,4,76,0,80
2023-06-05T15:25:56,4,76,0,80
2023-06-05T15:37:38,4,76,0,80
2023-06-05T15:49:19,4,76,0,80
2023-06-05T16:01:11,4,76,0,80
2023-06-05T16:12:52,4,76,0,80
2023-06-05T16:24:34,4,76,0,80
2023-06-05T16:36:15,4,76,0,80
2023-06-05T16:47:58,4,76,0,80
2023-06-05T16:59:50,4,76,0,80
2023-06-05T17:11:32,4,76,0,80
2023-06-05T17:23:14,4,76,0,80
2023-06-05T17:34:55,4,76,0,80
2023-06-05T17:46:39,4,76,0,80
2023-06-05T17:58:30,4,76,0,80
2023-06-05T18:10:11,4,76,0,80
2023-06-05T18:21:52,4,76,0,80
2023-06-05T18:33:33,4,76,0,80
2023-06-05T18:45:14,4,76,0,80
2023-06-05T18:56:55,4,76,0,80
2023-06-05T19:08:37,4,76,0,80
2023-06-05T19:20:29,4,76,0,80
2023-06-05T19:32:10,4,76,0,80
2023-06-05T19:43:52,4,76,0,80
2023-06-05T19:55:33,4,76,0,80
2023-06-05T20:07:15,4,76,0,80
2023-06-05T20:18:57,4,76,0,80
2023-06-05T20:30:38,4,76,0,80
2023-06-05T20:42:32,4,76,0,80
2023-06-05T20:54:13,4,76,0,80
2023-06-05T21:05:54,4,76,0,80
2023-06-05T21:17:36,4,76,0,80
2023-06-05T21:29:17,4,76,0,80
2023-06-05T21:40:58,4,76,0,80
2023-06-05T21:52:41,4,76,0,80
2023-06-05T22:04:33,4,76,0,80
2023-06-05T22:16:15,4,76,0,80
2023-06-05T22:27:56,4,76,0,80
2023-06-05T22:39:38,4,76,0,80
2023-06-05T22:51:19,4,76,0,80
2023-06-05T23:03:01,4,76,0,80
2023-06-05T23:14:54,4,76,0,80
2023-06-05T23:26:37,4,76,0,80
2023-06-05T23:38:19,4,76,0,80
2023-06-05T23:50:01,4,76,0,80
2023-06-06T00:01:43,4,76,0,80
2023-06-06T00:13:27,4,76,0,80
2023-06-06T00:25:10,4,76,0,80
2023-06-06T00:36:54,4,76,0,80
2023-06-06T00:48:40,4,76,0,80
2023-06-06T01:00:36,4,76,0,80
2023-06-06T01:12:20,4,76,0,80
2023-06-06T01:24:05,4,76,0,80
2023-06-06T01:35:49,4,76,0,80
2023-06-06T01:47:33,4,76,0,80
2023-06-06T01:59:19,4,76,0,80
2023-06-06T02:11:02,4,76,0,80
2023-06-06T02:22:46,4,76,0,80
2023-06-06T02:34:29,4,76,0,80
2023-06-06T02:46:12,4,76,0,80
2023-06-06T02:57:54,4,76,0,80
2023-06-06T03:09:37,4,76,0,80
2023-06-06T03:21:20,4,76,0,80
2023-06-06T03:33:04,4,76,0,80
2023-06-06T03:44:47,4,76,0,80
2023-06-06T03:56:32,4,76,0,80
2023-06-06T04:08:16,4,76,0,80
2023-06-06T04:36:03,4,76,0,80
2023-06-06T04:49:29,4,76,0,80
2023-06-06T05:01:16,4,76,0,80
2023-06-06T05:13:01,4,76,0,80
2023-06-06T05:24:46,4,76,0,80
2023-06-06T05:36:31,4,76,0,80
2023-06-06T05:48:16,4,76,0,80
2023-06-06T06:00:00,4,76,0,80
2023-06-06T06:11:47,4,76,0,80
2023-06-06T06:23:33,4,76,0,80
2023-06-06T06:35:18,4,76,0,80
2023-06-06T06:47:01,4,76,0,80
2023-06-06T06:58:45,4,76,0,80
2023-06-06T07:10:30,4,76,0,80
2023-06-06T07:22:13,4,76,0,80
2023-06-06T07:33:57,4,76,0,80
2023-06-06T07:45:40,4,76,0,80
2023-06-06T07:57:23,4,76,0,80
2023-06-06T08:09:07,4,76,0,80
2023-06-06T08:20:50,4,76,0,80
2023-06-06T08:32:33,4,76,0,80
2023-06-06T08:44:16,5,75,0,80
2023-06-06T08:56:08,5,75,0,80
2023-06-06T09:07:53,5,75,0,80
2023-06-06T09:19:36,5,75,0,80
2023-06-06T09:31:18,5,75,0,80
2023-06-06T09:43:02,5,75,0,80
2023-06-06T09:54:44,5,75,0,80
2023-06-06T10:06:25,5,75,0,80
2023-06-06T10:18:19,5,75,0,80
2023-06-06T10:30:00,5,75,0,80
2023-06-06T10:41:43,5,75,0,80
2023-06-06T10:53:24,5,75,0,80
2023-06-06T11:05:06,5,75,0,80
2023-06-06T11:16:49,5,75,0,80
2023-06-06T11:28:42,5,75,0,80
2023-06-06T11:40:25,5,75,0,80
2023-06-06T11:52:06,5,75,0,80
2023-06-06T12:03:48,5,75,0,80
2023-06-06T12:15:41,5,75,0,80
2023-06-06T12:27:24,5,75,0,80
2023-06-06T12:39:05,5,75,0,80
2023-06-06T12:50:47,5,75,0,80
2023-06-06T13:02:40,5,75,0,80
2023-06-06T13:14:22,5,75,0,80
2023-06-06T13:26:04,5,75,0,80
2023-06-06T13:37:47,6,74,0,80
2023-06-06T13:49:41,6,74,0,80
2023-06-06T14:01:26,6,74,0,80
2023-06-06T14:13:09,7,73,0,80
2023-06-06T14:24:53,7,73,0,80
2023-06-06T14:36:46,7,73,0,80
2023-06-06T14:48:29,7,73,0,80
2023-06-06T15:00:11,7,73,0,80
2023-06-06T15:11:53,7,73,0,80
2023-06-06T15:23:38,7,73,0,80
2023-06-06T15:35:31,7,73,0,80
2023-06-06T15:47:14,7,73,0,80
2023-06-06T15:58:57,7,73,0,80
2023-06-06T16:10:40,7,73,0,80
2023-06-06T16:22:34,7,73,0,80
2023-06-06T16:34:17,7,73,0,80
2023-06-06T16:45:59,7,73,0,80
2023-06-06T16:57:42,7,73,0,80
2023-06-06T17:09:37,7,73,0,80
2023-06-06T17:21:21,7,73,0,80
2023-06-06T17:33:03,7,73,0,80
2023-06-06T17:44:46,7,73,0,80
2023-06-06T17:56:28,6,74,0,80
2023-06-06T18:08:25,6,74,0,80
2023-06-06T18:20:07,6,74,0,80
2023-06-06T18:31:50,6,74,0,80
2023-06-06T18:43:32,6,74,0,80
2023-06-06T18:55:27,6,74,0,80
2023-06-06T19:07:08,6,74,0,80
2023-06-06T19:18:48,7,73,0,80
2023-06-06T19:30:27,7,73,0,80
2023-06-06T19:42:07,7,73,0,80
2023-06-06T19:53:45,8,72,0,80
2023-06-06T20:05:37,7,73,0,80
2023-06-06T20:17:16,7,73,0,80
2023-06-06T20:28:56,7,73,0,80
2023-06-06T20:40:35,7,73,0,80
2023-06-06T20:52:13,7,73,0,80
2023-06-06T21:04:03,7,73,0,80
2023-06-06T21:15:42,7,73,0,80
2023-06-06T21:27:22,7,73,0,80
2023-06-06T21:39:01,7,73,0,80
2023-06-06T21:50:39,7,73,0,80
2023-06-06T22:02:18,7,73,0,80
2023-06-06T22:14:07,7,73,0,80
2023-06-06T22:25:45,7,73,0,80
2023-06-06T22:37:24,7,73,0,80
2023-06-06T22:49:02,7,73,0,80
2023-06-06T23:00:41,7,73,0,80
2023-06-06T23:12:20,7,73,0,80
2023-06-06T23:24:00,7,73,0,80
2023-06-06T23:35:39,7,73,0,80
2023-06-06T23:47:29,7,73,0,80
2023-06-06T23:59:08,7,73,0,80
2023-06-07T00:10:49,7,73,0,80
2023-06-07T00:22:35,7,73,0,80
2023-06-07T00:34:15,7,73,0,80
2023-06-07T00:45:57,7,73,0,80
2023-06-07T00:57:39,7,73,0,80
2023-06-07T01:09:21,7,73,0,80
2023-06-07T01:21:15,7,73,0,80
2023-06-07T01:32:56,7,73,0,80
2023-06-07T01:44:38,7,73,0,80
2023-06-07T01:56:20,7,73,0,80
2023-06-07T02:08:01,7,73,0,80
2023-06-07T02:19:41,7,73,0,80
2023-06-07T02:31:21,7,73,0,80
2023-06-07T02:43:03,7,73,0,80
2023-06-07T02:54:45,7,73,0,80
2023-06-07T03:06:28,7,73,0,80
2023-06-07T03:18:10,7,73,0,80
2023-06-07T03:29:52,7,73,0,80
2023-06-07T03:41:35,7,73,0,80
2023-06-07T03:53:17,7,73,0,80
2023-06-07T04:04:59,7,73,0,80
2023-06-07T04:27:24,7,73,0,80
2023-06-07T04:39:34,7,73,0,80
2023-06-07T04:52:43,7,73,0,80
2023-06-07T05:04:29,7,73,0,80
2023-06-07T05:16:16,7,73,0,80
2023-06-07T05:28:01,7,73,0,80
2023-06-07T05:39:46,7,73,0,80
2023-06-07T05:51:31,7,73,0,80
2023-06-07T06:03:16,7,73,0,80
2023-06-07T06:15:01,7,73,0,80
2023-06-07T06:26:46,7,73,0,80
2023-06-07T06:38:31,7,73,0,80
2023-06-07T06:50:16,7,73,0,80
2023-06-07T07:02:00,7,73,0,80
2023-06-07T07:13:48,7,73,0,80
2023-06-07T07:25:32,7,73,0,80
2023-06-07T07:37:15,7,73,0,80
2023-06-07T07:48:58,7,73,0,80
2023-06-07T08:00:41,7,73,0,80
2023-06-07T08:12:24,7,73,0,80
2023-06-07T08:24:06,7,73,0,80
2023-06-07T08:35:58,7,73,0,80
2023-06-07T08:47:41,7,73,0,80
2023-06-07T08:59:24,7,73,0,80
2023-06-07T09:11:08,7,73,0,80
2023-06-07T09:22:51,7,73,0,80
2023-06-07T09:34:33,7,73,0,80
2023-06-07T09:46:16,7,73,0,80
2023-06-07T09:57:58,7,73,0,80
2023-06-07T10:09:53,7,73,0,80
2023-06-07T10:21:37,7,73,0,80
2023-06-07T10:33:19,7,73,0,80
2023-06-07T10:45:02,7,73,0,80
2023-06-07T10:56:55,7,73,0,80
2023-06-07T11:08:40,7,73,0,80
2023-06-07T11:20:24,7,73,0,80
2023-06-07T11:32:09,7,73,0,80
2023-06-07T11:44:14,7,73,0,80
2023-06-07T11:55:57,7,73,0,80
2023-06-07T12:07:41,7,73,0,80
2023-06-07T12:19:24,7,73,0,80
2023-06-07T12:31:17,7,73,0,80
2023-06-07T12:43:00,7,73,0,80
2023-06-07T12:54:42,7,73,0,80
2023-06-07T13:06:25,7,73,0,80
2023-06-07T13:18:07,7,73,0,80
2023-06-07T13:29:59,7,73,0,80
2023-06-07T13:41:42,7,73,0,80
2023-06-07T13:53:25,8,72,0,80
2023-06-07T14:05:24,8,72,0,80
2023-06-07T14:17:06,8,72,0,80
2023-06-07T14:28:48,8,72,0,80
2023-06-07T14:40:31,8,72,0,80
2023-06-07T14:52:13,8,72,0,80
2023-06-07T15:04:06,8,72,0,80
2023-06-07T15:15:50,8,72,0,80
2023-06-07T15:27:33,8,72,0,80
2023-06-07T15:39:16,8,72,0,80
2023-06-07T15:51:21,8,72,0,80
2023-06-07T16:03:03,8,72,0,80
2023-06-07T16:14:47,8,72,0,80
2023-06-07T16:26:30,8,72,0,80
2023-06-07T16:38:24,7,73,0,80
2023-06-07T16:50:07,7,73,0,80
2023-06-07T17:01:52,7,73,0,80
2023-06-07T17:13:56,7,73,0,80
2023-06-07T17:25:39,7,73,0,80
2023-06-07T17:37:21,7,73,0,80
2023-06-07T17:49:03,7,73,0,80
2023-06-07T18:00:47,7,73,0,80
2023-06-07T18:12:46,7,73,0,80
2023-06-07T18:24:28,7,73,0,80
2023-06-07T18:36:11,7,73,0,80
2023-06-07T18:47:54,7,73,0,80
2023-06-07T18:59:37,7,73,0,80
2023-06-07T19:11:32,7,73,0,80
2023-06-07T19:23:14,7,73,0,80
2023-06-07T19:34:58,7,73,0,80
2023-06-07T19:46:41,7,73,0,80
2023-06-07T19:58:23,7,73,0,80
2023-06-07T20:10:17,7,73,0,80
2023-06-07T20:22:00,7,73,0,80
2023-06-07T20:33:42,7,73,0,80
2023-06-07T20:45:23,7,73,0,80
2023-06-07T20:57:06,7,73,0,80
2023-06-07T21:08:48,7,73,0,80
2023-06-07T21:20:49,7,73,0,80
2023-06-07T21:32:33,7,73,0,80
2023-06-07T21:44:15,7,73,0,80
2023-06-07T21:55:58,7,73,0,80
2023-06-07T22:07:40,7,73,0,80
2023-06-07T22:19:33,7,73,0,80
2023-06-07T22:31:15,7,73,0,80
2023-06-07T22:42:58,7,73,0,80
2023-06-07T22:54:40,7,73,0,80
2023-06-07T23:06:23,7,73,0,80
2023-06-07T23:18:05,8,72,0,80
2023-06-07T23:29:58,8,72,0,80
2023-06-07T23:41:40,8,72,0,80
2023-06-07T23:53:24,8,72,0,80
2023-06-08T00:05:06,8,72,0,80
2023-06-08T00:16:53,8,72,0,80
2023-06-08T00:28:38,8,72,0,80
2023-06-08T00:40:25,9,71,0,80
2023-06-08T00:52:10,8,72,0,80
2023-06-08T01:04:17,8,72,0,80
2023-06-08T01:16:02,8,72,0,80
2023-06-08T01:27:47,8,72,0,80
2023-06-08T01:39:32,8,72,0,80
2023-06-08T01:51:17,8,72,0,80
2023-06-08T02:03:04,8,72,0,80
2023-06-08T02:14:49,8,72,0,80
2023-06-08T02:26:33,8,72,0,80
2023-06-08T02:38:18,8,72,0,80
2023-06-08T02:50:00,8,72,0,80
2023-06-08T03:01:43,8,72,0,80
2023-06-08T03:13:26,8,72,0,80
2023-06-08T03:25:22,8,72,0,80
2023-06-08T03:37:07,8,72,0,80
2023-06-08T03:48:51,8,72,0,80
2023-06-08T04:00:36,8,72,0,80
2023-06-08T04:12:23,8,72,0,80
2023-06-08T04:41:15,8,72,0,80
2023-06-08T04:53:04,8,72,0,80
2023-06-08T05:04:51,8,72,0,80
2023-06-08T05:16:36,8,72,0,80
2023-06-08T05:28:21,8,72,0,80
2023-06-08T05:40:06,8,72,0,80
2023-06-08T05:53:27,8,72,0,80
2023-06-08T06:05:35,8,72,0,80
2023-06-08T06:17:20,8,72,0,80
2023-06-08T06:29:04,8,72,0,80
2023-06-08T06:40:49,8,72,0,80
2023-06-08T06:52:35,8,72,0,80
2023-06-08T07:04:20,8,72,0,80
2023-06-08T07:16:05,8,72,0,80
2023-06-08T07:27:51,8,72,0,80
2023-06-08T07:39:35,8,72,0,80
2023-06-08T07:51:19,8,72,0,80
2023-06-08T08:03:04,8,72,0,80
2023-06-08T08:14:48,8,72,0,80
2023-06-08T08:26:32,8,72,0,80
2023-06-08T08:38:33,8,72,0,80
2023-06-08T08:50:17,8,72,0,80
2023-06-08T09:02:01,8,72,0,80
2023-06-08T09:13:44,8,72,0,80
2023-06-08T09:25:27,8,72,0,80
2023-06-08T09:37:11,8,72,0,80
2023-06-08T09:48:53,8,72,0,80
2023-06-08T10:00:37,8,72,0,80
2023-06-08T10:12:32,8,72,0,80
2023-06-08T10:24:14,8,72,0,80
2023-06-08T10:35:57,8,72,0,80
2023-06-08T10:47:40,8,72,0,80
2023-06-08T10:59:23,8,72,0,80
2023-06-08T11:11:07,8,72,0,80
2023-06-08T11:23:01,8,72,0,80
2023-06-08T11:34:45,8,72,0,80
2023-06-08T11:46:28,8,72,0,80
2023-06-08T11:58:12,8,72,0,80
2023-06-08T12:09:56,8,72,0,80
2023-06-08T12:21:50,8,72,0,80
2023-06-08T12:33:33,8,72,0,80
2023-06-08T12:45:16,8,72,0,80
2023-06-08T12:56:58,8,72,0,80
2023-06-08T13:08:41,8,72,0,80
2023-06-08T13:20:33,8,72,0,80
2023-06-08T13:32:16,8,72,0,80
2023-06-08T13:43:58,8,72,0,80
2023-06-08T13:55:41,8,72,0,80
2023-06-08T14:07:24,8,72,0,80
2023-06-08T14:19:07,8,72,0,80
2023-06-08T14:31:00,8,72,0,80
2023-06-08T14:42:42,8,72,0,80
2023-06-08T14:54:24,8,72,0,80
2023-06-08T15:06:07,8,72,0,80
2023-06-08T15:17:50,8,72,0,80
2023-06-08T15:29:50,8,72,0,80
2023-06-08T15:41:32,8,72,0,80
2023-06-08T15:53:15,8,72,0,80
2023-06-08T16:04:57,8,72,0,80
2023-06-08T16:16:39,8,72,0,80
2023-06-08T16:28:22,8,72,0,80
2023-06-08T16:40:04,8,72,0,80
2023-06-08T16:51:57,8,72,0,80
2023-06-08T17:03:39,8,72,0,80
2023-06-08T17:15:24,8,72,0,80
2023-06-08T17:27:06,8,72,0,80
2023-06-08T17:38:48,8,72,0,80
2023-06-08T17:50:31,8,72,0,80
2023-06-08T18:02:13,8,72,0,80
2023-06-08T18:14:07,8,72,0,80
2023-06-08T18:25:49,8,72,0,80
2023-06-08T18:37:31,8,72,0,80
2023-06-08T18:49:13,8,72,0,80
2023-06-08T19:00:55,8,72,0,80
2023-06-08T19:12:38,8,72,0,80
2023-06-08T19:24:20,8,72,0,80
2023-06-08T19:36:03,8,72,0,80
2023-06-08T20:07:25,8,72,0,80
2023-06-08T20:19:08,8,72,0,80
2023-06-08T20:30:50,8,72,0,80
2023-06-08T20:42:32,9,71,0,80
2023-06-08T20:54:15,9,71,0,80
2023-06-08T21:05:57,9,71,0,80
2023-06-08T21:17:39,9,71,0,80
2023-06-08T21:29:21,9,71,0,80
2023-06-08T21:41:04,9,71,0,80
2023-06-08T21:52:46,9,71,0,80
2023-06-08T22:04:39,9,71,0,80
2023-06-08T22:16:21,9,71,0,80
2023-06-08T22:28:04,9,71,0,80
2023-06-08T22:39:46,9,71,0,80
2023-06-08T22:51:28,9,71,0,80
2023-06-08T23:03:10,9,71,0,80
2023-06-08T23:14:53,9,71,0,80
2023-06-08T23:26:37,9,71,0,80
2023-06-08T23:38:19,9,71,0,80
2023-06-08T23:50:02,9,71,0,80
2023-06-09T00:01:45,9,71,0,80
2023-06-09T00:13:47,9,71,0,80
2023-06-09T00:25:34,9,71,0,80
2023-06-09T00:37:19,9,71,0,80
2023-06-09T00:49:05,9,71,0,80
2023-06-09T01:00:51,9,71,0,80
2023-06-09T01:12:37,9,71,0,80
2023-06-09T01:24:23,9,71,0,80
2023-06-09T01:36:10,9,71,0,80
2023-06-09T01:47:56,9,71,0,80
2023-06-09T01:59:43,9,71,0,80
2023-06-09T02:11:28,9,71,0,80
2023-06-09T02:23:12,9,71,0,80
2023-06-09T02:34:57,9,71,0,80
2023-06-09T02:47:14,9,71,0,80
2023-06-09T02:59:00,9,71,0,80
2023-06-09T03:10:47,9,71,0,80
2023-06-09T03:22:34,9,71,0,80
2023-06-09T03:34:19,9,71,0,80
2023-06-09T03:46:05,9,71,0,80
2023-06-09T03:57:50,9,71,0,80
2023-06-09T04:09:35,9,71,0,80
2023-06-09T04:34:18,9,71,0,80
2023-06-09T04:46:06,9,71,0,80
2023-06-09T04:57:55,9,71,0,80
2023-06-09T05:09:43,9,71,0,80
2023-06-09T05:21:29,9,71,0,80
2023-06-09T05:33:16,9,71,0,80
2023-06-09T05:45:02,9,71,0,80
2023-06-09T05:56:48,9,71,0,80
2023-06-09T06:08:33,9,71,0,80
2023-06-09T06:20:19,9,71,0,80
2023-06-09T06:32:06,9,71,0,80
2023-06-09T06:43:51,9,71,0,80
2023-06-09T06:55:37,9,71,0,80
2023-06-09T07:07:22,9,71,0,80
2023-06-09T07:19:07,9,71,0,80
2023-06-09T07:30:55,9,71,0,80
2023-06-09T07:42:39,9,71,0,80
2023-06-09T07:54:22,9,71,0,80
2023-06-09T08:06:07,9,71,0,80
2023-06-09T08:17:50,9,71,0,80
2023-06-09T08:29:33,9,71,0,80
2023-06-09T08:41:16,9,71,0,80
2023-06-09T08:52:59,9,71,0,80
2023-06-09T09:04:52,9,71,0,80
2023-06-09T09:16:35,9,71,0,80
2023-06-09T09:28:17,9,71,0,80
2023-06-09T09:40:01,9,71,0,80
2023-06-09T09:51:44,9,71,0,80
2023-06-09T10:03:29,9,71,0,80
2023-06-09T10:15:12,9,71,0,80
2023-06-09T10:26:54,9,71,0,80
2023-06-09T10:38:37,9,71,0,80
2023-06-09T10:50:19,9,71,0,80
2023-06-09T11:02:02,9,71,0,80
2023-06-09T11:14:03,9,71,0,80
2023-06-09T11:25:46,9,71,0,80
2023-06-09T11:37:28,9,71,0,80
2023-06-09T11:49:10,9,71,0,80
2023-06-09T12:00:52,9,71,0,80
2023-06-09T12:12:35,9,71,0,80
2023-06-09T12:24:19,9,71,0,80
2023-06-09T12:36:03,9,71,0,80
2023-06-09T12:47:58,9,71,0,80
2023-06-09T12:59:42,9,71,0,80
2023-06-09T13:11:25,9,71,0,80
2023-06-09T13:23:10,9,71,0,80
2023-06-09T13:34:54,9,71,0,80
2023-06-09T13:46:38,9,71,0,80
2023-06-09T13:58:22,9,71,0,80
2023-06-09T14:10:23,9,71,0,80
2023-06-09T14:22:07,9,71,0,80
2023-06-09T14:33:51,9,71,0,80
2023-06-09T14:45:35,9,71,0,80
2023-06-09T14:57:20,9,71,0,80
2023-06-09T15:09:04,9,71,0,80
2023-06-09T15:20:48,9,71,0,80
2023-06-09T15:32:33,9,71,0,80
2023-06-09T15:44:27,9,71,0,80
2023-06-09T15:56:12,9,71,0,80
2023-06-09T16:07:57,9,71,0,80
2023-06-09T16:19:41,9,71,0,80
2023-06-09T16:31:27,9,71,0,80
2023-06-09T16:43:12,9,71,0,80
2023-06-09T16:54:56,9,71,0,80
2023-06-09T17:06:42,9,71,0,80
2023-06-09T17:18:39,9,71,0,80
2023-06-09T17:30:24,9,71,0,80
2023-06-09T17:42:09,9,71,0,80
2023-06-09T17:53:54,9,71,0,80
2023-06-09T18:05:40,9,71,0,80
2023-06-09T18:17:25,9,71,0,80
2023-06-09T18:29:10,9,71,0,80
2023-06-09T18:40:55,9,71,0,80
2023-06-09T18:52:41,9,71,0,80
2023-06-09T19:04:36,9,71,0,80
2023-06-09T19:16:21,9,71,0,80
2023-06-09T19:28:06,9,71,0,80
2023-06-09T19:39:51,9,71,0,80
2023-06-09T19:51:36,9,71,0,80
2023-06-09T20:03:22,9,71,0,80
2023-06-09T20:15:07,9,71,0,80
2023-06-09T20:26:52,9,71,0,80
2023-06-09T20:38:56,9,71,0,80
2023-06-09T20:50:41,9,71,0,80
2023-06-09T21:02:26,9,71,0,80
2023-06-09T21:14:11,9,71,0,80
2023-06-09T21:25:57,9,71,0,80
2023-06-09T21:37:42,9,71,0,80
2023-06-09T21:49:27,9,71,0,80
2023-06-09T22:01:12,9,71,0,80
2023-06-09T22:12:58,9,71,0,80
2023-06-09T22:24:43,9,71,0,80
2023-06-09T22:36:28,9,71,0,80
2023-06-09T22:48:13,9,71,0,80
2023-06-09T23:00:10,9,71,0,80
2023-06-09T23:11:56,9,71,0,80
2023-06-09T23:23:42,9,71,0,80
2023-06-09T23:35:28,9,71,0,80
2023-06-09T23:47:14,9,71,0,80
2023-06-09T23:59:00,9,71,0,80
2023-06-10T00:10:47,9,71,0,80
2023-06-10T00:22:39,9,71,0,80
2023-06-10T00:34:27,9,71,0,80
2023-06-10T00:46:16,9,71,0,80
2023-06-10T00:58:25,9,71,0,80
2023-06-10T01:10:14,9,71,0,80
2023-06-10T01:22:03,9,71,0,80
2023-06-10T01:33:53,9,71,0,80
2023-06-10T01:45:43,9,71,0,80
2023-06-10T01:57:32,9,71,0,80
2023-06-10T02:09:21,9,71,0,80
2023-06-10T02:21:09,9,71,0,80
2023-06-10T02:32:56,9,71,0,80
2023-06-10T02:44:42,9,71,0,80
2023-06-10T02:56:27,9,71,0,80
2023-06-10T03:08:14,9,71,0,80
2023-06-10T03:20:01,9,71,0,80
2023-06-10T03:31:48,9,71,0,80
2023-06-10T03:43:35,9,71,0,80
2023-06-10T03:55:23,9,71,0,80
2023-06-10T04:07:13,9,71,0,80
2023-06-10T04:37:33,9,71,0,80
2023-06-10T04:50:58,9,71,0,80
2023-06-10T05:02:47,9,71,0,80
2023-06-10T05:14:37,9,71,0,80
2023-06-10T05:26:25,9,71,0,80
2023-06-10T05:38:13,9,71,0,80
2023-06-10T05:50:02,9,71,0,80
2023-06-10T06:01:51,9,71,0,80
2023-06-10T06:13:38,9,71,0,80
2023-06-10T06:25:26,9,71,0,80
2023-06-10T06:37:14,9,71,0,80
2023-06-10T06:49:03,9,71,0,80
2023-06-10T07:00:53,9,71,0,80
2023-06-10T07:12:41,9,71,0,80
2023-06-10T07:24:29,9,71,0,80
2023-06-10T07:36:17,9,71,0,80
2023-06-10T07:48:07,9,71,0,80
2023-06-10T07:59:55,9,71,0,80
2023-06-10T08:11:51,9,71,0,80
2023-06-10T08:23:39,9,71,0,80
2023-06-10T08:35:27,9,71,0,80
2023-06-10T08:47:16,9,71,0,80
2023-06-10T08:59:04,9,71,0,80
2023-06-10T09:10:52,9,71,0,80
2023-06-10T09:22:40,9,71,0,80
2023-06-10T09:34:27,9,71,0,80
2023-06-10T09:46:15,9,71,0,80
2023-06-10T09:58:03,9,71,0,80
2023-06-10T10:09:49,9,71,0,80
2023-06-10T10:21:35,9,71,0,80
2023-06-10T10:33:21,9,71,0,80
2023-06-10T10:45:08,9,71,0,80
2023-06-10T10:56:54,9,71,0,80
2023-06-10T11:08:51,9,71,0,80
2023-06-10T11:20:37,9,71,0,80
2023-06-10T11:32:21,9,71,0,80
2023-06-10T11:44:06,9,71,0,80
2023-06-10T11:55:51,9,71,0,80
2023-06-10T12:07:36,9,71,0,80
2023-06-10T12:19:21,9,71,0,80
2023-06-10T12:31:06,9,71,0,80
2023-06-10T12:42:50,9,71,0,80
2023-06-10T12:54:36,9,71,0,80
2023-06-10T13:06:20,9,71,0,80
2023-06-10T13:18:05,9,71,0,80
2023-06-10T13:30:00,9,71,0,80
2023-06-10T13:41:44,9,71,0,80
2023-06-10T13:53:29,9,71,0,80
2023-06-10T14:05:14,9,71,0,80
2023-06-10T14:16:59,9,71,0,80
2023-06-10T14:28:44,9,71,0,80
2023-06-10T14:40:29,9,71,0,80
2023-06-10T14:52:14,9,71,0,80
2023-06-10T15:03:59,9,71,0,80
2023-06-10T15:15:43,9,71,0,80
2023-06-10T15:27:28,9,71,0,80
2023-06-10T15:39:13,9,71,0,80
2023-06-10T15:50:58,9,71,0,80
2023-06-10T16:02:53,9,71,0,80
2023-06-10T16:14:38,9,71,0,80
2023-06-10T16:26:22,9,71,0,80
2023-06-10T16:38:07,9,71,0,80
2023-06-10T16:49:52,9,71,0,80
2023-06-10T17:01:37,9,71,0,80
2023-06-10T17:13:23,9,71,0,80
2023-06-10T17:25:08,9,71,0,80
2023-06-10T17:36:53,9,71,0,80
2023-06-10T17:48:39,9,71,0,80
2023-06-10T18:00:33,9,71,0,80
2023-06-10T18:12:19,9,71,0,80
2023-06-10T18:24:04,9,71,0,80
2023-06-10T18:35:49,9,71,0,80
2023-06-10T18:47:34,9,71,0,80
2023-06-10T18:59:19,9,71,0,80
2023-06-10T19:11:04,9,71,0,80
2023-06-10T19:22:49,9,71,0,80
2023-06-10T19:34:34,9,71,0,80
2023-06-10T19:46:19,9,71,0,80
2023-06-10T19:58:04,9,71,0,80
2023-06-10T20:09:49,9,71,0,80
2023-06-10T20:21:34,9,71,0,80
2023-06-10T20:33:19,9,71,0,80
2023-06-10T20:45:14,9,71,0,80
2023-06-10T20:56:59,9,71,0,80
2023-06-10T21:08:45,9,71,0,80
2023-06-10T21:20:29,9,71,0,80
2023-06-10T21:32:14,9,71,0,80
2023-06-10T21:43:59,9,71,0,80
2023-06-10T21:55:45,9,71,0,80
2023-06-10T22:07:30,9,71,0,80
2023-06-10T22:19:14,9,71,0,80
2023-06-10T22:31:00,9,71,0,80
2023-06-10T22:42:44,9,71,0,80
2023-06-10T22:54:29,9,71,0,80
2023-06-10T23:06:14,9,71,0,80
2023-06-10T23:18:00,9,71,0,80
2023-06-10T23:29:55,9,71,0,80
2023-06-10T23:41:40,9,71,0,80
2023-06-10T23:53:25,9,71,0,80
2023-06-11T00:05:11,9,71,0,80
2023-06-11T00:17:07,9,71,0,80
2023-06-11T00:28:55,9,71,0,80
2023-06-11T00:40:44,9,71,0,80
2023-06-11T00:52:32,9,71,0,80
2023-06-11T01:04:21,9,71,0,80
2023-06-11T01:16:07,9,71,0,80
2023-06-11T01:27:55,9,71,0,80
2023-06-11T01:39:43,9,71,0,80
2023-06-11T01:51:31,9,71,0,80
2023-06-11T02:03:20,9,71,0,80
2023-06-11T02:15:10,9,71,0,80
2023-06-11T02:26:57,9,71,0,80
2023-06-11T02:38:46,9,71,0,80
2023-06-11T02:50:33,9,71,0,80
2023-06-11T03:02:20,9,71,0,80
2023-06-11T03:14:09,9,71,0,80
2023-06-11T03:26:07,9,71,0,80
2023-06-11T03:37:55,9,71,0,80
2023-06-11T03:49:43,9,71,0,80
2023-06-11T04:01:32,9,71,0,80
2023-06-11T04:13:20,9,71,0,80
2023-06-11T04:39:28,9,71,0,80
2023-06-11T04:52:51,9,71,0,80
2023-06-11T05:04:42,9,71,0,80
2023-06-11T05:16:31,9,71,0,80
2023-06-11T05:28:18,9,71,0,80
2023-06-11T05:40:06,9,71,0,80
2023-06-11T05:51:55,9,71,0,80
2023-06-11T06:03:43,9,71,0,80
2023-06-11T06:15:31,9,71,0,80
2023-06-11T06:27:19,9,71,0,80
2023-06-11T06:39:08,9,71,0,80
2023-06-11T06:50:56,9,71,0,80
2023-06-11T07:02:43,9,71,0,80
2023-06-11T07:14:30,9,71,0,80
2023-06-11T07:26:16,9,71,0,80
2023-06-11T07:38:01,9,71,0,80
2023-06-11T07:49:46,9,71,0,80
2023-06-11T08:01:31,9,71,0,80
2023-06-11T08:13:18,9,71,0,80
2023-06-11T08:25:07,9,71,0,80
2023-06-11T08:36:53,9,71,0,80
2023-06-11T08:48:37,9,71,0,80
2023-06-11T09:00:23,9,71,0,80
2023-06-11T09:12:08,9,71,0,80
2023-06-11T09:23:53,9,71,0,80
2023-06-11T09:35:38,9,71,0,80
2023-06-11T09:47:31,9,71,0,80
2023-06-11T09:59:16,9,71,0,80
2023-06-11T10:11:01,9,71,0,80
2023-06-11T10:22:46,9,71,0,80
2023-06-11T10:34:31,9,71,0,80
2023-06-11T10:46:16,9,71,0,80
2023-06-11T10:58:02,9,71,0,80
2023-06-11T11:09:48,9,71,0,80
2023-06-11T11:21:34,9,71,0,80
2023-06-11T11:33:20,9,71,0,80
2023-06-11T11:45:07,9,71,0,80
2023-06-11T11:56:52,9,71,0,80
2023-06-11T12:08:39,9,71,0,80
2023-06-11T12:20:25,9,71,0,80
2023-06-11T12:32:20,9,71,0,80
2023-06-11T12:44:04,9,71,0,80
2023-06-11T12:55:50,9,71,0,80
2023-06-11T13:07:35,9,71,0,80
2023-06-11T13:19:20,9,71,0,80
2023-06-11T13:31:05,9,71,0,80
2023-06-11T13:42:51,9,71,0,80
2023-06-11T13:54:35,9,71,0,80
2023-06-11T14:06:20,9,71,0,80
2023-06-11T14:18:05,9,71,0,80
2023-06-11T14:29:49,9,71,0,80
2023-06-11T14:41:45,9,71,0,80
2023-06-11T14:53:30,9,71,0,80
2023-06-11T15:05:15,9,71,0,80
2023-06-11T15:16:59,9,71,0,80
2023-06-11T15:28:44,9,71,0,80
2023-06-11T15:40:28,9,71,0,80
2023-06-11T15:52:13,9,71,0,80
2023-06-11T16:03:58,9,71,0,80
2023-06-11T16:15:44,9,71,0,80
2023-06-11T16:27:30,9,71,0,80
2023-06-11T16:39:25,9,71,0,80
2023-06-11T16:51:10,9,71,0,80
2023-06-11T17:02:55,9,71,0,80
2023-06-11T17:14:40,9,71,0,80
2023-06-11T17:26:26,9,71,0,80
2023-06-11T17:38:11,9,71,0,80
2023-06-11T17:49:55,9,71,0,80
2023-06-11T18:01:40,9,71,0,80
2023-06-11T18:13:25,9,71,0,80
2023-06-11T18:25:10,9,71,0,80
2023-06-11T18:36:55,9,71,0,80
2023-06-11T18:48:49,9,71,0,80
2023-06-11T19:00:34,9,71,0,80
2023-06-11T19:12:22,9,71,0,80
2023-06-11T19:24:07,9,71,0,80
2023-06-11T19:35:52,9,71,0,80
2023-06-11T19:47:37,9,71,0,80
2023-06-11T19:59:22,9,71,0,80
2023-06-11T20:11:07,9,71,0,80
2023-06-11T20:22:51,9,71,0,80
2023-06-11T20:34:36,9,71,0,80
2023-06-11T20:46:31,9,71,0,80
2023-06-11T20:58:15,9,71,0,80
2023-06-11T21:10:01,9,71,0,80
2023-06-11T21:21:46,9,71,0,80
2023-06-11T21:33:32,9,71,0,80
2023-06-11T21:45:18,9,71,0,80
2023-06-11T21:57:04,9,71,0,80
2023-06-11T22:08:49,9,71,0,80
2023-06-11T22:20:33,9,71,0,80
2023-06-11T22:32:18,9,71,0,80
2023-06-11T22:44:04,9,71,0,80
2023-06-11T22:56:00,9,71,0,80
2023-06-11T23:07:46,9,71,0,80
2023-06-11T23:19:30,9,71,0,80
2023-06-11T23:31:16,9,71,0,80
2023-06-11T23:43:03,9,71,0,80
2023-06-11T23:54:49,9,71,0,80
2023-06-12T00:06:35,9,71,0,80
2023-06-12T00:18:26,9,71,0,80
2023-06-12T00:30:22,9,71,0,80
2023-06-12T00:42:24,9,71,0,80
2023-06-12T00:54:11,9,71,0,80
2023-06-12T01:05:59,9,71,0,80
2023-06-12T01:17:47,9,71,0,80
2023-06-12T01:29:36,9,71,0,80
2023-06-12T01:41:25,9,71,0,80
2023-06-12T01:53:13,9,71,0,80
2023-06-12T02:05:01,9,71,0,80
2023-06-12T02:16:48,9,71,0,80
2023-06-12T02:28:35,9,71,0,80
2023-06-12T02:40:23,9,71,0,80
2023-06-12T02:52:09,9,71,0,80
2023-06-12T03:03:56,9,71,0,80
2023-06-12T03:15:44,9,71,0,80
2023-06-12T03:27:32,9,71,0,80
2023-06-12T03:39:23,9,71,0,80
2023-06-12T03:51:12,9,71,0,80
2023-06-12T04:03:00,9,71,0,80
2023-06-12T04:14:49,9,71,0,80
2023-06-12T04:36:05,9,71,0,80
2023-06-12T04:49:14,9,71,0,80
2023-06-12T05:01:22,9,71,0,80
2023-06-12T05:13:17,9,71,0,80
2023-06-12T05:25:03,9,71,0,80
2023-06-12T05:36:48,9,71,0,80
2023-06-12T05:48:35,9,71,0,80
2023-06-12T06:00:26,9,71,0,80
2023-06-12T06:12:14,9,71,0,80
2023-06-12T06:24:03,9,71,0,80
2023-06-12T06:35:52,9,71,0,80
2023-06-12T06:47:40,9,71,0,80
2023-06-12T06:59:29,9,71,0,80
2023-06-12T07:11:20,9,71,0,80
2023-06-12T07:23:09,9,71,0,80
2023-06-12T07:34:55,9,71,0,80
2023-06-12T07:46:42,9,71,0,80
2023-06-12T07:58:29,9,71,0,80
2023-06-12T08:10:16,9,71,0,80
2023-06-12T08:22:03,9,71,0,80
2023-06-12T08:33:51,9,71,0,80
2023-06-12T08:45:37,9,71,0,80
2023-06-12T08:57:31,9,71,0,80
2023-06-12T09:09:17,9,71,0,80
2023-06-12T09:21:02,9,71,0,80
2023-06-12T09:32:47,9,71,0,80
2023-06-12T09:44:33,9,71,0,80
2023-06-12T09:56:18,9,71,0,80
2023-06-12T10:08:03,9,71,0,80
2023-06-12T10:19:49,9,71,0,80
2023-06-12T10:31:34,9,71,0,80
2023-06-12T10:43:19,9,71,0,80
2023-06-12T10:55:04,9,71,0,80
2023-06-12T11:07:00,9,71,0,80
2023-06-12T11:18:46,9,71,0,80
2023-06-12T11:30:31,9,71,0,80
2023-06-12T11:42:16,9,71,0,80
2023-06-12T11:54:01,9,71,0,80
2023-06-12T12:05:48,9,71,0,80
2023-06-12T12:17:34,9,71,0,80
2023-06-12T12:29:19,9,71,0,80
2023-06-12T12:41:16,9,71,0,80
2023-06-12T12:53:01,9,71,0,80
2023-06-12T13:04:46,9,71,0,80
2023-06-12T13:16:32,9,71,0,80
2023-06-12T13:28:18,9,71,0,80
2023-06-12T13:40:03,9,71,0,80
2023-06-12T13:51:49,9,71,0,80
2023-06-12T14:03:44,9,71,0,80
2023-06-12T14:15:29,9,71,0,80
2023-06-12T14:27:16,9,71,0,80
2023-06-12T14:39:00,9,71,0,80
2023-06-12T14:50:46,9,71,0,80
2023-06-12T15:02:31,9,71,0,80
2023-06-12T15:14:15,9,71,0,80
2023-06-12T15:26:02,9,71,0,80
2023-06-12T15:37:58,9,71,0,80
2023-06-12T15:49:43,9,71,0,80
2023-06-12T16:01:28,9,71,0,80
2023-06-12T16:13:14,9,71,0,80
2023-06-12T16:24:59,9,71,0,80
2023-06-12T16:36:44,9,71,0,80
2023-06-12T16:48:29,9,71,0,80
2023-06-12T17:00:25,9,71,0,80
2023-06-12T17:12:12,9,71,0,80
2023-06-12T17:23:58,9,71,0,80
2023-06-12T17:35:44,9,71,0,80
2023-06-12T17:47:29,9,71,0,80
2023-06-12T17:59:14,9,71,0,80
2023-06-12T18:10:59,9,71,0,80
2023-06-12T18:22:55,9,71,0,80
2023-06-12T18:34:40,9,71,0,80
2023-06-12T18:46:24,9,71,0,80
2023-06-12T18:58:09,9,71,0,80
2023-06-12T19:09:55,9,71,0,80
2023-06-12T19:21:40,9,71,0,80
2023-06-12T19:33:26,9,71,0,80
2023-06-12T19:45:11,9,71,0,80
2023-06-12T19:56:56,9,71,0,80
2023-06-12T20:08:52,9,71,0,80
2023-06-12T20:20:37,9,71,0,80
2023-06-12T20:32:22,9,71,0,80
2023-06-12T20:44:07,9,71,0,80
2023-06-12T20:55:52,9,71,0,80
2023-06-12T21:07:37,9,71,0,80
2023-06-12T21:19:33,9,71,0,80
2023-06-12T21:31:18,9,71,0,80
2023-06-12T21:43:04,9,71,0,80
2023-06-12T21:54:49,9,71,0,80
2023-06-12T22:06:35,9,71,0,80
2023-06-12T22:18:22,9,71,0,80
2023-06-12T22:30:07,9,71,0,80
2023-06-12T22:41:53,9,71,0,80
2023-06-12T22:53:38,9,71,0,80
2023-06-12T23:05:23,9,71,0,80
2023-06-12T23:17:20,9,71,0,80
2023-06-12T23:29:06,9,71,0,80
2023-06-12T23:40:52,9,71,0,80
2023-06-12T23:52:38,9,71,0,80
2023-06-13T00:04:25,9,71,0,80
2023-06-13T00:16:13,9,71,0,80
2023-06-13T00:28:04,9,71,0,80
2023-06-13T00:39:53,9,71,0,80
2023-06-13T00:51:41,9,71,0,80
2023-06-13T01:03:30,9,71,0,80
2023-06-13T01:15:20,9,71,0,80
2023-06-13T01:27:09,9,71,0,80
2023-06-13T01:38:57,9,71,0,80
2023-06-13T01:50:55,9,71,0,80
2023-06-13T02:02:43,9,71,0,80
2023-06-13T02:14:28,9,71,0,80
2023-06-13T02:26:13,9,71,0,80
2023-06-13T02:37:59,9,71,0,80
2023-06-13T02:49:45,9,71,0,80
2023-06-13T03:01:33,9,71,0,80
2023-06-13T03:13:22,9,71,0,80
2023-06-13T03:25:09,9,71,0,80
2023-06-13T03:36:56,9,71,0,80
2023-06-13T03:48:44,9,71,0,80
2023-06-13T04:00:32,9,71,0,80
2023-06-13T04:29:53,9,71,0,80
2023-06-13T04:43:05,9,71,0,80
2023-06-13T04:55:14,9,71,0,80
2023-06-13T05:07:02,9,71,0,80
2023-06-13T05:18:49,9,71,0,80
2023-06-13T05:30:50,9,71,0,80
2023-06-13T05:42:40,9,71,0,80
2023-06-13T05:54:29,9,71,0,80
2023-06-13T06:06:17,9,71,0,80
2023-06-13T06:18:06,9,71,0,80
2023-06-13T06:29:54,9,71,0,80
2023-06-13T06:41:42,9,71,0,80
2023-06-13T06:53:31,9,71,0,80
2023-06-13T07:05:19,9,71,0,80
2023-06-13T07:17:07,9,71,0,80
2023-06-13T07:28:54,9,71,0,80
2023-06-13T07:40:40,9,71,0,80
2023-06-13T07:52:27,9,71,0,80
2023-06-13T08:04:15,9,71,0,80
2023-06-13T08:16:03,9,71,0,80
2023-06-13T08:27:49,9,71,0,80
2023-06-13T08:39:36,9,71,0,80
2023-06-13T08:51:31,9,71,0,80
2023-06-13T09:03:19,9,71,0,80
2023-06-13T09:15:06,9,71,0,80
2023-06-13T09:26:54,9,71,0,80
2023-06-13T09:38:40,9,71,0,80
2023-06-13T09:50:28,9,71,0,80
2023-06-13T10:02:15,9,71,0,80
2023-06-13T10:14:02,9,71,0,80
2023-06-13T10:26:04,9,71,0,80
2023-06-13T10:37:51,9,71,0,80
2023-06-13T10:49:37,9,71,0,80
2023-06-13T11:01:23,9,71,0,80
2023-06-13T11:13:08,9,71,0,80
2023-06-13T11:24:55,9,71,0,80
2023-06-13T11:36:41,9,71,0,80
2023-06-13T11:48:27,9,71,0,80
2023-06-13T12:00:23,9,71,0,80
2023-06-13T12:12:10,9,71,0,80
2023-06-13T12:23:56,9,71,0,80
2023-06-13T12:35:42,9,71,0,80
2023-06-13T12:47:28,9,71,0,80
2023-06-13T12:59:14,9,71,0,80
2023-06-13T13:10:59,9,71,0,80
2023-06-13T13:22:45,9,71,0,80
2023-06-13T13:34:30,9,71,0,80
2023-06-13T13:46:29,9,71,0,80
2023-06-13T13:58:16,9,71,0,80
2023-06-13T14:10:03,9,71,0,80
2023-06-13T14:21:50,9,71,0,80
2023-06-13T14:33:38,9,71,0,80
2023-06-13T14:45:25,9,71,0,80
2023-06-13T14:57:13,9,71,0,80
2023-06-13T15:09:00,9,71,0,80
2023-06-13T15:21:00,9,71,0,80
2023-06-13T15:32:47,9,71,0,80
2023-06-13T15:44:34,9,71,0,80
2023-06-13T15:56:22,9,71,0,80
2023-06-13T16:08:09,9,71,0,80
2023-06-13T16:19:56,9,71,0,80
2023-06-13T16:31:43,9,71,0,80
2023-06-13T16:43:30,9,71,0,80
2023-06-13T16:55:28,9,71,0,80
2023-06-13T17:07:15,9,71,0,80
2023-06-13T17:19:03,9,71,0,80
2023-06-13T17:30:51,9,71,0,80
2023-06-13T17:42:39,9,71,0,80
2023-06-13T17:54:26,9,71,0,80
2023-06-13T18:06:13,9,71,0,80
2023-06-13T18:18:01,9,71,0,80
2023-06-13T18:29:48,9,71,0,80
2023-06-13T18:41:34,9,71,0,80
2023-06-13T18:53:31,9,71,0,80
2023-06-13T19:05:18,9,71,0,80
2023-06-13T19:17:06,10,70,0,80
2023-06-13T19:28:53,10,70,0,80
2023-06-13T19:40:40,10,70,0,80
2023-06-13T19:52:27,10,70,0,80
2023-06-13T20:04:15,10,70,0,80
2023-06-13T20:16:02,10,70,0,80
2023-06-13T20:27:49,10,70,0,80
2023-06-13T20:39:36,10,70,0,80
2023-06-13T20:51:35,10,70,0,80
2023-06-13T21:03:22,10,70,0,80
2023-06-13T21:15:09,10,70,0,80
2023-06-13T21:26:56,10,70,0,80
2023-06-13T21:38:43,10,70,0,80
2023-06-13T21:50:30,10,70,0,80
2023-06-13T22:02:18,10,70,0,80
2023-06-13T22:14:11,10,70,0,80
2023-06-13T22:25:58,10,70,0,80
2023-06-13T22:37:55,10,70,0,80
2023-06-13T22:49:42,10,70,0,80
2023-06-13T23:01:29,10,70,0,80
2023-06-13T23:13:18,10,70,0,80
2023-06-13T23:25:06,10,70,0,80
2023-06-13T23:36:54,10,70,0,80
2023-06-13T23:48:41,10,70,0,80
2023-06-14T00:00:29,10,70,0,80
2023-06-14T00:12:20,10,70,0,80
2023-06-14T00:24:11,10,70,0,80
2023-06-14T00:36:01,10,70,0,80
2023-06-14T00:47:52,10,70,0,80
2023-06-14T00:59:54,10,70,0,80
2023-06-14T01:11:46,10,70,0,80
2023-06-14T01:23:36,10,70,0,80
2023-06-14T01:35:28,10,70,0,80
2023-06-14T01:47:20,10,70,0,80
2023-06-14T01:59:13,10,70,0,80
2023-06-14T02:11:03,10,70,0,80
2023-06-14T02:22:53,10,70,0,80
2023-06-14T02:34:42,10,70,0,80
2023-06-14T02:46:32,10,70,0,80
2023-06-14T02:58:24,10,70,0,80
2023-06-14T03:10:14,10,70,0,80
2023-06-14T03:22:15,10,70,0,80
2023-06-14T03:34:08,10,70,0,80
2023-06-14T03:45:59,10,70,0,80
2023-06-14T03:57:50,10,70,0,80
2023-06-14T04:09:41,10,70,0,80
2023-06-14T04:38:32,10,70,0,80
2023-06-14T04:50:26,10,70,0,80
2023-06-14T05:02:17,10,70,0,80
2023-06-14T05:14:08,10,70,0,80
2023-06-14T05:25:59,10,70,0,80
2023-06-14T05:37:50,10,70,0,80
2023-06-14T05:49:41,10,70,0,80
2023-06-14T06:01:32,10,70,0,80
2023-06-14T06:13:23,10,70,0,80
2023-06-14T06:25:14,10,70,0,80
2023-06-14T06:37:09,10,70,0,80
2023-06-14T06:49:07,10,70,0,80
2023-06-14T07:00:57,10,70,0,80
2023-06-14T07:12:47,10,70,0,80
2023-06-14T07:24:50,10,70,0,80
2023-06-14T07:36:39,10,70,0,80
2023-06-14T07:48:28,10,70,0,80
2023-06-14T08:00:17,10,70,0,80
2023-06-14T08:12:07,10,70,0,80
2023-06-14T08:24:05,10,70,0,80
2023-06-14T08:35:55,10,70,0,80
2023-06-14T08:47:45,10,70,0,80
2023-06-14T08:59:33,10,70,0,80
2023-06-14T09:11:21,10,70,0,80
2023-06-14T09:23:10,10,70,0,80
2023-06-14T09:34:58,10,70,0,80
2023-06-14T09:46:46,10,70,0,80
2023-06-14T09:58:46,10,70,0,80
2023-06-14T10:10:36,10,70,0,80
2023-06-14T10:22:24,10,70,0,80
2023-06-14T10:34:14,10,70,0,80
2023-06-14T10:46:03,10,70,0,80
2023-06-14T10:57:52,10,70,0,80
2023-06-14T11:09:41,10,70,0,80
2023-06-14T11:21:31,10,70,0,80
2023-06-14T11:33:21,10,70,0,80
2023-06-14T11:45:22,10,70,0,80
2023-06-14T11:57:12,10,70,0,80
2023-06-14T12:09:00,10,70,0,80
2023-06-14T12:20:49,10,70,0,80
2023-06-14T12:32:37,10,70,0,80
2023-06-14T12:44:26,10,70,0,80
2023-06-14T12:56:14,10,70,0,80
2023-06-14T13:08:04,10,70,0,80
2023-06-14T13:20:04,10,70,0,80
2023-06-14T13:31:53,10,70,0,80
2023-06-14T13:43:49,10,70,0,80
2023-06-14T13:55:49,10,70,0,80
2023-06-14T14:07:54,10,70,0,80
2023-06-14T14:20:03,10,70,0,80
2023-06-14T14:32:18,10,70,0,80
2023-06-14T14:44:33,10,70,0,80
2023-06-14T14:57:00,10,70,0,80
2023-06-14T15:09:14,10,70,0,80
2023-06-14T15:21:29,10,70,0,80
2023-06-14T15:33:43,10,70,0,80
2023-06-14T15:45:58,10,70,0,80
2023-06-14T15:58:13,10,70,0,80
2023-06-14T16:10:30,10,70,0,80
2023-06-14T16:22:54,10,70,0,80
2023-06-14T16:35:09,10,70,0,80
2023-06-14T16:47:25,10,70,0,80
2023-06-14T16:59:39,10,70,0,80
2023-06-14T17:11:56,10,70,0,80
2023-06-14T17:24:11,10,70,0,80
2023-06-14T17:36:25,10,70,0,80
2023-06-14T17:48:51,10,70,0,80
2023-06-14T18:01:05,10,70,0,80
2023-06-14T18:13:20,10,70,0,80
2023-06-14T18:25:33,10,70,0,80
2023-06-14T18:37:47,10,70,0,80
2023-06-14T18:50:02,10,70,0,80
2023-06-14T19:02:16,10,70,0,80
2023-06-14T19:14:43,10,70,0,80
2023-06-14T19:26:56,10,70,0,80
2023-06-14T19:39:11,10,70,0,80
2023-06-14T19:51:24,10,70,0,80
2023-06-14T20:03:42,10,70,0,80
2023-06-14T20:15:56,10,70,0,80
2023-06-14T20:28:10,10,70,0,80
2023-06-14T20:40:24,10,70,0,80
2023-06-14T20:52:48,10,70,0,80
2023-06-14T21:05:03,10,70,0,80
2023-06-14T21:17:17,10,70,0,80
2023-06-14T21:29:30,10,70,0,80
2023-06-14T21:41:45,10,70,0,80
2023-06-14T21:53:59,10,70,0,80
2023-06-14T22:06:13,10,70,0,80
2023-06-14T22:18:27,10,70,0,80
2023-06-14T22:30:42,10,70,0,80
2023-06-14T22:43:06,10,70,0,80
2023-06-14T22:55:21,10,70,0,80
2023-06-14T23:07:37,10,70,0,80
2023-06-14T23:19:52,10,70,0,80
2023-06-14T23:32:06,10,70,0,80
2023-06-14T23:44:20,10,70,0,80
2023-06-14T23:56:35,10,70,0,80
2023-06-15T00:08:50,10,70,0,80
2023-06-15T00:21:11,10,70,0,80
2023-06-15T00:33:28,10,70,0,80
2023-06-15T00:45:48,10,70,0,80
2023-06-15T00:58:19,10,70,0,80
2023-06-15T01:10:37,10,70,0,80
2023-06-15T01:22:54,10,70,0,80
2023-06-15T01:35:11,10,70,0,80
2023-06-15T01:47:28,10,70,0,80
2023-06-15T01:59:46,10,70,0,80
2023-06-15T02:12:02,10,70,0,80
2023-06-15T02:24:19,10,70,0,80
2023-06-15T02:36:36,10,70,0,80
2023-06-15T02:48:51,10,70,0,80
2023-06-15T03:01:06,10,70,0,80
2023-06-15T03:13:34,10,70,0,80
2023-06-15T03:25:50,10,70,0,80
2023-06-15T03:38:07,10,70,0,80
2023-06-15T03:50:23,10,70,0,80
2023-06-15T04:02:41,10,70,0,80
2023-06-15T04:31:03,10,70,0,80
2023-06-15T04:43:23,10,70,0,80
2023-06-15T04:57:20,10,70,0,80
2023-06-15T05:09:39,10,70,0,80
2023-06-15T05:21:58,10,70,0,80
2023-06-15T05:34:16,10,70,0,80
2023-06-15T05:46:34,10,70,0,80
2023-06-15T05:58:52,10,70,0,80
2023-06-15T06:11:09,10,70,0,80
2023-06-15T06:23:26,10,70,0,80
2023-06-15T06:35:42,10,70,0,80
2023-06-15T06:47:59,10,70,0,80
2023-06-15T07:00:15,10,70,0,80
2023-06-15T07:12:32,10,70,0,80
2023-06-15T07:24:50,10,70,0,80
2023-06-15T07:37:16,10,70,0,80
2023-06-15T07:49:32,10,70,0,80
2023-06-15T08:01:48,10,70,0,80
2023-06-15T08:14:04,10,70,0,80
2023-06-15T08:26:21,10,70,0,80
2023-06-15T08:38:37,10,70,0,80
2023-06-15T08:50:52,10,70,0,80
2023-06-15T09:03:09,10,70,0,80
2023-06-15T09:15:24,10,70,0,80
2023-06-15T09:27:40,10,70,0,80
2023-06-15T09:39:55,10,70,0,80
2023-06-15T09:52:11,10,70,0,80
2023-06-15T10:04:35,10,70,0,80
2023-06-15T10:16:49,10,70,0,80
2023-06-15T10:29:03,10,70,0,80
2023-06-15T10:41:17,10,70,0,80
2023-06-15T10:53:31,10,70,0,80
2023-06-15T11:05:45,10,70,0,80
2023-06-15T11:17:59,10,70,0,80
2023-06-15T11:30:13,10,70,0,80
2023-06-15T11:42:39,10,70,0,80
2023-06-15T11:54:52,10,70,0,80
2023-06-15T12:07:10,10,70,0,80
2023-06-15T12:19:24,10,70,0,80
2023-06-15T12:31:39,10,70,0,80
2023-06-15T12:43:54,10,70,0,80
2023-06-15T12:56:08,10,70,0,80
2023-06-15T13:08:21,10,70,0,80
2023-06-15T13:20:46,10,70,0,80
2023-06-15T13:33:00,10,70,0,80
2023-06-15T13:45:15,10,70,0,80
2023-06-15T13:57:29,10,70,0,80
2023-06-15T14:09:44,10,70,0,80
2023-06-15T14:21:58,10,70,0,80
2023-06-15T14:34:24,10,70,0,80
2023-06-15T14:46:38,10,70,0,80
2023-06-15T14:58:52,10,70,0,80
2023-06-15T15:11:06,10,70,0,80
2023-06-15T15:23:20,10,70,0,80
2023-06-15T15:35:34,10,70,0,80
2023-06-15T15:47:48,10,70,0,80
2023-06-15T16:00:03,10,70,0,80
2023-06-15T16:12:28,10,70,0,80
2023-06-15T16:24:42,10,70,0,80
2023-06-15T16:36:56,10,70,0,80
2023-06-15T16:49:10,10,70,0,80
2023-06-15T17:01:23,10,70,0,80
2023-06-15T17:13:38,10,70,0,80
2023-06-15T17:25:52,10,70,0,80
2023-06-15T17:38:07,10,70,0,80
2023-06-15T17:50:31,10,70,0,80
2023-06-15T18:02:45,10,70,0,80
2023-06-15T18:15:00,10,70,0,80
2023-06-15T18:27:14,10,70,0,80
2023-06-15T18:39:29,10,70,0,80
2023-06-15T18:51:43,10,70,0,80
2023-06-15T19:03:58,10,70,0,80
2023-06-15T19:16:12,10,70,0,80
2023-06-15T19:28:26,10,70,0,80
2023-06-15T19:40:52,10,70,0,80
2023-06-15T19:53:06,10,70,0,80
2023-06-15T20:05:21,10,70,0,80
2023-06-15T20:17:35,10,70,0,80
2023-06-15T20:29:49,10,70,0,80
2023-06-15T20:42:03,10,70,0,80
2023-06-15T20:54:17,10,70,0,80
2023-06-15T21:06:42,10,70,0,80
2023-06-15T21:18:57,10,70,0,80
2023-06-15T21:31:12,10,70,0,80
2023-06-15T21:43:27,10,70,0,80
2023-06-15T21:55:41,10,70,0,80
2023-06-15T22:07:55,10,70,0,80
2023-06-15T22:20:10,10,70,0,80
2023-06-15T22:32:25,10,70,0,80
2023-06-15T22:44:39,10,70,0,80
2023-06-15T22:56:53,10,70,0,80
2023-06-15T23:09:20,10,70,0,80
2023-06-15T23:21:34,10,70,0,80
2023-06-15T23:33:51,10,70,0,80
2023-06-15T23:46:05,10,70,0,80
2023-06-15T23:58:20,10,70,0,80
2023-06-16T00:10:36,10,70,0,80
2023-06-16T00:22:52,10,70,0,80
2023-06-16T00:35:06,10,70,0,80
2023-06-16T00:47:20,10,70,0,80
2023-06-16T00:59:34,10,70,0,80
2023-06-16T01:11:50,10,70,0,80
2023-06-16T01:24:16,10,70,0,80
2023-06-16T01:36:30,10,70,0,80
2023-06-16T01:48:45,10,70,0,80
2023-06-16T02:00:58,10,70,0,80
2023-06-16T02:13:16,10,70,0,80
2023-06-16T02:25:31,10,70,0,80
2023-06-16T02:37:46,10,70,0,80
2023-06-16T02:50:02,10,70,0,80
2023-06-16T03:02:18,10,70,0,80
2023-06-16T03:14:35,10,70,0,80
2023-06-16T03:26:54,10,70,0,80
2023-06-16T03:39:13,10,70,0,80
2023-06-16T03:51:29,10,70,0,80
2023-06-16T04:03:47,10,70,0,80
2023-06-16T04:27:01,10,70,0,80
2023-06-16T04:39:21,10,70,0,80
2023-06-16T04:53:07,10,70,0,80
2023-06-16T05:05:46,10,70,0,80
2023-06-16T05:18:04,10,70,0,80
2023-06-16T05:30:22,10,70,0,80
2023-06-16T05:42:40,10,70,0,80
2023-06-16T05:54:59,10,70,0,80
2023-06-16T06:07:17,10,70,0,80
2023-06-16T06:19:34,10,70,0,80
2023-06-16T06:31:52,10,70,0,80
2023-06-16T06:44:09,10,70,0,80
2023-06-16T06:56:27,10,70,0,80
2023-06-16T07:08:44,10,70,0,80
2023-06-16T07:21:00,10,70,0,80
2023-06-16T07:33:16,10,70,0,80
2023-06-16T07:45:31,10,70,0,80
2023-06-16T07:57:47,10,70,0,80
2023-06-16T08:10:04,10,70,0,80
2023-06-16T08:22:30,10,70,0,80
2023-06-16T08:34:48,10,70,0,80
2023-06-16T08:47:05,10,70,0,80
2023-06-16T08:59:23,10,70,0,80
2023-06-16T09:11:40,10,70,0,80
2023-06-16T09:23:56,10,70,0,80
2023-06-16T09:36:12,10,70,0,80
2023-06-16T09:48:26,10,70,0,80
2023-06-16T10:00:42,10,70,0,80
2023-06-16T10:12:58,10,70,0,80
2023-06-16T10:25:27,10,70,0,80
2023-06-16T11:10:02,10,70,0,80
2023-06-16T11:22:18,10,70,0,80
2023-06-16T11:34:34,10,70,0,80
2023-06-16T11:46:49,10,70,0,80
2023-06-16T11:59:04,10,70,0,80
2023-06-16T12:11:30,10,70,0,80
2023-06-16T12:23:46,10,70,0,80
2023-06-16T12:36:01,10,70,0,80
2023-06-16T12:48:17,10,70,0,80
2023-06-16T13:00:32,10,70,0,80
2023-06-16T13:12:47,10,70,0,80
2023-06-16T13:25:03,10,70,0,80
2023-06-16T13:37:18,10,70,0,80
2023-06-16T13:49:45,10,70,0,80
2023-06-16T14:02:00,10,70,0,80
2023-06-16T14:14:16,10,70,0,80
2023-06-16T14:26:31,10,70,0,80
2023-06-16T14:38:46,10,70,0,80
2023-06-16T14:51:02,10,70,0,80
2023-06-16T15:03:17,10,70,0,80
2023-06-16T15:15:32,10,70,0,80
2023-06-16T15:28:00,10,70,0,80
2023-06-16T15:40:15,10,70,0,80
2023-06-16T15:52:31,10,70,0,80
2023-06-16T16:04:47,10,70,0,80
2023-06-16T16:17:03,10,70,0,80
2023-06-16T16:29:18,10,70,0,80
2023-06-16T16:41:34,10,70,0,80
2023-06-16T16:53:49,10,70,0,80
2023-06-16T17:06:04,10,70,0,80
2023-06-16T17:18:31,10,70,0,80
2023-06-16T17:30:46,10,70,0,80
2023-06-16T17:43:02,10,70,0,80
2023-06-16T17:55:17,10,70,0,80
2023-06-16T18:07:32,10,70,0,80
2023-06-16T18:19:48,10,70,0,80
2023-06-16T18:32:04,10,70,0,80
2023-06-16T18:44:20,10,70,0,80
2023-06-16T18:56:35,10,70,0,80
2023-06-16T19:08:51,10,70,0,80
2023-06-16T19:21:19,10,70,0,80
2023-06-16T19:33:35,10,70,0,80
2023-06-16T19:45:51,10,70,0,80
2023-06-16T19:58:06,10,70,0,80
2023-06-16T20:10:23,10,70,0,80
2023-06-16T20:22:38,10,70,0,80
2023-06-16T20:34:54,10,70,0,80
2023-06-16T20:47:10,10,70,0,80
2023-06-16T20:59:25,10,70,0,80
2023-06-16T21:11:41,10,70,0,80
2023-06-16T21:24:07,10,70,0,80
2023-06-16T21:36:23,10,70,0,80
2023-06-16T21:48:39,10,70,0,80
2023-06-16T22:00:54,10,70,0,80
2023-06-16T22:13:10,10,70,0,80
2023-06-16T22:25:25,10,70,0,80
2023-06-16T22:37:41,10,70,0,80
2023-06-16T22:49:55,10,70,0,80
2023-06-16T23:02:12,10,70,0,80
2023-06-16T23:14:40,10,70,0,80
2023-06-16T23:26:56,10,70,0,80
2023-06-16T23:39:12,10,70,0,80
2023-06-16T23:51:28,10,70,0,80
2023-06-17T00:03:45,10,70,0,80
2023-06-17T00:16:09,10,70,0,80
2023-06-17T00:28:29,10,70,0,80
2023-06-17T00:40:49,10,70,0,80
2023-06-17T00:53:08,10,70,0,80
2023-06-17T01:05:27,10,70,0,80
2023-06-17T01:17:47,10,70,0,80
2023-06-17T01:30:06,10,70,0,80
2023-06-17T01:42:25,10,70,0,80
2023-06-17T01:54:44,10,70,0,80
2023-06-17T02:07:14,10,70,0,80
2023-06-17T02:19:35,10,70,0,80
2023-06-17T02:31:53,10,70,0,80
2023-06-17T02:44:11,10,70,0,80
2023-06-17T02:56:27,10,70,0,80
2023-06-17T03:08:43,10,70,0,80
2023-06-17T03:21:01,10,70,0,80
2023-06-17T03:33:19,10,70,0,80
2023-06-17T03:45:37,10,70,0,80
2023-06-17T03:57:55,10,70,0,80
2023-06-17T04:10:14,10,70,0,80
2023-06-17T04:39:05,10,70,0,80
2023-06-17T04:52:57,10,70,0,80
2023-06-17T05:05:18,10,70,0,80
2023-06-17T05:17:34,10,70,0,80
2023-06-17T05:29:50,10,70,0,80
2023-06-17T05:42:26,10,70,0,80
2023-06-17T05:54:44,10,70,0,80
2023-06-17T06:07:06,10,70,0,80
2023-06-17T06:19:25,10,70,0,80
2023-06-17T06:31:43,10,70,0,80
2023-06-17T06:44:02,10,70,0,80
2023-06-17T06:56:21,10,70,0,80
2023-06-17T07:08:40,10,70,0,80
2023-06-17T07:20:59,10,70,0,80
2023-06-17T07:33:17,10,70,0,80
2023-06-17T07:45:48,10,70,0,80
2023-06-17T07:58:06,10,70,0,80
2023-06-17T08:10:25,10,70,0,80
2023-06-17T08:22:43,10,70,0,80
2023-06-17T08:35:03,10,70,0,80
2023-06-17T08:47:21,10,70,0,80
2023-06-17T08:59:40,10,70,0,80
2023-06-17T09:11:58,10,70,0,80
2023-06-17T09:24:18,10,70,0,80
2023-06-17T09:36:36,10,70,0,80
2023-06-17T09:48:54,10,70,0,80
2023-06-17T10:01:23,10,70,0,80
2023-06-17T10:13:42,10,70,0,80
2023-06-17T10:26:00,10,70,0,80
2023-06-17T10:38:19,10,70,0,80
2023-06-17T10:50:37,10,70,0,80
2023-06-17T11:02:55,10,70,0,80
2023-06-17T11:15:14,10,70,0,80
2023-06-17T11:27:32,10,70,0,80
2023-06-17T11:39:49,10,70,0,80
2023-06-17T11:52:18,10,70,0,80
2023-06-17T12:04:35,10,70,0,80
2023-06-17T12:16:51,10,70,0,80
2023-06-17T12:29:06,10,70,0,80
2023-06-17T12:41:21,10,70,0,80
2023-06-17T12:53:36,10,70,0,80
2023-06-17T13:05:52,10,70,0,80
2023-06-17T13:18:07,10,70,0,80
2023-06-17T13:30:41,10,70,0,80
2023-06-17T13:42:58,10,70,0,80
2023-06-17T13:55:14,10,70,0,80
2023-06-17T14:07:29,10,70,0,80
2023-06-17T14:19:45,10,70,0,80
2023-06-17T14:32:01,10,70,0,80
2023-06-17T14:44:16,10,70,0,80
2023-06-17T14:56:32,10,70,0,80
2023-06-17T15:08:47,10,70,0,80
2023-06-17T15:21:02,10,70,0,80
2023-06-17T15:33:17,10,70,0,80
2023-06-17T15:45:42,10,70,0,80
2023-06-17T15:57:57,10,70,0,80
2023-06-17T16:10:12,10,70,0,80
2023-06-17T16:22:27,10,70,0,80
2023-06-17T16:34:43,10,70,0,80
2023-06-17T16:46:58,10,70,0,80
2023-06-17T16:59:13,10,70,0,80
2023-06-17T17:11:29,10,70,0,80
2023-06-17T17:23:44,10,70,0,80
2023-06-17T17:36:00,10,70,0,80
2023-06-17T17:48:15,10,70,0,80
2023-06-17T18:00:41,10,70,0,80
2023-06-17T18:12:56,10,70,0,80
2023-06-17T18:25:12,10,70,0,80
2023-06-17T18:37:27,10,70,0,80
2023-06-17T18:49:43,10,70,0,80
2023-06-17T19:01:59,10,70,0,80
2023-06-17T19:14:14,10,70,0,80
2023-06-17T19:26:29,10,70,0,80
2023-06-17T19:38:45,10,70,0,80
2023-06-17T19:51:00,10,70,0,80
2023-06-17T20:03:16,10,70,0,80
2023-06-17T20:15:31,10,70,0,80
2023-06-17T20:27:46,10,70,0,80
2023-06-17T20:40:12,10,70,0,80
2023-06-17T20:52:27,10,70,0,80
2023-06-17T21:04:42,10,70,0,80
2023-06-17T21:16:58,10,70,0,80
2023-06-17T21:29:13,10,70,0,80
2023-06-17T21:41:29,10,70,0,80
2023-06-17T21:53:44,10,70,0,80
2023-06-17T22:05:59,10,70,0,80
2023-06-17T22:18:15,10,70,0,80
2023-06-17T22:30:31,10,70,0,80
2023-06-17T22:42:46,10,70,0,80
2023-06-17T22:55:02,10,70,0,80
2023-06-17T23:07:30,10,70,0,80
2023-06-17T23:19:46,10,70,0,80
2023-06-17T23:32:02,10,70,0,80
2023-06-17T23:44:18,10,70,0,80
2023-06-17T23:56:34,10,70,0,80
2023-06-18T00:08:51,10,70,0,80
2023-06-18T00:21:09,10,70,0,80
2023-06-18T00:33:25,10,70,0,80
2023-06-18T00:45:41,10,70,0,80
2023-06-18T01:27:24,10,70,0,80
2023-06-18T01:39:44,10,70,0,80
2023-06-18T01:52:03,10,70,0,80
2023-06-18T02:04:23,10,70,0,80
2023-06-18T02:17:29,10,70,0,80
2023-06-18T02:29:47,10,70,0,80
2023-06-18T02:42:06,10,70,0,80
2023-06-18T02:54:25,10,70,0,80
2023-06-18T03:06:46,10,70,0,80
2023-06-18T03:19:06,10,70,0,80
2023-06-18T03:31:35,10,70,0,80
2023-06-18T03:43:54,10,70,0,80
2023-06-18T03:56:12,10,70,0,80
2023-06-18T04:08:30,10,70,0,80
2023-06-18T04:40:16,10,70,0,80
2023-06-18T04:52:37,10,70,0,80
2023-06-18T05:04:58,10,70,0,80
2023-06-18T05:17:17,10,70,0,80
2023-06-18T05:29:36,10,70,0,80
2023-06-18T05:41:55,10,70,0,80
2023-06-18T05:54:13,10,70,0,80
2023-06-18T06:06:32,10,70,0,80
2023-06-18T06:18:51,10,70,0,80
2023-06-18T06:31:10,10,70,0,80
2023-06-18T06:43:27,10,70,0,80
2023-06-18T06:55:47,10,70,0,80
2023-06-18T07:08:05,10,70,0,80
2023-06-18T07:20:23,10,70,0,80
2023-06-18T07:32:40,10,70,0,80
2023-06-18T07:44:57,10,70,0,80
2023-06-18T07:57:15,10,70,0,80
2023-06-18T08:09:33,10,70,0,80
2023-06-18T08:21:48,10,70,0,80
2023-06-18T08:34:04,10,70,0,80
2023-06-18T08:46:20,10,70,0,80
2023-06-18T08:58:49,10,70,0,80
2023-06-18T09:11:04,10,70,0,80
2023-06-18T09:23:20,10,70,0,80
2023-06-18T09:35:34,10,70,0,80
2023-06-18T09:47:49,10,70,0,80
2023-06-18T10:00:05,10,70,0,80
2023-06-18T10:12:25,10,70,0,80
2023-06-18T10:24:42,10,70,0,80
2023-06-18T10:36:58,10,70,0,80
2023-06-18T10:49:14,10,70,0,80
2023-06-18T11:01:31,10,70,0,80
2023-06-18T11:13:50,10,70,0,80
2023-06-18T11:26:09,10,70,0,80
2023-06-18T11:38:36,10,70,0,80
2023-06-18T11:50:54,10,70,0,80
2023-06-18T12:03:08,10,70,0,80
2023-06-18T12:15:24,10,70,0,80
2023-06-18T12:27:38,10,70,0,80
2023-06-18T12:39:53,10,70,0,80
2023-06-18T12:52:09,10,70,0,80
2023-06-18T13:04:40,10,70,0,80
2023-06-18T13:16:55,10,70,0,80
2023-06-18T13:29:10,10,70,0,80
2023-06-18T13:41:25,10,70,0,80
2023-06-18T13:53:40,10,70,0,80
2023-06-18T14:05:56,10,70,0,80
2023-06-18T14:18:11,10,70,0,80
2023-06-18T14:30:25,10,70,0,80
2023-06-18T14:42:40,10,70,0,80
2023-06-18T14:55:05,10,70,0,80
2023-06-18T15:07:19,10,70,0,80
2023-06-18T15:19:34,10,70,0,80
2023-06-18T15:31:50,10,70,0,80
2023-06-18T15:44:05,10,70,0,80
2023-06-18T15:56:21,10,70,0,80
2023-06-18T16:08:36,10,70,0,80
2023-06-18T16:20:51,10,70,0,80
2023-06-18T16:33:07,10,70,0,80
2023-06-18T16:45:33,10,70,0,80
2023-06-18T16:57:48,10,70,0,80
2023-06-18T17:10:03,10,70,0,80
2023-06-18T17:22:18,10,70,0,80
2023-06-18T17:34:34,10,70,0,80
2023-06-18T17:46:49,10,70,0,80
2023-06-18T17:59:03,10,70,0,80
2023-06-18T18:11:19,10,70,0,80
2023-06-18T18:23:34,10,70,0,80
2023-06-18T18:36:00,10,70,0,80
2023-06-18T18:48:14,10,70,0,80
2023-06-18T19:00:29,10,70,0,80
2023-06-18T19:12:47,10,70,0,80
2023-06-18T19:25:02,10,70,0,80
2023-06-18T19:37:17,10,70,0,80
2023-06-18T19:49:32,10,70,0,80
2023-06-18T20:01:47,10,70,0,80
2023-06-18T20:14:02,10,70,0,80
2023-06-18T20:26:28,10,70,0,80
2023-06-18T20:38:43,10,70,0,80
2023-06-18T20:50:58,10,70,0,80
2023-06-18T21:03:13,10,70,0,80
2023-06-18T21:15:28,10,70,0,80
2023-06-18T21:27:44,10,70,0,80
2023-06-18T21:40:00,10,70,0,80
2023-06-18T21:52:16,10,70,0,80
2023-06-18T22:04:41,10,70,0,80
2023-06-18T22:16:56,10,70,0,80
2023-06-18T22:29:12,10,70,0,80
2023-06-18T22:41:27,10,70,0,80
2023-06-18T22:53:42,10,70,0,80
2023-06-18T23:05:59,10,70,0,80
2023-06-18T23:18:15,10,70,0,80
2023-06-18T23:30:31,10,70,0,80
2023-06-18T23:43:07,10,70,0,80
2023-06-18T23:55:23,10,70,0,80
2023-06-19T00:07:43,10,70,0,80
2023-06-19T00:20:11,10,70,0,80
2023-06-19T00:32:41,10,70,0,80
2023-06-19T00:45:16,10,70,0,80
2023-06-19T00:57:36,10,70,0,80
2023-06-19T01:09:57,10,70,0,80
2023-06-19T01:22:18,10,70,0,80
2023-06-19T01:34:48,10,70,0,80
2023-06-19T01:47:08,10,70,0,80
2023-06-19T01:59:27,10,70,0,80
2023-06-19T02:11:56,10,70,0,80
2023-06-19T02:24:14,10,70,0,80
2023-06-19T02:36:32,10,70,0,80
2023-06-19T02:48:49,10,70,0,80
2023-06-19T03:01:05,10,70,0,80
2023-06-19T03:13:25,10,70,0,80
2023-06-19T03:25:43,10,70,0,80
2023-06-19T03:38:01,10,70,0,80
2023-06-19T03:50:19,10,70,0,80
2023-06-19T04:02:58,10,70,0,80
2023-06-19T04:31:46,10,70,0,80
2023-06-19T04:45:29,10,70,0,80
2023-06-19T04:58:08,10,70,0,80
2023-06-19T05:10:30,10,70,0,80
2023-06-19T05:22:48,10,70,0,80
2023-06-19T05:35:08,10,70,0,80
2023-06-19T05:47:27,10,70,0,80
2023-06-19T05:59:49,10,70,0,80
2023-06-19T06:12:08,10,70,0,80
2023-06-19T06:24:27,10,70,0,80
2023-06-19T06:36:46,10,70,0,80
2023-06-19T06:49:05,10,70,0,80
2023-06-19T07:01:23,10,70,0,80
2023-06-19T07:13:42,10,70,0,80
2023-06-19T07:25:59,10,70,0,80
2023-06-19T07:38:15,10,70,0,80
2023-06-19T07:50:29,10,70,0,80
2023-06-19T08:02:56,10,70,0,80
2023-06-19T08:15:12,10,70,0,80
2023-06-19T08:27:28,10,70,0,80
2023-06-19T08:39:44,10,70,0,80
2023-06-19T08:51:59,10,70,0,80
2023-06-19T09:04:15,10,70,0,80
2023-06-19T09:16:30,10,70,0,80
2023-06-19T09:28:46,10,70,0,80
2023-06-19T09:41:03,10,70,0,80
2023-06-19T09:53:28,10,70,0,80
2023-06-19T10:05:43,10,70,0,80
2023-06-19T10:17:59,10,70,0,80
2023-06-19T10:30:15,10,70,0,80
2023-06-19T10:42:33,10,70,0,80
2023-06-19T10:54:49,10,70,0,80
2023-06-19T11:07:05,10,70,0,80
2023-06-19T11:19:30,10,70,0,80
2023-06-19T11:31:45,10,70,0,80
2023-06-19T11:44:00,10,70,0,80
2023-06-19T11:56:16,10,70,0,80
2023-06-19T12:08:32,10,70,0,80
2023-06-19T12:20:48,10,70,0,80
2023-06-19T12:33:04,10,70,0,80
2023-06-19T12:45:30,10,70,0,80
2023-06-19T12:57:46,10,70,0,80
2023-06-19T13:10:01,10,70,0,80
2023-06-19T13:22:18,10,70,0,80
2023-06-19T13:34:33,10,70,0,80
2023-06-19T13:46:49,10,70,0,80
2023-06-19T13:59:16,10,70,0,80
2023-06-19T14:11:32,10,70,0,80
2023-06-19T14:23:49,10,70,0,80
2023-06-19T14:36:05,10,70,0,80
2023-06-19T14:48:20,10,70,0,80
2023-06-19T15:00:38,10,70,0,80
2023-06-19T15:13:04,10,70,0,80
2023-06-19T15:25:20,10,70,0,80
2023-06-19T15:37:36,10,70,0,80
2023-06-19T15:49:52,10,70,0,80
2023-06-19T16:02:07,10,70,0,80
2023-06-19T16:14:22,10,70,0,80
2023-06-19T16:26:37,10,70,0,80
2023-06-19T16:39:03,10,70,0,80
2023-06-19T16:51:20,10,70,0,80
2023-06-19T17:03:36,10,70,0,80
2023-06-19T17:15:53,10,70,0,80
2023-06-19T17:28:08,10,70,0,80
2023-06-19T17:40:26,10,70,0,80
2023-06-19T17:52:41,10,70,0,80
2023-06-19T18:05:07,10,70,0,80
2023-06-19T18:17:22,10,70,0,80
2023-06-19T18:29:38,10,70,0,80
2023-06-19T18:41:54,10,70,0,80
2023-06-19T18:54:10,10,70,0,80
2023-06-19T19:06:26,10,70,0,80
2023-06-19T19:18:47,10,70,0,80
2023-06-19T19:31:02,10,70,0,80
2023-06-19T19:43:28,10,70,0,80
2023-06-19T19:55:44,10,70,0,80
2023-06-19T20:08:00,10,70,0,80
2023-06-19T20:20:15,10,70,0,80
2023-06-19T20:32:30,10,70,0,80
2023-06-19T20:44:46,10,70,0,80
2023-06-19T20:57:01,10,70,0,80
2023-06-19T21:09:28,10,70,0,80
2023-06-19T21:21:43,10,70,0,80
2023-06-19T21:34:00,10,70,0,80
2023-06-19T21:46:16,10,70,0,80
2023-06-19T21:58:32,10,70,0,80
2023-06-19T22:10:48,10,70,0,80
2023-06-19T22:23:15,10,70,0,80
2023-06-19T22:35:30,10,70,0,80
2023-06-19T22:47:46,10,70,0,80
2023-06-19T23:00:02,10,70,0,80
2023-06-19T23:12:19,10,70,0,80
2023-06-19T23:24:35,10,70,0,80
2023-06-19T23:37:03,10,70,0,80
2023-06-19T23:49:19,10,70,0,80
2023-06-20T00:01:36,10,70,0,80
2023-06-20T00:13:55,10,70,0,80
2023-06-20T00:26:15,10,70,0,80
2023-06-20T00:38:33,10,70,0,80
2023-06-20T00:50:52,10,70,0,80
2023-06-20T01:03:22,10,70,0,80
2023-06-20T01:15:42,10,70,0,80
2023-06-20T01:28:02,10,70,0,80
2023-06-20T01:40:22,10,70,0,80
2023-06-20T01:52:39,10,70,0,80
2023-06-20T02:05:26,10,70,0,80
2023-06-20T02:17:45,10,70,0,80
2023-06-20T02:30:03,10,70,0,80
2023-06-20T02:42:21,10,70,0,80
2023-06-20T02:54:38,10,70,0,80
2023-06-20T03:06:55,10,70,0,80
2023-06-20T03:19:14,10,70,0,80
2023-06-20T03:31:33,10,70,0,80
2023-06-20T03:43:50,10,70,0,80
2023-06-20T03:56:20,10,70,0,80
2023-06-20T04:08:39,10,70,0,80
2023-06-20T04:38:38,10,70,0,80
2023-06-20T04:51:00,10,70,0,80
2023-06-20T05:03:22,10,70,0,80
2023-06-20T05:15:41,10,70,0,80
2023-06-20T05:28:00,10,70,0,80
2023-06-20T05:40:19,10,70,0,80
2023-06-20T05:52:39,10,70,0,80
2023-06-20T06:04:59,10,70,0,80
2023-06-20T06:17:17,10,70,0,80
2023-06-20T06:29:37,10,70,0,80
2023-06-20T06:41:55,10,70,0,80
2023-06-20T06:54:13,10,70,0,80
2023-06-20T07:06:32,10,70,0,80
2023-06-20T07:18:49,10,70,0,80
2023-06-20T07:31:06,10,70,0,80
2023-06-20T07:43:31,10,70,0,80
2023-06-20T07:55:46,10,70,0,80
2023-06-20T08:08:02,10,70,0,80
2023-06-20T08:20:19,10,70,0,80
2023-06-20T08:32:36,10,70,0,80
2023-06-20T08:44:53,10,70,0,80
2023-06-20T08:57:12,10,70,0,80
2023-06-20T09:09:29,10,70,0,80
2023-06-20T09:21:56,10,70,0,80
2023-06-20T09:34:12,10,70,0,80
2023-06-20T09:46:28,10,70,0,80
2023-06-20T09:58:43,10,70,0,80
2023-06-20T10:11:00,10,70,0,80
2023-06-20T10:23:16,10,70,0,80
2023-06-20T10:35:43,10,70,0,80
2023-06-20T10:48:01,10,70,0,80
2023-06-20T11:00:17,10,70,0,80
2023-06-20T11:12:33,10,70,0,80
2023-06-20T11:24:49,10,70,0,80
2023-06-20T11:37:18,10,70,0,80
2023-06-20T11:49:33,10,70,0,80
2023-06-20T12:01:50,10,70,0,80
2023-06-20T12:14:07,10,70,0,80
2023-06-20T12:26:24,10,70,0,80
2023-06-20T12:38:51,10,70,0,80
2023-06-20T12:51:08,10,70,0,80
2023-06-20T13:03:24,10,70,0,80
2023-06-20T13:15:40,10,70,0,80
2023-06-20T13:28:07,10,70,0,80
2023-06-20T13:40:23,10,70,0,80
2023-06-20T13:52:39,10,70,0,80
2023-06-20T14:04:55,10,70,0,80
2023-06-20T14:17:12,10,70,0,80
2023-06-20T14:29:39,10,70,0,80
2023-06-20T14:41:55,10,70,0,80
2023-06-20T14:54:11,10,70,0,80
2023-06-20T15:06:28,10,70,0,80
2023-06-20T15:18:45,10,70,0,80
2023-06-20T15:31:14,10,70,0,80
2023-06-20T15:43:31,10,70,0,80
2023-06-20T15:55:48,10,70,0,80
2023-06-20T16:08:04,10,70,0,80
2023-06-20T16:20:23,10,70,0,80
2023-06-20T16:32:40,10,70,0,80
2023-06-20T16:45:06,10,70,0,80
2023-06-20T16:57:23,10,70,0,80
2023-06-20T17:09:40,10,70,0,80
2023-06-20T17:21:57,10,70,0,80
2023-06-20T17:34:13,10,70,0,80
2023-06-20T17:46:41,10,70,0,80
2023-06-20T17:58:58,10,70,0,80
2023-06-20T18:11:15,10,70,0,80
2023-06-20T18:23:33,10,70,0,80
2023-06-20T18:36:03,10,70,0,80
2023-06-20T18:48:20,10,70,0,80
2023-06-20T19:00:36,10,70,0,80
2023-06-20T19:12:53,10,70,0,80
2023-06-20T19:25:10,10,70,0,80
2023-06-20T19:37:26,10,70,0,80
2023-06-20T19:49:55,10,70,0,80
2023-06-20T20:02:13,10,70,0,80
2023-06-20T20:14:30,10,70,0,80
2023-06-20T20:26:47,10,70,0,80
2023-06-20T20:39:03,10,70,0,80
2023-06-20T20:51:34,10,70,0,80
2023-06-20T21:03:51,10,70,0,80
2023-06-20T21:16:08,10,70,0,80
2023-06-20T21:28:25,10,70,0,80
2023-06-20T21:40:41,10,70,0,80
2023-06-20T21:53:09,10,70,0,80
2023-06-20T22:05:26,10,70,0,80
2023-06-20T22:17:42,10,70,0,80
2023-06-20T22:29:59,10,70,0,80
2023-06-20T22:42:16,10,70,0,80
2023-06-20T22:54:45,10,70,0,80
2023-06-20T23:07:03,10,70,0,80
2023-06-20T23:19:21,10,70,0,80
2023-06-20T23:31:38,10,70,0,80
2023-06-20T23:43:55,10,70,0,80
2023-06-20T23:56:12,10,70,0,80
2023-06-21T00:08:45,10,70,0,80
2023-06-21T00:21:13,10,70,0,80
2023-06-21T00:33:35,10,70,0,80
2023-06-21T00:45:56,10,70,0,80
2023-06-21T00:58:17,10,70,0,80
2023-06-21T01:10:39,10,70,0,80
2023-06-21T01:23:00,10,70,0,80
2023-06-21T01:35:33,10,70,0,80
2023-06-21T01:47:54,10,70,0,80
2023-06-21T02:00:18,10,70,0,80
2023-06-21T02:12:39,10,70,0,80
2023-06-21T02:24:59,10,70,0,80
2023-06-21T02:37:18,10,70,0,80
2023-06-21T02:49:35,10,70,0,80
2023-06-21T03:01:51,10,70,0,80
2023-06-21T03:14:09,10,70,0,80
2023-06-21T03:26:41,10,70,0,80
2023-06-21T03:38:58,10,70,0,80
2023-06-21T03:51:17,10,70,0,80
2023-06-21T04:03:35,10,70,0,80
2023-06-21T04:28:46,10,70,0,80
2023-06-21T04:42:59,10,70,0,80
2023-06-21T04:55:19,10,70,0,80
2023-06-21T05:07:38,10,70,0,80
2023-06-21T05:19:57,10,70,0,80
2023-06-21T05:32:15,10,70,0,80
2023-06-21T05:44:33,10,70,0,80
2023-06-21T05:56:50,10,70,0,80
2023-06-21T06:09:08,10,70,0,80
2023-06-21T06:21:24,10,70,0,80
2023-06-21T06:33:43,10,70,0,80
2023-06-21T06:46:11,10,70,0,80
2023-06-21T06:58:40,10,70,0,80
2023-06-21T07:11:00,10,70,0,80
2023-06-21T07:23:19,10,70,0,80
2023-06-21T07:35:37,10,70,0,80
2023-06-21T07:47:54,10,70,0,80
2023-06-21T08:00:13,10,70,0,80
2023-06-21T08:12:34,10,70,0,80
2023-06-21T08:25:05,10,70,0,80
2023-06-21T08:37:24,10,70,0,80
2023-06-21T08:49:44,10,70,0,80
2023-06-21T09:02:02,10,70,0,80
2023-06-21T09:14:22,10,70,0,80
2023-06-21T09:26:53,10,70,0,80
2023-06-21T09:39:12,10,70,0,80
2023-06-21T09:51:32,10,70,0,80
2023-06-21T10:03:53,10,70,0,80
2023-06-21T10:16:25,10,70,0,80
2023-06-21T10:28:45,10,70,0,80
2023-06-21T10:41:06,10,70,0,80
2023-06-21T10:53:25,10,70,0,80
2023-06-21T11:06:02,10,70,0,80
2023-06-21T11:18:23,10,70,0,80
2023-06-21T11:30:46,9,71,0,80
2023-06-21T11:43:20,9,71,0,80
2023-06-21T11:55:39,9,71,0,80
2023-06-21T12:07:59,9,71,0,80
2023-06-21T12:20:19,9,71,0,80
2023-06-21T12:32:47,9,71,0,80
2023-06-21T12:45:05,9,71,0,80
2023-06-21T12:57:23,9,71,0,80
2023-06-21T13:09:40,9,71,0,80
2023-06-21T13:22:09,9,71,0,80
2023-06-21T13:34:27,9,71,0,80
2023-06-21T13:46:46,9,71,0,80
2023-06-21T13:59:04,9,71,0,80
2023-06-21T14:11:32,9,71,0,80
2023-06-21T14:23:51,9,71,0,80
2023-06-21T14:36:09,9,71,0,80
2023-06-21T14:48:27,9,71,0,80
2023-06-21T15:00:59,9,71,0,80
2023-06-21T15:13:18,9,71,0,80
2023-06-21T15:25:38,9,71,0,80
2023-06-21T15:37:57,9,71,0,80
2023-06-21T15:50:16,9,71,0,80
2023-06-21T16:02:47,9,71,0,80
2023-06-21T16:15:06,9,71,0,80
2023-06-21T16:27:25,9,71,0,80
2023-06-21T16:39:45,9,71,0,80
2023-06-21T16:52:15,9,71,0,80
2023-06-21T17:04:35,9,71,0,80
2023-06-21T17:16:55,9,71,0,80
2023-06-21T17:29:15,9,71,0,80
2023-06-21T17:41:46,9,71,0,80
2023-06-21T17:54:05,9,71,0,80
2023-06-21T18:06:24,9,71,0,80
2023-06-21T18:18:48,9,71,0,80
2023-06-21T18:31:07,9,71,0,80
2023-06-21T18:43:37,9,71,0,80
2023-06-21T18:55:56,9,71,0,80
2023-06-21T19:08:16,9,71,0,80
2023-06-21T19:20:34,9,71,0,80
2023-06-21T19:32:53,9,71,0,80
2023-06-21T19:45:24,9,71,0,80
2023-06-21T19:57:42,9,71,0,80
2023-06-21T20:10:01,9,71,0,80
2023-06-21T20:22:20,9,71,0,80
2023-06-21T20:34:40,9,71,0,80
2023-06-21T20:47:12,9,71,0,80
2023-06-21T20:59:33,9,71,0,80
2023-06-21T21:11:53,9,71,0,80
2023-06-21T21:24:12,9,71,0,80
2023-06-21T21:36:33,9,71,0,80
2023-06-21T21:48:52,9,71,0,80
2023-06-21T22:01:23,9,71,0,80
2023-06-21T22:13:43,9,71,0,80
2023-06-21T22:26:02,9,71,0,80
2023-06-21T22:38:21,9,71,0,80
2023-06-21T22:50:40,9,71,0,80
2023-06-21T23:03:14,9,71,0,80
2023-06-21T23:15:35,9,71,0,80
2023-06-21T23:27:55,9,71,0,80
2023-06-21T23:40:15,9,71,0,80
2023-06-21T23:52:33,9,71,0,80
2023-06-22T00:04:55,9,71,0,80
2023-06-22T00:17:34,9,71,0,80
2023-06-22T00:29:57,9,71,0,80
2023-06-22T00:42:19,9,71,0,80
2023-06-22T00:54:42,9,71,0,80
2023-06-22T01:07:05,9,71,0,80
2023-06-22T01:19:41,9,71,0,80
2023-06-22T01:32:04,9,71,0,80
2023-06-22T01:44:27,9,71,0,80
2023-06-22T01:56:52,9,71,0,80
2023-06-22T02:09:13,9,71,0,80
2023-06-22T02:21:33,9,71,0,80
2023-06-22T02:33:54,9,71,0,80
2023-06-22T02:46:16,9,71,0,80
2023-06-22T02:58:48,9,71,0,80
2023-06-22T03:11:10,9,71,0,80
2023-06-22T03:23:33,9,71,0,80
2023-06-22T03:35:54,9,71,0,80
2023-06-22T03:48:16,9,71,0,80
2023-06-22T04:00:38,9,71,0,80
2023-06-22T04:12:58,9,71,0,80
2023-06-22T04:38:35,9,71,0,80
2023-06-22T04:50:58,9,71,0,80
2023-06-22T05:03:20,9,71,0,80
2023-06-22T05:15:41,9,71,0,80
2023-06-22T05:28:00,9,71,0,80
2023-06-22T05:40:20,9,71,0,80
2023-06-22T05:52:44,9,71,0,80
2023-06-22T06:05:06,9,71,0,80
2023-06-22T06:17:31,9,71,0,80
2023-06-22T06:29:54,9,71,0,80
2023-06-22T06:42:15,9,71,0,80
2023-06-22T06:54:36,9,71,0,80
2023-06-22T07:07:00,9,71,0,80
2023-06-22T07:19:32,9,71,0,80
2023-06-22T07:31:53,9,71,0,80
2023-06-22T07:44:13,9,71,0,80
2023-06-22T07:56:34,9,71,0,80
2023-06-22T08:08:54,9,71,0,80
2023-06-22T08:21:14,9,71,0,80
2023-06-22T08:33:35,9,71,0,80
2023-06-22T08:46:05,9,71,0,80
2023-06-22T08:58:25,9,71,0,80
2023-06-22T09:10:45,9,71,0,80
2023-06-22T09:23:05,9,71,0,80
2023-06-22T09:35:27,9,71,0,80
2023-06-22T09:47:59,9,71,0,80
2023-06-22T10:00:19,9,71,0,80
2023-06-22T10:12:39,9,71,0,80
2023-06-22T10:24:59,9,71,0,80
2023-06-22T10:37:21,9,71,0,80
2023-06-22T10:49:54,9,71,0,80
2023-06-22T11:02:15,9,71,0,80
2023-06-22T11:14:36,9,71,0,80
2023-06-22T11:26:56,9,71,0,80
2023-06-22T11:39:28,9,71,0,80
2023-06-22T11:51:47,9,71,0,80
2023-06-22T12:04:07,9,71,0,80
2023-06-22T12:16:26,9,71,0,80
2023-06-22T12:28:57,9,71,0,80
2023-06-22T12:41:16,9,71,0,80
2023-06-22T12:53:36,9,71,0,80
2023-06-22T13:05:56,9,71,0,80
2023-06-22T13:18:15,9,71,0,80
2023-06-22T13:30:50,9,71,0,80
2023-06-22T13:43:12,9,71,0,80
2023-06-22T13:55:32,9,71,0,80
2023-06-22T14:08:04,9,71,0,80
2023-06-22T14:20:23,9,71,0,80
2023-06-22T14:32:42,9,71,0,80
2023-06-22T14:45:04,9,71,0,80
2023-06-22T14:57:23,9,71,0,80
2023-06-22T15:09:43,9,71,0,80
2023-06-22T15:22:17,9,71,0,80
2023-06-22T15:34:36,9,71,0,80
2023-06-22T15:46:55,9,71,0,80
2023-06-22T15:59:15,9,71,0,80
2023-06-22T16:11:35,9,71,0,80
2023-06-22T16:24:05,9,71,0,80
2023-06-22T16:36:24,9,71,0,80
2023-06-22T16:48:43,9,71,0,80
2023-06-22T17:01:02,9,71,0,80
2023-06-22T17:13:23,9,71,0,80
2023-06-22T17:25:42,9,71,0,80
2023-06-22T17:38:01,9,71,0,80
2023-06-22T17:50:32,9,71,0,80
2023-06-22T18:02:52,9,71,0,80
2023-06-22T18:15:12,9,71,0,80
2023-06-22T18:27:33,9,71,0,80
2023-06-22T18:39:52,9,71,0,80
2023-06-22T18:52:26,9,71,0,80
2023-06-22T19:04:45,9,71,0,80
2023-06-22T19:17:04,9,71,0,80
2023-06-22T19:29:23,9,71,0,80
2023-06-22T19:41:43,9,71,0,80
2023-06-22T19:54:02,9,71,0,80
2023-06-22T20:06:21,9,71,0,80
2023-06-22T20:18:53,9,71,0,80
2023-06-22T20:31:12,9,71,0,80
2023-06-22T20:43:31,9,71,0,80
2023-06-22T20:55:50,9,71,0,80
2023-06-22T21:08:09,9,71,0,80
2023-06-22T21:20:28,9,71,0,80
2023-06-22T21:32:47,9,71,0,80
2023-06-22T21:45:06,9,71,0,80
2023-06-22T21:57:37,9,71,0,80
2023-06-22T22:09:56,9,71,0,80
2023-06-22T22:22:15,9,71,0,80
2023-06-22T22:34:35,9,71,0,80
2023-06-22T22:46:55,9,71,0,80
2023-06-22T22:59:14,9,71,0,80
2023-06-22T23:11:48,9,71,0,80
2023-06-22T23:24:08,9,71,0,80
2023-06-22T23:36:28,9,71,0,80
2023-06-22T23:48:48,9,71,0,80
2023-06-23T00:01:08,9,71,0,80
2023-06-23T00:13:29,9,71,0,80
2023-06-23T00:25:50,9,71,0,80
2023-06-23T00:38:25,9,71,0,80
2023-06-23T00:50:48,9,71,0,80
2023-06-23T01:03:11,9,71,0,80
2023-06-23T01:15:35,9,71,0,80
2023-06-23T01:28:10,9,71,0,80
2023-06-23T01:40:36,9,71,0,80
2023-06-23T01:53:01,9,71,0,80
2023-06-23T02:05:23,9,71,0,80
2023-06-23T02:17:44,9,71,0,80
2023-06-23T02:30:06,9,71,0,80
2023-06-23T02:42:29,9,71,0,80
2023-06-23T02:54:49,9,71,0,80
2023-06-23T03:07:08,9,71,0,80
2023-06-23T03:19:27,9,71,0,80
2023-06-23T03:31:58,9,71,0,80
2023-06-23T03:44:16,9,71,0,80
2023-06-23T03:56:35,9,71,0,80
2023-06-23T04:27:42,9,71,0,80
2023-06-23T04:40:02,9,71,0,80
2023-06-23T04:52:22,9,71,0,80
2023-06-23T05:04:47,9,71,0,80
2023-06-23T05:17:19,9,71,0,80
2023-06-23T05:29:46,9,71,0,80
2023-06-23T05:42:10,9,71,0,80
2023-06-23T05:54:33,9,71,0,80
2023-06-23T06:06:55,9,71,0,80
2023-06-23T06:19:18,9,71,0,80
2023-06-23T06:31:50,9,71,0,80
2023-06-23T06:44:12,9,71,0,80
2023-06-23T06:56:34,9,71,0,80
2023-06-23T07:08:58,9,71,0,80
2023-06-23T07:21:20,9,71,0,80
2023-06-23T07:33:42,9,71,0,80
2023-06-23T07:46:03,9,71,0,80
2023-06-23T07:58:25,9,71,0,80
2023-06-23T08:10:47,9,71,0,80
2023-06-23T08:23:08,9,71,0,80
2023-06-23T08:35:30,9,71,0,80
2023-06-23T08:47:51,9,71,0,80
2023-06-23T09:00:22,9,71,0,80
2023-06-23T09:12:42,9,71,0,80
2023-06-23T09:25:01,9,71,0,80
2023-06-23T09:37:20,9,71,0,80
2023-06-23T09:49:39,9,71,0,80
2023-06-23T10:01:59,9,71,0,80
2023-06-23T10:14:19,9,71,0,80
2023-06-23T10:26:39,9,71,0,80
2023-06-23T10:39:09,9,71,0,80
2023-06-23T10:51:28,9,71,0,80
2023-06-23T11:03:47,9,71,0,80
2023-06-23T11:16:07,9,71,0,80
2023-06-23T11:28:27,9,71,0,80
2023-06-23T11:40:47,9,71,0,80
2023-06-23T11:53:16,9,71,0,80
2023-06-23T12:05:35,9,71,0,80
2023-06-23T12:17:55,9,71,0,80
2023-06-23T12:30:14,9,71,0,80
2023-06-23T12:42:34,9,71,0,80
2023-06-23T12:54:54,9,71,0,80
2023-06-23T13:07:24,9,71,0,80
2023-06-23T13:19:44,9,71,0,80
2023-06-23T13:32:04,9,71,0,80
2023-06-23T13:44:24,9,71,0,80
2023-06-23T13:56:45,9,71,0,80
2023-06-23T14:09:05,10,70,0,80
2023-06-23T14:21:39,10,70,0,80
2023-06-23T14:33:59,10,70,0,80
2023-06-23T14:46:18,10,70,0,80
2023-06-23T14:58:38,10,70,0,80
2023-06-23T15:10:57,10,70,0,80
2023-06-23T15:23:17,10,70,0,80
2023-06-23T15:35:37,10,70,0,80
2023-06-23T15:48:09,10,70,0,80
2023-06-23T16:00:29,10,70,0,80
2023-06-23T16:12:48,10,70,0,80
2023-06-23T16:25:08,10,70,0,80
2023-06-23T16:37:28,10,70,0,80
2023-06-23T16:49:47,10,70,0,80
2023-06-23T17:02:18,10,70,0,80
2023-06-23T17:14:39,10,70,0,80
2023-06-23T17:26:58,10,70,0,80
2023-06-23T17:39:18,10,70,0,80
2023-06-23T17:51:37,10,70,0,80
2023-06-23T18:03:57,10,70,0,80
2023-06-23T18:16:16,10,70,0,80
2023-06-23T18:28:46,10,70,0,80
2023-06-23T18:41:05,10,70,0,80
2023-06-23T18:53:25,10,70,0,80
2023-06-23T19:05:45,10,70,0,80
2023-06-23T19:18:05,10,70,0,80
2023-06-23T19:30:24,10,70,0,80
2023-06-23T19:42:55,10,70,0,80
2023-06-23T19:55:15,10,70,0,80
2023-06-23T20:07:35,10,70,0,80
2023-06-23T20:19:54,10,70,0,80
2023-06-23T20:32:14,10,70,0,80
2023-06-23T20:44:33,10,70,0,80
2023-06-23T20:57:04,10,70,0,80
2023-06-23T21:09:24,10,70,0,80
2023-06-23T21:21:43,10,70,0,80
2023-06-23T21:34:03,10,70,0,80
2023-06-23T21:46:23,10,70,0,80
2023-06-23T21:58:43,10,70,0,80
2023-06-23T22:11:05,10,70,0,80
2023-06-23T22:23:35,10,70,0,80
2023-06-23T22:35:55,10,70,0,80
2023-06-23T22:48:15,10,70,0,80
2023-06-23T23:00:34,10,70,0,80
2023-06-23T23:12:55,10,70,0,80
2023-06-23T23:25:16,10,70,0,80
2023-06-23T23:37:37,10,70,0,80
2023-06-23T23:50:09,10,70,0,80
2023-06-24T00:02:31,10,70,0,80
2023-06-24T00:14:55,10,70,0,80
2023-06-24T00:27:19,10,70,0,80
2023-06-24T00:39:42,10,70,0,80
2023-06-24T00:52:06,10,70,0,80
2023-06-24T01:04:30,10,70,0,80
2023-06-24T01:16:54,10,70,0,80
2023-06-24T01:29:18,10,70,0,80
2023-06-24T01:41:44,10,70,0,80
2023-06-24T01:54:20,10,70,0,80
2023-06-24T02:06:43,10,70,0,80
2023-06-24T02:19:07,10,70,0,80
2023-06-24T02:31:30,10,70,0,80
2023-06-24T02:43:51,10,70,0,80
2023-06-24T02:56:11,10,70,0,80
2023-06-24T03:08:31,10,70,0,80
2023-06-24T03:20:53,10,70,0,80
2023-06-24T03:33:15,10,70,0,80
2023-06-24T03:45:37,10,70,0,80
2023-06-24T03:57:59,10,70,0,80
2023-06-24T04:30:34,10,70,0,80
2023-06-24T04:42:58,10,70,0,80
2023-06-24T04:55:22,10,70,0,80
2023-06-24T05:07:45,10,70,0,80
2023-06-24T05:20:08,10,70,0,80
2023-06-24T05:32:36,10,70,0,80
2023-06-24T05:45:00,10,70,0,80
2023-06-24T05:57:23,10,70,0,80
2023-06-24T06:09:45,10,70,0,80
2023-06-24T06:22:08,10,70,0,80
2023-06-24T06:34:30,10,70,0,80
2023-06-24T06:46:52,10,70,0,80
2023-06-24T06:59:14,10,70,0,80
2023-06-24T07:11:47,10,70,0,80
2023-06-24T07:24:10,10,70,0,80
2023-06-24T07:36:32,10,70,0,80
2023-06-24T07:48:54,10,70,0,80
2023-06-24T08:01:16,10,70,0,80
2023-06-24T08:13:39,10,70,0,80
2023-06-24T08:26:01,10,70,0,80
2023-06-24T08:38:23,10,70,0,80
2023-06-24T08:50:45,10,70,0,80
2023-06-24T09:03:07,10,70,0,80
2023-06-24T09:15:38,10,70,0,80
2023-06-24T09:28:00,10,70,0,80
2023-06-24T09:40:22,10,70,0,80
2023-06-24T09:52:45,10,70,0,80
2023-06-24T10:05:08,10,70,0,80
2023-06-24T10:17:30,10,70,0,80
2023-06-24T10:29:52,10,70,0,80
2023-06-24T10:42:16,10,70,0,80
2023-06-24T10:54:38,10,70,0,80
2023-06-24T11:07:11,10,70,0,80
2023-06-24T11:19:32,10,70,0,80
2023-06-24T11:31:53,10,70,0,80
2023-06-24T11:44:14,10,70,0,80
2023-06-24T11:56:35,10,70,0,80
2023-06-24T12:08:57,10,70,0,80
2023-06-24T12:21:17,10,70,0,80
2023-06-24T12:33:37,10,70,0,80
2023-06-24T12:45:57,10,70,0,80
2023-06-24T12:58:16,10,70,0,80
2023-06-24T13:10:47,10,70,0,80
2023-06-24T13:23:06,10,70,0,80
2023-06-24T13:35:25,10,70,0,80
2023-06-24T13:47:44,10,70,0,80
2023-06-24T14:00:03,10,70,0,80
2023-06-24T14:12:22,10,70,0,80
2023-06-24T14:24:41,10,70,0,80
2023-06-24T14:37:00,10,70,0,80
2023-06-24T14:49:19,10,70,0,80
2023-06-24T15:01:47,10,70,0,80
2023-06-24T15:14:06,10,70,0,80
2023-06-24T15:26:25,10,70,0,80
2023-06-24T15:38:44,10,70,0,80
2023-06-24T15:51:03,10,70,0,80
2023-06-24T16:03:22,10,70,0,80
2023-06-24T16:15:41,10,70,0,80
2023-06-24T16:28:00,10,70,0,80
2023-06-24T16:40:19,10,70,0,80
2023-06-24T16:52:48,10,70,0,80
2023-06-24T17:05:08,10,70,0,80
2023-06-24T17:17:28,10,70,0,80
2023-06-24T17:29:48,10,70,0,80
2023-06-24T17:42:07,10,70,0,80
2023-06-24T17:54:26,10,70,0,80
2023-06-24T18:06:47,10,70,0,80
2023-06-24T18:19:07,10,70,0,80
2023-06-24T18:31:26,10,70,0,80
2023-06-24T18:43:56,10,70,0,80
2023-06-24T18:56:16,10,70,0,80
2023-06-24T19:08:36,10,70,0,80
2023-06-24T19:20:55,10,70,0,80
2023-06-24T19:33:15,10,70,0,80
2023-06-24T19:45:34,10,70,0,80
2023-06-24T19:57:54,10,70,0,80
2023-06-24T20:10:24,10,70,0,80
2023-06-24T20:22:43,10,70,0,80
2023-06-24T20:35:03,10,70,0,80
2023-06-24T20:47:22,10,70,0,80
2023-06-24T20:59:41,10,70,0,80
2023-06-24T21:12:00,10,70,0,80
2023-06-24T21:24:19,10,70,0,80
2023-06-24T21:36:38,10,70,0,80
2023-06-24T21:48:58,10,70,0,80
2023-06-24T22:01:29,10,70,0,80
2023-06-24T22:13:48,10,70,0,80
2023-06-24T22:26:08,10,70,0,80
2023-06-24T22:38:27,10,70,0,80
2023-06-24T22:50:46,10,70,0,80
2023-06-24T23:03:06,10,70,0,80
2023-06-24T23:15:26,10,70,0,80
2023-06-24T23:27:46,10,70,0,80
2023-06-24T23:40:07,10,70,0,80
2023-06-24T23:52:38,10,70,0,80
2023-06-25T00:04:59,10,70,0,80
2023-06-25T00:17:24,10,70,0,80
2023-06-25T00:29:47,10,70,0,80
2023-06-25T00:42:10,10,70,0,80
2023-06-25T00:54:33,10,70,0,80
2023-06-25T01:06:56,10,70,0,80
2023-06-25T01:19:18,10,70,0,80
2023-06-25T01:31:52,10,70,0,80
2023-06-25T01:44:15,10,70,0,80
2023-06-25T01:56:37,10,70,0,80
2023-06-25T02:09:08,10,70,0,80
2023-06-25T02:21:31,10,70,0,80
2023-06-25T02:33:56,10,70,0,80
2023-06-25T02:46:18,10,70,0,80
2023-06-25T02:58:40,10,70,0,80
2023-06-25T03:11:02,10,70,0,80
2023-06-25T03:23:24,10,70,0,80
2023-06-25T03:35:58,10,70,0,80
2023-06-25T03:48:21,10,70,0,80
2023-06-25T04:00:43,10,70,0,80
2023-06-25T04:30:46,10,70,0,80
2023-06-25T04:44:36,10,70,0,80
2023-06-25T04:57:20,10,70,0,80
2023-06-25T05:09:43,10,70,0,80
2023-06-25T05:22:05,10,70,0,80
2023-06-25T05:34:28,10,70,0,80
2023-06-25T05:46:52,10,70,0,80
2023-06-25T05:59:14,10,70,0,80
2023-06-25T06:11:36,10,70,0,80
2023-06-25T06:23:59,10,70,0,80
2023-06-25T06:36:21,10,70,0,80
2023-06-25T06:48:43,10,70,0,80
2023-06-25T07:01:12,10,70,0,80
2023-06-25T07:13:34,10,70,0,80
2023-06-25T07:25:54,10,70,0,80
2023-06-25T07:38:14,10,70,0,80
2023-06-25T07:50:33,10,70,0,80
2023-06-25T08:02:53,10,70,0,80
2023-06-25T08:15:13,10,70,0,80
2023-06-25T08:27:33,10,70,0,80
2023-06-25T08:40:02,10,70,0,80
2023-06-25T08:52:21,10,70,0,80
2023-06-25T09:04:41,10,70,0,80
2023-06-25T09:17:01,10,70,0,80
2023-06-25T09:29:21,10,70,0,80
2023-06-25T09:41:40,10,70,0,80
2023-06-25T09:54:01,10,70,0,80
2023-06-25T10:06:21,10,70,0,80
2023-06-25T10:18:40,10,70,0,80
2023-06-25T10:31:10,10,70,0,80
2023-06-25T10:43:30,10,70,0,80
2023-06-25T10:55:52,10,70,0,80
2023-06-25T11:08:14,10,70,0,80
2023-06-25T11:20:34,10,70,0,80
2023-06-25T11:32:54,10,70,0,80
2023-06-25T11:45:15,10,70,0,80
2023-06-25T11:57:36,10,70,0,80
2023-06-25T12:09:58,10,70,0,80
2023-06-25T12:22:21,10,70,0,80
2023-06-25T12:34:43,10,70,0,80
2023-06-25T12:47:14,10,70,0,80
2023-06-25T12:59:34,10,70,0,80
2023-06-25T13:11:53,10,70,0,80
2023-06-25T13:24:13,10,70,0,80
2023-06-25T13:36:32,10,70,0,80
2023-06-25T13:48:52,10,70,0,80
2023-06-25T14:01:11,10,70,0,80
2023-06-25T14:13:40,10,70,0,80
2023-06-25T14:25:59,10,70,0,80
2023-06-25T14:38:18,10,70,0,80
2023-06-25T14:50:37,10,70,0,80
2023-06-25T15:02:56,10,70,0,80
2023-06-25T15:15:15,10,70,0,80
2023-06-25T15:27:46,10,70,0,80
2023-06-25T15:40:05,10,70,0,80
2023-06-25T15:52:24,10,70,0,80
2023-06-25T16:04:44,10,70,0,80
2023-06-25T16:17:04,10,70,0,80
2023-06-25T16:29:24,10,70,0,80
2023-06-25T16:41:54,10,70,0,80
2023-06-25T16:54:13,10,70,0,80
2023-06-25T17:06:33,10,70,0,80
2023-06-25T17:18:53,10,70,0,80
2023-06-25T17:31:12,10,70,0,80
2023-06-25T17:43:32,10,70,0,80
2023-06-25T17:56:01,10,70,0,80
2023-06-25T18:08:20,10,70,0,80
2023-06-25T18:20:40,10,70,0,80
2023-06-25T18:32:59,10,70,0,80
2023-06-25T18:45:19,10,70,0,80
2023-06-25T18:57:38,10,70,0,80
2023-06-25T19:10:09,10,70,0,80
2023-06-25T19:22:29,10,70,0,80
2023-06-25T19:34:48,10,70,0,80
2023-06-25T19:47:08,10,70,0,80
2023-06-25T19:59:27,10,70,0,80
2023-06-25T20:11:47,10,70,0,80
2023-06-25T20:24:06,10,70,0,80
2023-06-25T20:36:35,10,70,0,80
2023-06-25T20:48:55,10,70,0,80
2023-06-25T21:01:14,10,70,0,80
2023-06-25T21:13:34,10,70,0,80
2023-06-25T21:25:53,10,70,0,80
2023-06-25T21:38:13,10,70,0,80
2023-06-25T21:50:33,10,70,0,80
2023-06-25T22:02:52,10,70,0,80
2023-06-25T22:15:22,10,70,0,80
2023-06-25T22:27:42,10,70,0,80
2023-06-25T22:40:01,10,70,0,80
2023-06-25T22:52:21,10,70,0,80
2023-06-25T23:04:41,10,70,0,80
2023-06-25T23:17:01,10,70,0,80
2023-06-25T23:29:21,10,70,0,80
2023-06-25T23:41:43,10,70,0,80
2023-06-25T23:54:14,10,70,0,80
2023-06-26T00:06:35,10,70,0,80
2023-06-26T00:19:05,10,70,0,80
2023-06-26T00:31:37,10,70,0,80
2023-06-26T00:44:07,10,70,0,80
2023-06-26T00:56:29,10,70,0,80
2023-06-26T01:08:55,10,70,0,80
2023-06-26T01:21:19,10,70,0,80
2023-06-26T01:33:43,10,70,0,80
2023-06-26T01:46:20,10,70,0,80
2023-06-26T01:58:43,10,70,0,80
2023-06-26T02:11:22,10,70,0,80
2023-06-26T02:23:44,10,70,0,80
2023-06-26T02:36:07,10,70,0,80
2023-06-26T02:48:29,10,70,0,80
2023-06-26T03:00:50,10,70,0,80
2023-06-26T03:13:14,10,70,0,80
2023-06-26T03:25:37,10,70,0,80
2023-06-26T03:37:59,10,70,0,80
2023-06-26T03:50:21,10,70,0,80
2023-06-26T04:02:55,10,70,0,80
2023-06-26T04:43:27,10,70,0,80
2023-06-26T04:55:53,10,70,0,80
2023-06-26T05:08:20,10,70,0,80
2023-06-26T05:20:43,10,70,0,80
2023-06-26T05:33:07,10,70,0,80
2023-06-26T05:45:30,10,70,0,80
2023-06-26T05:57:53,10,70,0,80
2023-06-26T06:10:15,10,70,0,80
2023-06-26T06:22:38,10,70,0,80
2023-06-26T06:35:01,10,70,0,80
2023-06-26T06:47:24,10,70,0,80
2023-06-26T06:59:56,10,70,0,80
2023-06-26T07:12:19,10,70,0,80
2023-06-26T07:24:40,10,70,0,80
2023-06-26T07:37:00,10,70,0,80
2023-06-26T07:49:20,10,70,0,80
2023-06-26T08:01:39,10,70,0,80
2023-06-26T08:13:59,10,70,0,80
2023-06-26T08:26:19,10,70,0,80
2023-06-26T08:38:39,10,70,0,80
2023-06-26T08:51:01,10,70,0,80
2023-06-26T09:03:36,10,70,0,80
2023-06-26T09:15:56,10,70,0,80
2023-06-26T09:28:16,10,70,0,80
2023-06-26T09:40:35,10,70,0,80
2023-06-26T09:52:56,10,70,0,80
2023-06-26T10:05:28,10,70,0,80
2023-06-26T10:17:48,10,70,0,80
2023-06-26T10:30:08,10,70,0,80
2023-06-26T10:42:29,10,70,0,80
2023-06-26T10:54:49,10,70,0,80
2023-06-26T11:07:09,10,70,0,80
2023-06-26T11:19:30,10,70,0,80
2023-06-26T11:32:03,10,70,0,80
2023-06-26T11:44:24,10,70,0,80
2023-06-26T11:56:44,10,70,0,80
2023-06-26T12:09:04,10,70,0,80
2023-06-26T12:21:24,10,70,0,80
2023-06-26T12:33:44,10,70,0,80
2023-06-26T12:46:04,10,70,0,80
2023-06-26T12:58:35,10,70,0,80
2023-06-26T13:10:55,10,70,0,80
2023-06-26T13:23:16,10,70,0,80
2023-06-26T13:35:37,10,70,0,80
2023-06-26T13:47:59,10,70,0,80
2023-06-26T14:00:19,10,70,0,80
2023-06-26T14:12:42,10,70,0,80
2023-06-26T14:25:14,10,70,0,80
2023-06-26T14:37:36,10,70,0,80
2023-06-26T14:49:58,10,70,0,80
2023-06-26T15:02:19,10,70,0,80
2023-06-26T15:14:40,10,70,0,80
2023-06-26T15:27:01,10,70,0,80
2023-06-26T15:39:23,10,70,0,80
2023-06-26T15:51:56,10,70,0,80
2023-06-26T16:04:17,10,70,0,80
2023-06-26T16:16:39,10,70,0,80
2023-06-26T16:29:01,10,70,0,80
2023-06-26T16:41:22,10,70,0,80
2023-06-26T16:53:43,10,70,0,80
2023-06-26T17:06:04,10,70,0,80
2023-06-26T17:18:38,10,70,0,80
2023-06-26T17:30:59,10,70,0,80
2023-06-26T17:43:20,10,70,0,80
2023-06-26T17:55:41,10,70,0,80
2023-06-26T18:08:02,10,70,0,80
2023-06-26T18:20:24,10,70,0,80
2023-06-26T18:32:45,10,70,0,80
2023-06-26T18:45:05,10,70,0,80
2023-06-26T18:57:38,10,70,0,80
2023-06-26T19:09:59,10,70,0,80
2023-06-26T19:22:20,10,70,0,80
2023-06-26T19:34:41,10,70,0,80
2023-06-26T19:47:02,10,70,0,80
2023-06-26T19:59:23,10,70,0,80
2023-06-26T20:11:44,10,70,0,80
2023-06-26T20:24:05,10,70,0,80
2023-06-26T20:36:29,10,70,0,80
2023-06-26T20:48:49,10,70,0,80
2023-06-26T21:01:21,10,70,0,80
2023-06-26T21:13:42,10,70,0,80
2023-06-26T21:26:03,10,70,0,80
2023-06-26T21:38:25,10,70,0,80
2023-06-26T21:50:46,10,70,0,80
2023-06-26T22:03:07,10,70,0,80
2023-06-26T22:15:28,10,70,0,80
2023-06-26T22:27:49,10,70,0,80
2023-06-26T22:40:11,10,70,0,80
2023-06-26T22:52:32,10,70,0,80
2023-06-26T23:04:53,10,70,0,80
2023-06-26T23:17:28,10,70,0,80
2023-06-26T23:29:50,10,70,0,80
2023-06-26T23:42:12,10,70,0,80
2023-06-26T23:54:34,10,70,0,80
2023-06-27T00:06:58,10,70,0,80
2023-06-27T00:19:24,10,70,0,80
2023-06-27T00:31:48,10,70,0,80
2023-06-27T00:44:13,10,70,0,80
2023-06-27T00:56:38,10,70,0,80
2023-06-27T01:09:03,10,70,0,80
2023-06-27T01:21:29,10,70,0,80
2023-06-27T01:33:54,10,70,0,80
2023-06-27T01:46:19,10,70,0,80
2023-06-27T01:58:42,10,70,0,80
2023-06-27T02:11:17,10,70,0,80
2023-06-27T02:23:40,10,70,0,80
2023-06-27T02:36:04,10,70,0,80
2023-06-27T02:48:27,10,70,0,80
2023-06-27T03:00:48,10,70,0,80
2023-06-27T03:13:12,10,70,0,80
2023-06-27T03:25:35,10,70,0,80
2023-06-27T03:37:58,10,70,0,80
2023-06-27T03:50:22,10,70,0,80
2023-06-27T04:02:46,10,70,0,80
2023-06-27T04:30:17,10,70,0,80
2023-06-27T04:44:21,10,70,0,80
2023-06-27T04:56:48,10,70,0,80
2023-06-27T05:09:32,10,70,0,80
2023-06-27T05:21:57,10,70,0,80
2023-06-27T05:34:22,10,70,0,80
2023-06-27T05:46:46,10,70,0,80
2023-06-27T05:59:10,10,70,0,80
2023-06-27T06:11:34,10,70,0,80
2023-06-27T06:23:58,10,70,0,80
2023-06-27T06:36:22,10,70,0,80
2023-06-27T06:48:47,10,70,0,80
2023-06-27T07:01:11,10,70,0,80
2023-06-27T07:13:34,10,70,0,80
2023-06-27T07:26:00,10,70,0,80
2023-06-27T07:38:23,10,70,0,80
2023-06-27T07:50:46,10,70,0,80
2023-06-27T08:03:09,10,70,0,80
2023-06-27T08:15:33,10,70,0,80
2023-06-27T08:27:56,10,70,0,80
2023-06-27T08:40:18,10,70,0,80
2023-06-27T08:52:50,10,70,0,80
2023-06-27T09:05:13,10,70,0,80
2023-06-27T09:17:35,10,70,0,80
2023-06-27T09:29:58,10,70,0,80
2023-06-27T09:42:21,10,70,0,80
2023-06-27T09:54:45,10,70,0,80
2023-06-27T10:07:08,10,70,0,80
2023-06-27T10:19:32,10,70,0,80
2023-06-27T10:31:55,10,70,0,80
2023-06-27T10:44:17,10,70,0,80
2023-06-27T10:56:39,10,70,0,80
2023-06-27T11:09:16,10,70,0,80
2023-06-27T11:21:38,10,70,0,80
2023-06-27T11:34:00,10,70,0,80
2023-06-27T11:46:22,10,70,0,80
2023-06-27T11:58:44,10,70,0,80
2023-06-27T12:11:06,10,70,0,80
2023-06-27T12:23:28,10,70,0,80
2023-06-27T12:35:50,10,70,0,80
2023-06-27T12:48:25,10,70,0,80
2023-06-27T13:00:47,10,70,0,80
2023-06-27T13:13:09,10,70,0,80
2023-06-27T13:25:32,10,70,0,80
2023-06-27T13:37:55,10,70,0,80
2023-06-27T13:50:17,10,70,0,80
2023-06-27T14:02:39,10,70,0,80
2023-06-27T14:15:00,10,70,0,80
2023-06-27T14:27:22,10,70,0,80
2023-06-27T14:39:55,10,70,0,80
2023-06-27T14:52:17,10,70,0,80
2023-06-27T15:04:39,10,70,0,80
2023-06-27T15:17:01,10,70,0,80
2023-06-27T15:29:23,10,70,0,80
2023-06-27T15:41:47,10,70,0,80
2023-06-27T15:54:10,10,70,0,80
2023-06-27T16:06:33,10,70,0,80
2023-06-27T16:19:07,10,70,0,80
2023-06-27T16:31:29,10,70,0,80
2023-06-27T16:43:53,10,70,0,80
2023-06-27T16:56:17,10,70,0,80
2023-06-27T17:08:41,10,70,0,80
2023-06-27T17:21:05,10,70,0,80
2023-06-27T17:33:28,10,70,0,80
2023-06-27T17:45:50,10,70,0,80
2023-06-27T17:58:12,10,70,0,80
2023-06-27T18:10:45,10,70,0,80
2023-06-27T18:23:07,10,70,0,80
2023-06-27T18:35:29,10,70,0,80
2023-06-27T18:47:51,10,70,0,80
2023-06-27T19:00:13,10,70,0,80
2023-06-27T19:12:36,10,70,0,80
2023-06-27T19:24:58,10,70,0,80
2023-06-27T19:37:20,10,70,0,80
2023-06-27T19:49:43,10,70,0,80
2023-06-27T20:02:04,10,70,0,80
2023-06-27T20:14:26,10,70,0,80
2023-06-27T20:26:49,10,70,0,80
2023-06-27T20:39:22,10,70,0,80
2023-06-27T20:51:44,10,70,0,80
2023-06-27T21:04:06,10,70,0,80
2023-06-27T21:16:28,10,70,0,80
2023-06-27T21:28:50,10,70,0,80
2023-06-27T21:41:13,10,70,0,80
2023-06-27T21:53:35,10,70,0,80
2023-06-27T22:05:57,10,70,0,80
2023-06-27T22:18:19,10,70,0,80
2023-06-27T22:30:41,10,70,0,80
2023-06-27T22:43:02,10,70,0,80
2023-06-27T22:55:35,10,70,0,80
2023-06-27T23:07:58,10,70,0,80
2023-06-27T23:20:20,10,70,0,80
2023-06-27T23:32:43,10,70,0,80
2023-06-27T23:45:06,10,70,0,80
2023-06-27T23:57:29,10,70,0,80
2023-06-28T00:09:53,10,70,0,80
2023-06-28T00:22:19,10,70,0,80
2023-06-28T00:34:44,10,70,0,80
2023-06-28T00:47:10,10,70,0,80
2023-06-28T00:59:36,10,70,0,80
2023-06-28T01:12:04,10,70,0,80
2023-06-28T01:24:41,10,70,0,80
2023-06-28T01:37:08,10,70,0,80
2023-06-28T01:49:34,10,70,0,80
2023-06-28T02:01:59,10,70,0,80
2023-06-28T02:14:23,10,70,0,80
2023-06-28T02:26:45,10,70,0,80
2023-06-28T02:39:07,10,70,0,80
2023-06-28T02:51:29,10,70,0,80
2023-06-28T03:03:52,10,70,0,80
2023-06-28T03:16:18,10,70,0,80
2023-06-28T03:28:44,10,70,0,80
2023-06-28T03:41:30,10,70,0,80
2023-06-28T03:53:56,10,70,0,80
2023-06-28T04:06:34,10,70,0,80
2023-06-28T04:43:28,10,70,0,80
2023-06-28T04:55:57,10,70,0,80
2023-06-28T05:08:24,10,70,0,80
2023-06-28T05:20:49,10,70,0,80
2023-06-28T05:33:15,10,70,0,80
2023-06-28T05:45:40,10,70,0,80
2023-06-28T05:58:05,10,70,0,80
2023-06-28T06:10:30,10,70,0,80
2023-06-28T06:22:55,10,70,0,80
2023-06-28T06:35:22,10,70,0,80
2023-06-28T06:47:50,10,70,0,80
2023-06-28T07:00:17,10,70,0,80
2023-06-28T07:12:41,10,70,0,80
2023-06-28T07:25:05,10,70,0,80
2023-06-28T07:37:28,10,70,0,80
2023-06-28T07:49:59,10,70,0,80
2023-06-28T08:02:23,10,70,0,80
2023-06-28T08:14:47,10,70,0,80
2023-06-28T08:27:11,10,70,0,80
2023-06-28T08:39:35,10,70,0,80
2023-06-28T08:51:58,10,70,0,80
2023-06-28T09:04:21,10,70,0,80
2023-06-28T09:16:43,10,70,0,80
2023-06-28T09:29:05,10,70,0,80
2023-06-28T09:41:27,10,70,0,80
2023-06-28T09:53:49,10,70,0,80
2023-06-28T10:06:22,10,70,0,80
2023-06-28T10:18:44,10,70,0,80
2023-06-28T10:31:07,10,70,0,80
2023-06-28T10:43:29,10,70,0,80
2023-06-28T10:55:50,10,70,0,80
2023-06-28T11:08:14,10,70,0,80
2023-06-28T11:20:36,10,70,0,80
2023-06-28T11:32:59,10,70,0,80
2023-06-28T11:45:21,10,70,0,80
2023-06-28T11:57:44,10,70,0,80
2023-06-28T12:10:18,10,70,0,80
2023-06-28T12:22:40,10,70,0,80
2023-06-28T12:35:02,10,70,0,80
2023-06-28T12:47:25,10,70,0,80
2023-06-28T12:59:47,10,70,0,80
2023-06-28T13:12:09,10,70,0,80
2023-06-28T13:24:32,10,70,0,80
2023-06-28T13:36:54,10,70,0,80
2023-06-28T13:49:17,10,70,0,80
2023-06-28T14:01:51,10,70,0,80
2023-06-28T14:14:14,10,70,0,80
2023-06-28T14:26:37,10,70,0,80
2023-06-28T14:39:00,10,70,0,80
2023-06-28T14:51:23,10,70,0,80
2023-06-28T15:03:45,10,70,0,80
2023-06-28T15:16:10,10,70,0,80
2023-06-28T15:28:32,10,70,0,80
2023-06-28T15:41:08,10,70,0,80
2023-06-28T15:53:31,10,70,0,80
2023-06-28T16:05:53,10,70,0,80
2023-06-28T16:18:16,10,70,0,80
2023-06-28T16:30:38,10,70,0,80
2023-06-28T16:43:01,10,70,0,80
2023-06-28T16:55:23,10,70,0,80
2023-06-28T17:07:46,10,70,0,80
2023-06-28T17:20:19,10,70,0,80
2023-06-28T17:32:42,10,70,0,80
2023-06-28T17:45:04,10,70,0,80
2023-06-28T17:57:27,10,70,0,80
2023-06-28T18:09:50,10,70,0,80
2023-06-28T18:22:12,10,70,0,80
2023-06-28T18:34:35,10,70,0,80
2023-06-28T18:46:57,10,70,0,80
2023-06-28T18:59:19,10,70,0,80
2023-06-28T19:11:41,10,70,0,80
2023-06-28T19:24:15,10,70,0,80
2023-06-28T19:36:38,10,70,0,80
2023-06-28T19:49:00,10,70,0,80
2023-06-28T20:01:23,10,70,0,80
2023-06-28T20:13:46,10,70,0,80
2023-06-28T20:26:08,10,70,0,80
2023-06-28T20:38:31,10,70,0,80
2023-06-28T20:50:53,10,70,0,80
2023-06-28T21:03:16,10,70,0,80
2023-06-28T21:15:39,10,70,0,80
2023-06-28T21:28:12,10,70,0,80
2023-06-28T21:40:35,10,70,0,80
2023-06-28T21:52:58,10,70,0,80
2023-06-28T22:05:21,10,70,0,80
2023-06-28T22:17:45,10,70,0,80
2023-06-28T22:30:08,10,70,0,80
2023-06-28T22:42:30,10,70,0,80
2023-06-28T22:54:53,10,70,0,80
2023-06-28T23:07:16,10,70,0,80
2023-06-28T23:19:40,10,70,0,80
2023-06-28T23:32:03,10,70,0,80
2023-06-28T23:44:37,10,70,0,80
2023-06-28T23:57:00,10,70,0,80
2023-06-29T00:09:24,10,70,0,80
2023-06-29T00:21:56,10,70,0,80
2023-06-29T00:34:21,10,70,0,80
2023-06-29T00:46:49,10,70,0,80
2023-06-29T00:59:16,10,70,0,80
2023-06-29T01:11:44,10,70,0,80
2023-06-29T01:24:11,10,70,0,80
2023-06-29T01:36:37,10,70,0,80
2023-06-29T01:49:03,10,70,0,80
2023-06-29T02:01:27,10,70,0,80
2023-06-29T02:14:04,10,70,0,80
2023-06-29T02:26:28,10,70,0,80
2023-06-29T02:38:52,10,70,0,80
2023-06-29T02:51:15,10,70,0,80
2023-06-29T03:03:38,10,70,0,80
2023-06-29T03:16:00,10,70,0,80
2023-06-29T03:28:23,10,70,0,80
2023-06-29T03:40:46,10,70,0,80
2023-06-29T03:53:08,10,70,0,80
2023-06-29T04:05:31,10,70,0,80
2023-06-29T04:28:17,10,70,0,80
2023-06-29T04:42:16,10,70,0,80
2023-06-29T04:55:01,10,70,0,80
2023-06-29T05:07:24,10,70,0,80
2023-06-29T05:19:48,10,70,0,80
2023-06-29T05:32:16,10,70,0,80
2023-06-29T05:44:42,10,70,0,80
2023-06-29T05:57:09,10,70,0,80
2023-06-29T06:09:37,10,70,0,80
2023-06-29T06:22:05,10,70,0,80
2023-06-29T06:34:32,10,70,0,80
2023-06-29T06:46:59,10,70,0,80
2023-06-29T06:59:41,10,70,0,80
2023-06-29T07:12:09,10,70,0,80
2023-06-29T07:24:35,10,70,0,80
2023-06-29T07:37:10,10,70,0,80
2023-06-29T07:49:35,10,70,0,80
2023-06-29T08:02:02,10,70,0,80
2023-06-29T08:14:28,10,70,0,80
2023-06-29T08:26:52,10,70,0,80
2023-06-29T08:39:16,10,70,0,80
2023-06-29T08:51:41,10,70,0,80
2023-06-29T09:04:07,10,70,0,80
2023-06-29T09:16:31,10,70,0,80
2023-06-29T09:28:56,10,70,0,80
2023-06-29T09:41:20,10,70,0,80
2023-06-29T09:53:55,10,70,0,80
2023-06-29T10:06:18,10,70,0,80
2023-06-29T10:18:43,10,70,0,80
2023-06-29T10:31:07,10,70,0,80
2023-06-29T10:43:31,10,70,0,80
2023-06-29T10:55:55,10,70,0,80
2023-06-29T11:08:20,10,70,0,80
2023-06-29T11:20:45,10,70,0,80
2023-06-29T11:33:09,10,70,0,80
2023-06-29T11:45:44,10,70,0,80
2023-06-29T11:58:08,10,70,0,80
2023-06-29T12:10:32,10,70,0,80
2023-06-29T12:22:54,10,70,0,80
2023-06-29T12:35:17,10,70,0,80
2023-06-29T12:47:40,10,70,0,80
2023-06-29T13:00:03,10,70,0,80
2023-06-29T13:12:26,10,70,0,80
2023-06-29T13:24:48,10,70,0,80
2023-06-29T13:37:21,10,70,0,80
2023-06-29T13:49:44,10,70,0,80
2023-06-29T14:02:06,10,70,0,80
2023-06-29T14:14:29,10,70,0,80
2023-06-29T14:26:51,10,70,0,80
2023-06-29T14:39:14,10,70,0,80
2023-06-29T14:51:37,10,70,0,80
2023-06-29T15:04:00,10,70,0,80
2023-06-29T15:16:33,10,70,0,80
2023-06-29T15:28:56,10,70,0,80
2023-06-29T15:41:19,10,70,0,80
2023-06-29T15:53:43,10,70,0,80
2023-06-29T16:06:06,10,70,0,80
2023-06-29T16:18:29,10,70,0,80
2023-06-29T16:30:51,10,70,0,80
2023-06-29T16:43:14,10,70,0,80
2023-06-29T16:55:36,10,70,0,80
2023-06-29T17:08:11,10,70,0,80
2023-06-29T17:20:34,10,70,0,80
2023-06-29T17:32:57,10,70,0,80
2023-06-29T17:45:20,10,70,0,80
2023-06-29T17:57:42,10,70,0,80
2023-06-29T18:10:05,10,70,0,80
2023-06-29T18:22:29,10,70,0,80
2023-06-29T18:34:52,10,70,0,80
2023-06-29T18:47:15,10,70,0,80
2023-06-29T18:59:48,10,70,0,80
2023-06-29T19:12:11,10,70,0,80
2023-06-29T19:24:35,10,70,0,80
2023-06-29T19:36:59,10,70,0,80
2023-06-29T19:49:22,10,70,0,80
2023-06-29T20:01:45,10,70,0,80
2023-06-29T20:14:09,10,70,0,80
2023-06-29T20:26:32,10,70,0,80
2023-06-29T20:39:09,10,70,0,80
2023-06-29T20:51:32,10,70,0,80
2023-06-29T21:03:55,10,70,0,80
2023-06-29T21:16:18,10,70,0,80
2023-06-29T21:28:41,10,70,0,80
2023-06-29T21:41:05,10,70,0,80
2023-06-29T21:53:28,10,70,0,80
2023-06-29T22:05:54,10,70,0,80
2023-06-29T22:18:17,10,70,0,80
2023-06-29T22:30:41,10,70,0,80
2023-06-29T22:43:05,10,70,0,80
2023-06-29T22:55:39,10,70,0,80
2023-06-29T23:08:03,10,70,0,80
2023-06-29T23:20:27,10,70,0,80
2023-06-29T23:32:50,10,70,0,80
2023-06-29T23:45:14,10,70,0,80
2023-06-29T23:57:38,10,70,0,80
2023-06-30T00:10:04,10,70,0,80
2023-06-30T00:22:36,10,70,0,80
2023-06-30T00:35:03,10,70,0,80
2023-06-30T00:47:30,10,70,0,80
2023-06-30T00:59:58,10,70,0,80
2023-06-30T01:12:38,10,70,0,80
2023-06-30T01:25:07,10,70,0,80
2023-06-30T01:37:34,10,70,0,80
2023-06-30T01:50:01,10,70,0,80
2023-06-30T02:02:27,10,70,0,80
2023-06-30T02:14:53,10,70,0,80
2023-06-30T02:27:19,10,70,0,80
2023-06-30T02:39:44,10,70,0,80
2023-06-30T02:52:09,10,70,0,80
2023-06-30T03:04:36,10,70,0,80
2023-06-30T03:17:05,10,70,0,80
2023-06-30T03:29:32,10,70,0,80
2023-06-30T03:41:59,10,70,0,80
2023-06-30T03:54:43,10,70,0,80
2023-06-30T04:07:11,10,70,0,80
2023-06-30T04:32:35,10,70,0,80
2023-06-30T04:46:24,10,70,0,80
2023-06-30T04:59:10,10,70,0,80
2023-06-30T05:11:38,10,70,0,80
2023-06-30T05:24:07,10,70,0,80
2023-06-30T05:36:33,10,70,0,80
2023-06-30T05:49:00,10,70,0,80
2023-06-30T06:01:25,10,70,0,80
2023-06-30T06:13:52,10,70,0,80
2023-06-30T06:26:19,10,70,0,80
2023-06-30T06:38:45,10,70,0,80
2023-06-30T06:51:15,10,70,0,80
2023-06-30T07:03:43,10,70,0,80
2023-06-30T07:16:08,10,70,0,80
2023-06-30T07:28:41,10,70,0,80
2023-06-30T07:41:05,10,70,0,80
2023-06-30T07:53:30,10,70,0,80
2023-06-30T08:05:54,10,70,0,80
2023-06-30T08:18:20,10,70,0,80
2023-06-30T08:30:46,10,70,0,80
2023-06-30T08:43:10,10,70,0,80
2023-06-30T08:55:35,10,70,0,80
2023-06-30T09:07:59,10,70,0,80
2023-06-30T09:20:22,10,70,0,80
2023-06-30T09:32:45,10,70,0,80
2023-06-30T09:45:08,10,70,0,80
2023-06-30T09:57:31,10,70,0,80
2023-06-30T10:10:07,10,70,0,80
2023-06-30T10:22:29,10,70,0,80
2023-06-30T10:34:52,10,70,0,80
2023-06-30T10:47:16,10,70,0,80
2023-06-30T10:59:39,10,70,0,80
2023-06-30T11:12:02,10,70,0,80
2023-06-30T11:24:26,10,70,0,80
2023-06-30T11:36:50,10,70,0,80
2023-06-30T11:49:13,10,70,0,80
2023-06-30T12:01:49,10,70,0,80
2023-06-30T12:14:13,10,70,0,80
2023-06-30T12:26:37,10,70,0,80
2023-06-30T12:39:00,10,70,0,80
2023-06-30T12:51:24,10,70,0,80
2023-06-30T13:03:47,10,70,0,80
2023-06-30T13:16:11,10,70,0,80
2023-06-30T13:28:34,10,70,0,80
2023-06-30T13:41:09,10,70,0,80
2023-06-30T13:53:33,10,70,0,80
2023-06-30T14:05:56,10,70,0,80
2023-06-30T14:18:20,10,70,0,80
2023-06-30T14:30:43,10,70,0,80
2023-06-30T14:43:06,10,70,0,80
2023-06-30T14:55:29,10,70,0,80
2023-06-30T15:07:52,10,70,0,80
2023-06-30T15:20:26,10,70,0,80
2023-06-30T15:32:50,10,70,0,80
2023-06-30T15:45:14,10,70,0,80
2023-06-30T15:57:38,10,70,0,80
2023-06-30T16:10:01,10,70,0,80
2023-06-30T16:22:25,10,70,0,80
2023-06-30T16:34:48,10,70,0,80
2023-06-30T16:47:11,10,70,0,80
2023-06-30T16:59:33,10,70,0,80
2023-06-30T17:12:07,10,70,0,80
2023-06-30T17:24:31,10,70,0,80
2023-06-30T17:36:54,10,70,0,80
2023-06-30T17:49:17,10,70,0,80
2023-06-30T18:01:40,10,70,0,80
2023-06-30T18:14:03,10,70,0,80
2023-06-30T18:26:27,10,70,0,80
2023-06-30T18:38:50,10,70,0,80
2023-06-30T18:51:13,10,70,0,80
2023-06-30T19:03:37,10,70,0,80
2023-06-30T19:16:11,10,70,0,80
2023-06-30T19:28:35,10,70,0,80
2023-06-30T19:40:58,10,70,0,80
2023-06-30T19:53:21,10,70,0,80
2023-06-30T20:05:45,10,70,0,80
2023-06-30T20:18:08,10,70,0,80
2023-06-30T20:30:32,10,70,0,80
2023-06-30T20:42:55,10,70,0,80
2023-06-30T20:55:19,10,70,0,80
2023-06-30T21:07:53,10,70,0,80
2023-06-30T21:20:16,10,70,0,80
2023-06-30T21:32:39,10,70,0,80
2023-06-30T21:45:02,10,70,0,80
2023-06-30T21:57:26,10,70,0,80
2023-06-30T22:09:49,10,70,0,80
2023-06-30T22:43:17,10,70,0,80
2023-06-30T22:55:42,10,70,0,80
2023-06-30T23:08:06,10,70,0,80
2023-06-30T23:20:30,10,70,0,80
2023-06-30T23:32:59,10,70,0,80
2023-06-30T23:45:23,10,70,0,80
2023-06-30T23:57:46,10,70,0,80
2023-07-01T00:10:12,10,70,0,80
2023-07-01T00:22:42,10,70,0,80
2023-07-01T00:35:09,10,70,0,80
2023-07-01T00:47:45,10,70,0,80
2023-07-01T01:00:13,10,70,0,80
2023-07-01T01:12:41,10,70,0,80
2023-07-01T01:25:10,10,70,0,80
2023-07-01T01:37:38,10,70,0,80
2023-07-01T01:50:06,10,70,0,80
2023-07-01T02:02:33,10,70,0,80
2023-07-01T02:14:59,10,70,0,80
2023-07-01T02:27:24,10,70,0,80
2023-07-01T02:39:50,10,70,0,80
2023-07-01T02:52:15,10,70,0,80
2023-07-01T03:04:39,10,70,0,80
2023-07-01T03:17:05,10,70,0,80
2023-07-01T03:29:31,10,70,0,80
2023-07-01T03:41:56,10,70,0,80
2023-07-01T03:54:31,10,70,0,80
2023-07-01T04:06:57,10,70,0,80
2023-07-01T04:30:29,10,70,0,80
2023-07-01T04:42:57,10,70,0,80
2023-07-01T04:55:24,10,70,0,80
2023-07-01T05:07:51,10,70,0,80
2023-07-01T05:20:26,10,70,0,80
2023-07-01T05:32:52,10,70,0,80
2023-07-01T05:45:24,10,70,0,80
2023-07-01T05:57:50,10,70,0,80
2023-07-01T06:10:17,10,70,0,80
2023-07-01T06:22:43,10,70,0,80
2023-07-01T06:35:09,10,70,0,80
2023-07-01T06:47:35,10,70,0,80
2023-07-01T07:00:05,10,70,0,80
2023-07-01T07:12:31,10,70,0,80
2023-07-01T07:24:57,10,70,0,80
2023-07-01T07:37:23,10,70,0,80
2023-07-01T07:50:05,10,70,0,80
2023-07-01T08:02:32,10,70,0,80
2023-07-01T08:14:58,10,70,0,80
2023-07-01T08:27:25,10,70,0,80
2023-07-01T08:39:52,10,70,0,80
2023-07-01T08:52:18,10,70,0,80
2023-07-01T09:04:44,10,70,0,80
2023-07-01T09:17:20,10,70,0,80
2023-07-01T09:29:46,10,70,0,80
2023-07-01T09:42:12,10,70,0,80
2023-07-01T09:54:39,10,70,0,80
2023-07-01T10:07:06,10,70,0,80
2023-07-01T10:19:32,10,70,0,80
2023-07-01T10:31:58,10,70,0,80
2023-07-01T10:44:24,10,70,0,80
2023-07-01T10:56:50,10,70,0,80
2023-07-01T11:09:14,10,70,0,80
2023-07-01T11:21:37,10,70,0,80
2023-07-01T11:34:21,10,70,0,80
2023-07-01T11:46:44,10,70,0,80
2023-07-01T11:59:07,10,70,0,80
2023-07-01T12:11:30,10,70,0,80
2023-07-01T12:23:54,10,70,0,80
2023-07-01T12:36:17,10,70,0,80
2023-07-01T12:48:39,10,70,0,80
2023-07-01T13:01:02,10,70,0,80
2023-07-01T13:13:25,10,70,0,80
2023-07-01T13:25:48,10,70,0,80
2023-07-01T13:38:11,10,70,0,80
2023-07-01T13:50:34,10,70,0,80
2023-07-01T14:02:57,10,70,0,80
2023-07-01T14:15:20,10,70,0,80
2023-07-01T14:27:53,10,70,0,80
2023-07-01T14:40:16,10,70,0,80
2023-07-01T14:52:39,10,70,0,80
2023-07-01T15:05:02,10,70,0,80
2023-07-01T15:17:25,10,70,0,80
2023-07-01T15:29:48,10,70,0,80
2023-07-01T15:42:11,10,70,0,80
2023-07-01T15:54:34,10,70,0,80
2023-07-01T16:06:57,10,70,0,80
2023-07-01T16:19:20,10,70,0,80
2023-07-01T16:31:43,10,70,0,80
2023-07-01T16:44:06,10,70,0,80
2023-07-01T16:56:29,10,70,0,80
2023-07-01T17:08:53,10,70,0,80
2023-07-01T17:21:34,10,70,0,80
2023-07-01T17:33:57,10,70,0,80
2023-07-01T17:46:20,10,70,0,80
2023-07-01T17:58:43,10,70,0,80
2023-07-01T18:11:08,10,70,0,80
2023-07-01T18:23:31,10,70,0,80
2023-07-01T18:35:54,10,70,0,80
2023-07-01T18:48:16,10,70,0,80
2023-07-01T19:00:40,10,70,0,80
2023-07-01T19:13:04,10,70,0,80
2023-07-01T19:25:28,10,70,0,80
2023-07-01T19:37:51,10,70,0,80
2023-07-01T19:50:14,10,70,0,80
2023-07-01T20:02:41,10,70,0,80
2023-07-01T20:15:05,10,70,0,80
2023-07-01T20:27:39,10,70,0,80
2023-07-01T20:40:03,10,70,0,80
2023-07-01T20:52:26,10,70,0,80
2023-07-01T21:04:50,10,70,0,80
2023-07-01T21:17:13,10,70,0,80
2023-07-01T21:29:37,10,70,0,80
2023-07-01T21:42:00,10,70,0,80
2023-07-01T21:54:24,10,70,0,80
2023-07-01T22:06:47,10,70,0,80
2023-07-01T22:19:10,10,70,0,80
2023-07-01T22:31:34,10,70,0,80
2023-07-01T22:44:18,10,70,0,80
2023-07-01T22:56:41,10,70,0,80
2023-07-01T23:09:05,10,70,0,80
2023-07-01T23:21:29,10,70,0,80
2023-07-01T23:33:52,10,70,0,80
2023-07-01T23:46:15,10,70,0,80
2023-07-01T23:58:38,10,70,0,80
2023-07-02T00:11:24,10,70,0,80
2023-07-02T00:23:51,10,70,0,80
2023-07-02T00:36:16,10,70,0,80
2023-07-02T00:48:40,10,70,0,80
2023-07-02T01:01:03,10,70,0,80
2023-07-02T01:13:29,10,70,0,80
2023-07-02T01:25:52,10,70,0,80
2023-07-02T01:38:16,10,70,0,80
2023-07-02T01:50:40,10,70,0,80
2023-07-02T02:03:04,10,70,0,80
2023-07-02T02:15:28,10,70,0,80
2023-07-02T02:28:03,10,70,0,80
2023-07-02T02:40:35,10,70,0,80
2023-07-02T02:53:05,10,70,0,80
2023-07-02T03:05:35,10,70,0,80
2023-07-02T03:18:06,10,70,0,80
2023-07-02T03:30:34,10,70,0,80
2023-07-02T03:43:02,10,70,0,80
2023-07-02T03:55:30,10,70,0,80
2023-07-02T04:28:22,10,70,0,80
2023-07-02T04:41:55,10,70,0,80
2023-07-02T04:54:25,10,70,0,80
2023-07-02T05:06:54,10,70,0,80
2023-07-02T05:19:21,10,70,0,80
2023-07-02T05:31:48,10,70,0,80
2023-07-02T05:44:15,10,70,0,80
2023-07-02T05:56:41,10,70,0,80
2023-07-02T06:09:12,10,70,0,80
2023-07-02T06:21:41,10,70,0,80
2023-07-02T06:34:24,10,70,0,80
2023-07-02T06:46:51,10,70,0,80
2023-07-02T06:59:21,10,70,0,80
2023-07-02T07:11:47,10,70,0,80
2023-07-02T07:24:13,10,70,0,80
2023-07-02T07:36:40,10,70,0,80
2023-07-02T07:49:05,10,70,0,80
2023-07-02T08:01:32,10,70,0,80
2023-07-02T08:14:02,10,70,0,80
2023-07-02T08:26:41,10,70,0,80
2023-07-02T08:39:11,10,70,0,80
2023-07-02T08:51:39,10,70,0,80
2023-07-02T09:04:08,10,70,0,80
2023-07-02T09:16:36,10,70,0,80
2023-07-02T09:29:03,10,70,0,80
2023-07-02T09:41:32,10,70,0,80
2023-07-02T09:54:03,10,70,0,80
2023-07-02T10:06:41,10,70,0,80
2023-07-02T10:19:11,10,70,0,80
2023-07-02T10:31:42,10,70,0,80
2023-07-02T10:44:09,10,70,0,80
2023-07-02T10:56:35,10,70,0,80
2023-07-02T11:08:59,10,70,0,80
2023-07-02T11:21:24,10,70,0,80
2023-07-02T11:33:48,10,70,0,80
2023-07-02T11:46:11,10,70,0,80
2023-07-02T11:58:33,10,70,0,80
2023-07-02T12:10:57,10,70,0,80
2023-07-02T12:23:31,10,70,0,80
2023-07-02T12:35:54,10,70,0,80
2023-07-02T12:48:17,10,70,0,80
2023-07-02T13:00:40,10,70,0,80
2023-07-02T13:13:03,10,70,0,80
2023-07-02T13:25:26,10,70,0,80
2023-07-02T13:37:49,10,70,0,80
2023-07-02T13:50:12,10,70,0,80
2023-07-02T14:02:35,10,70,0,80
2023-07-02T14:14:58,10,70,0,80
2023-07-02T14:27:32,10,70,0,80
2023-07-02T14:39:55,10,70,0,80
2023-07-02T14:52:18,10,70,0,80
2023-07-02T15:04:42,10,70,0,80
2023-07-02T15:17:05,10,70,0,80
2023-07-02T15:29:29,10,70,0,80
2023-07-02T15:41:53,10,70,0,80
2023-07-02T15:54:16,10,70,0,80
2023-07-02T16:06:40,10,70,0,80
2023-07-02T16:19:04,10,70,0,80
2023-07-02T16:31:39,10,70,0,80
2023-07-02T16:44:03,10,70,0,80
2023-07-02T16:56:25,10,70,0,80
2023-07-02T17:08:49,10,70,0,80
2023-07-02T17:21:12,10,70,0,80
2023-07-02T17:33:35,10,70,0,80
2023-07-02T17:45:59,10,70,0,80
2023-07-02T17:58:21,10,70,0,80
2023-07-02T18:10:45,10,70,0,80
2023-07-02T18:23:08,10,70,0,80
2023-07-02T18:35:32,10,70,0,80
2023-07-02T18:47:56,10,70,0,80
2023-07-02T19:00:31,10,70,0,80
2023-07-02T19:12:57,10,70,0,80
2023-07-02T19:25:20,10,70,0,80
2023-07-02T19:37:43,10,70,0,80
2023-07-02T19:50:06,11,69,0,80
2023-07-02T20:02:29,11,69,0,80
2023-07-02T20:14:52,11,69,0,80
2023-07-02T20:27:15,11,69,0,80
2023-07-02T20:39:38,11,69,0,80
2023-07-02T20:52:04,11,69,0,80
2023-07-02T21:04:27,11,69,0,80
2023-07-02T21:17:00,11,69,0,80
2023-07-02T21:29:23,11,69,0,80
2023-07-02T21:41:46,11,69,0,80
2023-07-02T21:54:09,11,69,0,80
2023-07-02T22:06:33,11,69,0,80
2023-07-02T22:18:55,11,69,0,80
2023-07-02T22:31:19,11,69,0,80
2023-07-02T22:43:42,11,69,0,80
2023-07-02T22:56:04,11,69,0,80
2023-07-02T23:08:28,11,69,0,80
2023-07-02T23:21:02,11,69,0,80
2023-07-02T23:33:26,11,69,0,80
2023-07-02T23:45:49,11,69,0,80
2023-07-02T23:58:13,11,69,0,80
2023-07-03T00:10:42,11,69,0,80
2023-07-03T00:23:16,11,69,0,80
2023-07-03T00:35:51,11,69,0,80
2023-07-03T00:48:18,11,69,0,80
2023-07-03T01:00:42,11,69,0,80
2023-07-03T01:13:24,11,69,0,80
2023-07-03T01:25:53,11,69,0,80
2023-07-03T01:38:20,11,69,0,80
2023-07-03T01:50:47,11,69,0,80
2023-07-03T02:03:24,11,69,0,80
2023-07-03T02:15:56,11,69,0,80
2023-07-03T02:28:23,11,69,0,80
2023-07-03T02:40:49,11,69,0,80
2023-07-03T02:53:14,11,69,0,80
2023-07-03T03:05:39,11,69,0,80
2023-07-03T03:18:05,11,69,0,80
2023-07-03T03:30:32,11,69,0,80
2023-07-03T03:42:59,11,69,0,80
2023-07-03T03:55:25,11,69,0,80
2023-07-03T04:08:02,11,69,0,80
2023-07-03T04:39:22,11,69,0,80
2023-07-03T04:53:34,11,69,0,80
2023-07-03T05:06:03,11,69,0,80
2023-07-03T05:18:31,11,69,0,80
2023-07-03T05:30:58,11,69,0,80
2023-07-03T05:43:24,11,69,0,80
2023-07-03T05:55:51,11,69,0,80
2023-07-03T06:08:18,11,69,0,80
2023-07-03T06:20:45,11,69,0,80
2023-07-03T06:33:12,11,69,0,80
2023-07-03T06:45:38,11,69,0,80
2023-07-03T06:58:07,11,69,0,80
2023-07-03T07:10:36,11,69,0,80
2023-07-03T07:23:08,11,69,0,80
2023-07-03T07:35:32,11,69,0,80
2023-07-03T07:47:56,11,69,0,80
2023-07-03T08:00:19,11,69,0,80
2023-07-03T08:12:42,11,69,0,80
2023-07-03T08:25:05,11,69,0,80
2023-07-03T08:37:29,11,69,0,80
2023-07-03T08:49:53,11,69,0,80
2023-07-03T09:02:16,11,69,0,80
2023-07-03T09:14:40,11,69,0,80
2023-07-03T09:27:17,11,69,0,80
2023-07-03T09:39:40,11,69,0,80
2023-07-03T09:52:04,11,69,0,80
2023-07-03T10:04:28,11,69,0,80
2023-07-03T10:16:53,11,69,0,80
2023-07-03T10:29:17,11,69,0,80
2023-07-03T10:41:53,11,69,0,80
2023-07-03T10:54:17,11,69,0,80
2023-07-03T11:06:42,11,69,0,80
2023-07-03T11:19:06,11,69,0,80
2023-07-03T11:31:31,11,69,0,80
2023-07-03T11:44:07,11,69,0,80
2023-07-03T11:56:33,11,69,0,80
2023-07-03T12:08:59,11,69,0,80
2023-07-03T12:21:25,11,69,0,80
2023-07-03T12:33:52,11,69,0,80
2023-07-03T12:46:17,11,69,0,80
2023-07-03T12:58:43,11,69,0,80
2023-07-03T13:11:10,11,69,0,80
2023-07-03T13:23:46,11,69,0,80
2023-07-03T13:36:12,11,69,0,80
2023-07-03T13:48:37,11,69,0,80
2023-07-03T14:01:02,11,69,0,80
2023-07-03T14:13:28,11,69,0,80
2023-07-03T14:25:53,11,69,0,80
2023-07-03T14:38:17,11,69,0,80
2023-07-03T14:50:41,11,69,0,80
2023-07-03T15:03:05,11,69,0,80
2023-07-03T15:15:40,11,69,0,80
2023-07-03T15:28:04,11,69,0,80
2023-07-03T15:40:28,11,69,0,80
2023-07-03T15:52:51,11,69,0,80
2023-07-03T16:05:16,11,69,0,80
2023-07-03T16:17:40,11,69,0,80
2023-07-03T16:30:04,11,69,0,80
2023-07-03T16:42:27,11,69,0,80
2023-07-03T16:54:51,11,69,0,80
2023-07-03T17:07:16,11,69,0,80
2023-07-03T17:19:41,11,69,0,80
2023-07-03T17:32:15,11,69,0,80
2023-07-03T17:44:40,11,69,0,80
2023-07-03T17:57:04,11,69,0,80
2023-07-03T18:09:27,11,69,0,80
2023-07-03T18:21:51,11,69,0,80
2023-07-03T18:34:15,11,69,0,80
2023-07-03T18:46:41,11,69,0,80
2023-07-03T18:59:04,11,69,0,80
2023-07-03T19:11:29,11,69,0,80
2023-07-03T19:24:03,11,69,0,80
2023-07-03T19:36:27,11,69,0,80
2023-07-03T19:48:51,11,69,0,80
