time,enrolled,available,waitlisted,total
2023-05-25T01:24:35,0,25,0,25
2023-05-25T01:36:11,0,25,0,25
2023-05-25T01:47:55,0,25,0,25
2023-05-25T01:59:30,0,25,0,25
2023-05-25T02:11:06,0,25,0,25
2023-05-25T02:22:43,0,25,0,25
2023-05-25T02:34:17,0,25,0,25
2023-05-25T02:45:50,0,25,0,25
2023-05-25T02:57:23,0,25,0,25
2023-05-25T03:08:58,0,25,0,25
2023-05-25T03:20:37,0,25,0,25
2023-05-25T03:32:34,0,25,0,25
2023-05-25T03:44:11,0,25,0,25
2023-05-25T03:55:47,0,25,0,25
2023-05-25T04:27:10,0,25,0,25
2023-05-25T04:38:47,0,25,0,25
2023-05-25T04:50:23,0,25,0,25
2023-05-25T05:01:59,0,25,0,25
2023-05-25T05:13:36,0,25,0,25
2023-05-25T05:25:12,0,25,0,25
2023-05-25T05:36:48,0,25,0,25
2023-05-25T05:48:24,0,25,0,25
2023-05-25T06:00:01,0,25,0,25
2023-05-25T06:11:37,0,25,0,25
2023-05-25T06:23:12,0,25,0,25
2023-05-25T06:34:47,0,25,0,25
2023-05-25T06:46:22,0,25,0,25
2023-05-25T06:57:57,0,25,0,25
2023-05-25T07:09:33,0,25,0,25
2023-05-25T07:21:07,0,25,0,25
2023-05-25T07:32:41,0,25,0,25
2023-05-25T07:44:17,0,25,0,25
2023-05-25T07:55:53,0,25,0,25
2023-05-25T08:07:28,0,25,0,25
2023-05-25T08:19:03,0,25,0,25
2023-05-25T08:30:47,0,25,0,25
2023-05-25T08:42:20,0,25,0,25
2023-05-25T08:53:52,0,25,0,25
2023-05-25T09:05:26,0,25,0,25
2023-05-25T09:16:58,0,25,0,25
2023-05-25T09:28:31,0,25,0,25
2023-05-25T09:40:04,0,25,0,25
2023-05-25T09:51:36,0,25,0,25
2023-05-25T10:03:10,0,25,0,25
2023-05-25T10:14:54,0,25,0,25
2023-05-25T10:26:27,0,25,0,25
2023-05-25T10:38:00,0,25,0,25
2023-05-25T10:49:33,0,25,0,25
2023-05-25T11:01:15,0,25,0,25
2023-05-25T11:12:48,0,25,0,25
2023-05-25T11:24:21,0,25,0,25
2023-05-25T11:35:53,0,25,0,25
2023-05-25T11:47:26,0,25,0,25
2023-05-25T11:59:10,0,25,0,25
2023-05-25T12:10:43,0,25,0,25
2023-05-25T12:22:16,0,25,0,25
2023-05-25T12:33:49,0,25,0,25
2023-05-25T12:45:22,0,25,0,25
2023-05-25T12:56:55,0,25,0,25
2023-05-25T13:08:38,0,25,0,25
2023-05-25T13:20:10,0,25,0,25
2023-05-25T13:31:44,0,25,0,25
2023-05-25T13:43:17,0,25,0,25
2023-05-25T13:54:50,0,25,0,25
2023-05-25T14:06:35,0,25,0,25
2023-05-25T14:18:08,0,25,0,25
2023-05-25T14:29:41,0,25,0,25
2023-05-25T14:41:14,0,25,0,25
2023-05-25T14:52:48,0,25,0,25
2023-05-25T15:04:32,0,25,0,25
2023-05-25T15:16:05,0,25,0,25
2023-05-25T15:27:40,0,25,0,25
2023-05-25T15:39:15,0,25,0,25
2023-05-25T15:50:49,0,25,0,25
2023-05-25T16:02:24,0,25,0,25
2023-05-25T16:14:09,0,25,0,25
2023-05-25T16:25:44,0,25,0,25
2023-05-25T16:37:19,0,25,0,25
2023-05-25T16:48:55,0,25,0,25
2023-05-25T17:00:31,0,25,0,25
2023-05-25T17:12:08,0,25,0,25
2023-05-25T17:23:54,0,25,0,25
2023-05-25T17:35:30,0,25,0,25
2023-05-25T17:47:06,0,25,0,25
2023-05-25T17:58:41,0,25,0,25
2023-05-25T18:10:18,0,25,0,25
2023-05-25T18:21:54,0,25,0,25
2023-05-25T18:33:29,0,25,0,25
2023-05-25T18:45:14,0,25,0,25
2023-05-25T18:56:50,0,25,0,25
2023-05-25T19:08:27,0,25,0,25
2023-05-25T19:20:03,0,25,0,25
2023-05-25T19:31:38,0,25,0,25
2023-05-25T19:43:14,0,25,0,25
2023-05-25T19:55:00,0,25,0,25
2023-05-25T20:06:35,0,25,0,25
2023-05-25T20:18:11,0,25,0,25
2023-05-25T20:29:48,0,25,0,25
2023-05-25T20:41:23,0,25,0,25
2023-05-25T20:52:59,0,25,0,25
2023-05-25T21:04:34,0,25,0,25
2023-05-25T21:16:11,0,25,0,25
2023-05-25T21:27:57,0,25,0,25
2023-05-25T21:39:33,0,25,0,25
2023-05-25T21:51:09,0,25,0,25
2023-05-25T22:02:44,0,25,0,25
2023-05-25T22:14:19,0,25,0,25
2023-05-25T22:25:55,0,25,0,25
2023-05-25T22:37:30,0,25,0,25
2023-05-25T22:49:17,0,25,0,25
2023-05-25T23:00:52,0,25,0,25
2023-05-25T23:12:30,0,25,0,25
2023-05-25T23:24:06,0,25,0,25
2023-05-25T23:35:42,0,25,0,25
2023-05-25T23:47:18,0,25,0,25
2023-05-25T23:58:55,0,25,0,25
2023-05-26T00:10:51,0,25,0,25
2023-05-26T00:22:31,0,25,0,25
2023-05-26T00:34:11,0,25,0,25
2023-05-26T00:45:49,0,25,0,25
2023-05-26T00:57:27,0,25,0,25
2023-05-26T01:09:07,0,25,0,25
2023-05-26T01:20:46,0,25,0,25
2023-05-26T01:32:24,0,25,0,25
2023-05-26T01:44:12,0,25,0,25
2023-05-26T01:55:50,0,25,0,25
2023-05-26T02:07:32,0,25,0,25
2023-05-26T02:19:10,0,25,0,25
2023-05-26T02:30:47,0,25,0,25
2023-05-26T02:42:26,0,25,0,25
2023-05-26T02:54:15,0,25,0,25
2023-05-26T03:05:56,0,25,0,25
2023-05-26T03:17:37,0,25,0,25
2023-05-26T03:29:16,0,25,0,25
2023-05-26T03:40:54,0,25,0,25
2023-05-26T03:52:32,0,25,0,25
2023-05-26T04:04:11,0,25,0,25
2023-05-26T04:15:59,0,25,0,25
2023-05-26T04:38:23,0,25,0,25
2023-05-26T04:50:04,0,25,0,25
2023-05-26T05:01:45,0,25,0,25
2023-05-26T05:13:26,0,25,0,25
2023-05-26T05:25:05,0,25,0,25
2023-05-26T05:36:43,0,25,0,25
2023-05-26T05:48:23,0,25,0,25
2023-05-26T06:00:01,0,25,0,25
2023-05-26T06:11:40,0,25,0,25
2023-05-26T06:23:20,0,25,0,25
2023-05-26T06:34:58,0,25,0,25
2023-05-26T06:46:37,0,25,0,25
2023-05-26T06:58:15,0,25,0,25
2023-05-26T07:09:53,0,25,0,25
2023-05-26T07:21:32,0,25,0,25
2023-05-26T07:33:18,0,25,0,25
2023-05-26T07:44:55,0,25,0,25
2023-05-26T07:56:33,0,25,0,25
2023-05-26T08:08:08,0,25,0,25
2023-05-26T08:19:45,0,25,0,25
2023-05-26T08:31:21,0,25,0,25
2023-05-26T08:42:57,0,25,0,25
2023-05-26T08:54:33,0,25,0,25
2023-05-26T09:06:09,0,25,0,25
2023-05-26T09:17:46,0,25,0,25
2023-05-26T09:29:22,0,25,0,25
2023-05-26T09:41:09,0,25,0,25
2023-05-26T09:52:45,0,25,0,25
2023-05-26T10:04:21,0,25,0,25
2023-05-26T10:15:58,0,25,0,25
2023-05-26T10:27:34,0,25,0,25
2023-05-26T10:39:22,0,25,0,25
2023-05-26T10:50:58,0,25,0,25
2023-05-26T11:02:35,0,25,0,25
2023-05-26T11:14:12,0,25,0,25
2023-05-26T11:25:48,0,25,0,25
2023-05-26T11:37:24,0,25,0,25
2023-05-26T11:49:10,0,25,0,25
2023-05-26T12:00:46,1,24,0,25
2023-05-26T12:12:23,1,24,0,25
2023-05-26T12:23:58,1,24,0,25
2023-05-26T12:35:34,1,24,0,25
2023-05-26T12:47:22,1,24,0,25
2023-05-26T12:58:57,1,24,0,25
2023-05-26T13:10:34,1,24,0,25
2023-05-26T13:22:09,1,24,0,25
2023-05-26T13:33:56,1,24,0,25
2023-05-26T13:45:32,1,24,0,25
2023-05-26T13:57:07,1,24,0,25
2023-05-26T14:08:43,1,24,0,25
2023-05-26T14:20:19,1,24,0,25
2023-05-26T14:32:07,1,24,0,25
2023-05-26T14:43:43,1,24,0,25
2023-05-26T14:55:19,1,24,0,25
2023-05-26T15:06:57,1,24,0,25
2023-05-26T15:18:33,1,24,0,25
2023-05-26T15:30:19,1,24,0,25
2023-05-26T15:41:55,1,24,0,25
2023-05-26T15:53:31,1,24,0,25
2023-05-26T16:05:07,1,24,0,25
2023-05-26T16:16:42,1,24,0,25
2023-05-26T16:28:18,1,24,0,25
2023-05-26T16:40:04,1,24,0,25
2023-05-26T16:51:39,1,24,0,25
2023-05-26T17:03:15,1,24,0,25
2023-05-26T17:14:52,1,24,0,25
2023-05-26T17:26:28,1,24,0,25
2023-05-26T17:38:04,1,24,0,25
2023-05-26T17:49:49,1,24,0,25
2023-05-26T18:01:25,1,24,0,25
2023-05-26T18:13:01,1,24,0,25
2023-05-26T18:24:37,1,24,0,25
2023-05-26T18:36:12,1,24,0,25
2023-05-26T18:47:47,1,24,0,25
2023-05-26T18:59:34,1,24,0,25
2023-05-26T19:11:11,1,24,0,25
2023-05-26T19:22:46,1,24,0,25
2023-05-26T19:34:22,1,24,0,25
2023-05-26T19:45:58,1,24,0,25
2023-05-26T19:57:33,1,24,0,25
2023-05-26T20:09:09,1,24,0,25
2023-05-26T20:20:55,1,24,0,25
2023-05-26T20:32:30,1,24,0,25
2023-05-26T20:44:06,1,24,0,25
2023-05-26T20:55:41,1,24,0,25
2023-05-26T21:07:17,1,24,0,25
2023-05-26T21:18:54,1,24,0,25
2023-05-26T21:30:30,1,24,0,25
2023-05-26T21:42:16,1,24,0,25
2023-05-26T21:53:53,1,24,0,25
2023-05-26T22:05:28,1,24,0,25
2023-05-26T22:17:04,1,24,0,25
2023-05-26T22:28:40,1,24,0,25
2023-05-26T22:40:16,1,24,0,25
2023-05-26T22:51:52,1,24,0,25
2023-05-26T23:03:31,1,24,0,25
2023-05-26T23:15:17,1,24,0,25
2023-05-26T23:26:53,1,24,0,25
2023-05-26T23:38:30,1,24,0,25
2023-05-26T23:50:06,1,24,0,25
2023-05-27T00:01:42,1,24,0,25
2023-05-27T00:13:21,1,24,0,25
2023-05-27T00:25:02,1,24,0,25
2023-05-27T00:36:40,1,24,0,25
2023-05-27T00:48:19,1,24,0,25
2023-05-27T00:59:58,1,24,0,25
2023-05-27T01:11:37,1,24,0,25
2023-05-27T01:23:26,1,24,0,25
2023-05-27T01:35:04,1,24,0,25
2023-05-27T01:46:44,1,24,0,25
2023-05-27T01:58:23,1,24,0,25
2023-05-27T02:10:00,1,24,0,25
2023-05-27T02:21:38,1,24,0,25
2023-05-27T02:33:15,1,24,0,25
2023-05-27T02:44:52,1,24,0,25
2023-05-27T02:56:28,1,24,0,25
2023-05-27T03:08:05,1,24,0,25
2023-05-27T03:19:43,1,24,0,25
2023-05-27T03:31:20,1,24,0,25
2023-05-27T03:42:57,1,24,0,25
2023-05-27T03:54:35,1,24,0,25
2023-05-27T04:06:14,1,24,0,25
2023-05-27T04:18:08,1,24,0,25
2023-05-27T04:40:44,1,24,0,25
2023-05-27T04:52:40,1,24,0,25
2023-05-27T05:04:20,1,24,0,25
2023-05-27T05:15:59,1,24,0,25
2023-05-27T05:27:37,1,24,0,25
2023-05-27T05:39:17,1,24,0,25
2023-05-27T05:50:56,1,24,0,25
2023-05-27T06:02:35,1,24,0,25
2023-05-27T06:14:13,1,24,0,25
2023-05-27T06:25:54,1,24,0,25
2023-05-27T06:37:33,1,24,0,25
2023-05-27T06:49:11,1,24,0,25
2023-05-27T07:00:49,1,24,0,25
2023-05-27T07:12:28,1,24,0,25
2023-05-27T07:24:05,1,24,0,25
2023-05-27T07:35:43,1,24,0,25
2023-05-27T07:47:20,1,24,0,25
2023-05-27T07:59:11,1,24,0,25
2023-05-27T08:10:49,1,24,0,25
2023-05-27T08:22:26,1,24,0,25
2023-05-27T08:34:05,1,24,0,25
2023-05-27T08:45:43,1,24,0,25
2023-05-27T08:57:21,1,24,0,25
2023-05-27T09:08:59,1,24,0,25
2023-05-27T09:20:36,1,24,0,25
2023-05-27T09:32:16,1,24,0,25
2023-05-27T09:43:53,1,24,0,25
2023-05-27T09:55:31,1,24,0,25
2023-05-27T10:07:26,1,24,0,25
2023-05-27T10:19:02,1,24,0,25
2023-05-27T10:30:40,1,24,0,25
2023-05-27T10:42:17,1,24,0,25
2023-05-27T10:53:54,1,24,0,25
2023-05-27T11:05:30,1,24,0,25
2023-05-27T11:17:05,1,24,0,25
2023-05-27T11:28:41,1,24,0,25
2023-05-27T11:40:15,1,24,0,25
2023-05-27T11:51:50,1,24,0,25
2023-05-27T12:03:25,1,24,0,25
2023-05-27T12:15:10,1,24,0,25
2023-05-27T12:26:45,1,24,0,25
2023-05-27T12:38:21,1,24,0,25
2023-05-27T12:49:56,1,24,0,25
2023-05-27T13:01:32,1,24,0,25
2023-05-27T13:13:07,1,24,0,25
2023-05-27T13:24:42,1,24,0,25
2023-05-27T13:36:37,1,24,0,25
2023-05-27T13:48:12,1,24,0,25
2023-05-27T13:59:47,1,24,0,25
2023-05-27T14:11:23,1,24,0,25
2023-05-27T14:22:59,1,24,0,25
2023-05-27T14:34:34,1,24,0,25
2023-05-27T14:46:09,1,24,0,25
2023-05-27T14:57:44,1,24,0,25
2023-05-27T15:09:30,1,24,0,25
2023-05-27T15:21:05,1,24,0,25
2023-05-27T15:32:40,1,24,0,25
2023-05-27T15:44:15,1,24,0,25
2023-05-27T15:55:50,1,24,0,25
2023-05-27T16:07:25,1,24,0,25
2023-05-27T16:19:00,1,24,0,25
2023-05-27T16:30:45,1,24,0,25
2023-05-27T16:42:20,1,24,0,25
2023-05-27T16:53:55,1,24,0,25
2023-05-27T17:05:32,1,24,0,25
2023-05-27T17:17:10,1,24,0,25
2023-05-27T17:28:45,1,24,0,25
2023-05-27T17:40:30,1,24,0,25
2023-05-27T17:52:06,1,24,0,25
2023-05-27T18:03:41,1,24,0,25
2023-05-27T18:15:17,1,24,0,25
2023-05-27T18:26:52,1,24,0,25
2023-05-27T18:38:27,1,24,0,25
2023-05-27T18:50:02,1,24,0,25
2023-05-27T19:01:38,1,24,0,25
2023-05-27T19:13:34,1,24,0,25
2023-05-27T19:25:09,1,24,0,25
2023-05-27T19:36:45,1,24,0,25
2023-05-27T19:48:20,1,24,0,25
2023-05-27T19:59:56,1,24,0,25
2023-05-27T20:11:31,1,24,0,25
2023-05-27T20:23:07,1,24,0,25
2023-05-27T20:34:42,1,24,0,25
2023-05-27T20:46:26,1,24,0,25
2023-05-27T20:58:01,1,24,0,25
2023-05-27T21:09:36,1,24,0,25
2023-05-27T21:21:12,1,24,0,25
2023-05-27T21:32:47,1,24,0,25
2023-05-27T21:44:23,1,24,0,25
2023-05-27T21:55:58,1,24,0,25
2023-05-27T22:07:34,1,24,0,25
2023-05-27T22:19:18,1,24,0,25
2023-05-27T22:30:54,1,24,0,25
2023-05-27T22:42:29,1,24,0,25
2023-05-27T22:54:05,1,24,0,25
2023-05-27T23:05:44,1,24,0,25
2023-05-27T23:17:20,1,24,0,25
2023-05-27T23:28:56,1,24,0,25
2023-05-27T23:40:48,1,24,0,25
2023-05-27T23:52:23,1,24,0,25
2023-05-28T00:04:00,1,24,0,25
2023-05-28T00:15:39,1,24,0,25
2023-05-28T00:27:17,1,24,0,25
2023-05-28T00:38:56,1,24,0,25
2023-05-28T00:50:33,1,24,0,25
2023-05-28T01:02:09,1,24,0,25
2023-05-28T01:13:45,1,24,0,25
2023-05-28T01:25:22,1,24,0,25
2023-05-28T01:37:07,1,24,0,25
2023-05-28T01:48:42,1,24,0,25
2023-05-28T02:00:18,1,24,0,25
2023-05-28T02:11:54,1,24,0,25
2023-05-28T02:23:29,1,24,0,25
2023-05-28T02:35:08,1,24,0,25
2023-05-28T02:46:48,1,24,0,25
2023-05-28T02:58:29,1,24,0,25
2023-05-28T03:10:09,1,24,0,25
2023-05-28T03:21:49,1,24,0,25
2023-05-28T03:33:28,1,24,0,25
2023-05-28T03:45:57,1,24,0,25
2023-05-28T03:58:15,1,24,0,25
2023-05-28T04:09:54,1,24,0,25
2023-05-28T04:35:35,1,24,0,25
2023-05-28T04:48:47,1,24,0,25
2023-05-28T05:00:28,1,24,0,25
2023-05-28T05:12:06,1,24,0,25
2023-05-28T05:23:44,1,24,0,25
2023-05-28T05:35:23,1,24,0,25
2023-05-28T05:47:06,1,24,0,25
2023-05-28T05:58:46,1,24,0,25
2023-05-28T06:10:25,1,24,0,25
2023-05-28T06:22:04,1,24,0,25
2023-05-28T06:33:42,1,24,0,25
2023-05-28T06:45:20,1,24,0,25
2023-05-28T06:56:58,1,24,0,25
2023-05-28T07:08:36,1,24,0,25
2023-05-28T07:20:14,1,24,0,25
2023-05-28T07:31:53,1,24,0,25
2023-05-28T07:43:31,1,24,0,25
2023-05-28T07:55:11,1,24,0,25
2023-05-28T08:06:52,1,24,0,25
2023-05-28T08:18:31,1,24,0,25
2023-05-28T08:30:09,1,24,0,25
2023-05-28T08:41:46,1,24,0,25
2023-05-28T08:53:25,1,24,0,25
2023-05-28T09:05:04,1,24,0,25
2023-05-28T09:16:40,1,24,0,25
2023-05-28T09:28:24,1,24,0,25
2023-05-28T09:40:00,1,24,0,25
2023-05-28T09:51:36,1,24,0,25
2023-05-28T10:03:12,1,24,0,25
2023-05-28T10:14:49,1,24,0,25
2023-05-28T10:26:24,1,24,0,25
2023-05-28T10:38:00,1,24,0,25
2023-05-28T10:49:35,1,24,0,25
2023-05-28T11:01:11,1,24,0,25
2023-05-28T11:12:48,1,24,0,25
2023-05-28T11:24:23,1,24,0,25
2023-05-28T11:36:00,1,24,0,25
2023-05-28T11:47:35,1,24,0,25
2023-05-28T11:59:20,1,24,0,25
2023-05-28T12:10:55,1,24,0,25
2023-05-28T12:22:31,1,24,0,25
2023-05-28T12:34:07,1,24,0,25
2023-05-28T12:45:43,1,24,0,25
2023-05-28T12:57:19,1,24,0,25
2023-05-28T13:08:54,1,24,0,25
2023-05-28T13:20:30,1,24,0,25
2023-05-28T13:32:06,1,24,0,25
2023-05-28T13:43:42,1,24,0,25
2023-05-28T13:55:16,1,24,0,25
2023-05-28T14:07:01,1,24,0,25
2023-05-28T14:18:36,1,24,0,25
2023-05-28T14:30:12,1,24,0,25
2023-05-28T14:41:47,1,24,0,25
2023-05-28T14:53:23,1,24,0,25
2023-05-28T15:04:58,1,24,0,25
2023-05-28T15:16:34,1,24,0,25
2023-05-28T15:28:10,1,24,0,25
2023-05-28T15:39:45,1,24,0,25
2023-05-28T15:51:20,1,24,0,25
2023-05-28T16:02:56,1,24,0,25
2023-05-28T16:14:42,1,24,0,25
2023-05-28T16:26:19,1,24,0,25
2023-05-28T16:37:54,1,24,0,25
2023-05-28T16:49:29,1,24,0,25
2023-05-28T17:01:04,1,24,0,25
2023-05-28T17:12:40,1,24,0,25
2023-05-28T17:24:16,1,24,0,25
2023-05-28T17:35:51,1,24,0,25
2023-05-28T17:47:26,1,24,0,25
2023-05-28T17:59:12,1,24,0,25
2023-05-28T18:10:47,1,24,0,25
2023-05-28T18:22:23,1,24,0,25
2023-05-28T18:33:59,1,24,0,25
2023-05-28T18:45:34,1,24,0,25
2023-05-28T18:57:09,1,24,0,25
2023-05-28T19:08:46,1,24,0,25
2023-05-28T19:20:22,1,24,0,25
2023-05-28T19:31:57,1,24,0,25
2023-05-28T19:43:42,1,24,0,25
2023-05-28T19:55:18,1,24,0,25
2023-05-28T20:06:53,1,24,0,25
2023-05-28T20:18:29,1,24,0,25
2023-05-28T20:30:03,1,24,0,25
2023-05-28T20:41:39,1,24,0,25
2023-05-28T20:53:14,1,24,0,25
2023-05-28T21:04:49,1,24,0,25
2023-05-28T21:16:25,1,24,0,25
2023-05-28T21:28:09,1,24,0,25
2023-05-28T21:39:45,1,24,0,25
2023-05-28T21:51:21,1,24,0,25
2023-05-28T22:02:56,1,24,0,25
2023-05-28T22:14:32,1,24,0,25
2023-05-28T22:26:07,1,24,0,25
2023-05-28T22:37:43,1,24,0,25
2023-05-28T22:49:19,1,24,0,25
2023-05-28T23:00:56,1,24,0,25
2023-05-28T23:12:44,1,24,0,25
2023-05-28T23:24:20,1,24,0,25
2023-05-28T23:35:56,1,24,0,25
2023-05-28T23:47:33,1,24,0,25
2023-05-28T23:59:09,1,24,0,25
2023-05-29T00:10:48,1,24,0,25
2023-05-29T00:22:36,1,24,0,25
2023-05-29T00:34:20,1,24,0,25
2023-05-29T00:45:58,1,24,0,25
2023-05-29T00:57:48,1,24,0,25
2023-05-29T01:09:27,1,24,0,25
2023-05-29T01:21:06,1,24,0,25
2023-05-29T01:32:45,1,24,0,25
2023-05-29T01:44:23,1,24,0,25
2023-05-29T01:56:01,1,24,0,25
2023-05-29T02:07:47,1,24,0,25
2023-05-29T02:19:24,1,24,0,25
2023-05-29T02:31:02,1,24,0,25
2023-05-29T02:42:38,1,24,0,25
2023-05-29T02:54:15,1,24,0,25
2023-05-29T03:05:51,1,24,0,25
2023-05-29T03:17:29,1,24,0,25
2023-05-29T03:29:07,1,24,0,25
2023-05-29T03:40:45,1,24,0,25
2023-05-29T03:52:31,1,24,0,25
2023-05-29T04:04:09,1,24,0,25
2023-05-29T04:15:51,1,24,0,25
2023-05-29T04:38:33,1,24,0,25
2023-05-29T04:51:42,1,24,0,25
2023-05-29T05:03:23,1,24,0,25
2023-05-29T05:15:02,1,24,0,25
2023-05-29T05:26:40,1,24,0,25
2023-05-29T05:38:19,1,24,0,25
2023-05-29T05:49:58,1,24,0,25
2023-05-29T06:01:36,1,24,0,25
2023-05-29T06:13:14,1,24,0,25
2023-05-29T06:24:53,1,24,0,25
2023-05-29T06:36:31,1,24,0,25
2023-05-29T06:48:08,1,24,0,25
2023-05-29T06:59:48,1,24,0,25
2023-05-29T07:11:25,1,24,0,25
2023-05-29T07:23:00,1,24,0,25
2023-05-29T07:34:43,1,24,0,25
2023-05-29T07:46:18,1,24,0,25
2023-05-29T07:57:54,1,24,0,25
2023-05-29T08:09:29,1,24,0,25
2023-05-29T08:21:04,1,24,0,25
2023-05-29T08:32:39,1,24,0,25
2023-05-29T08:44:14,1,24,0,25
2023-05-29T08:55:50,1,24,0,25
2023-05-29T09:07:25,1,24,0,25
2023-05-29T09:19:00,1,24,0,25
2023-05-29T09:30:35,1,24,0,25
2023-05-29T09:42:10,1,24,0,25
2023-05-29T09:53:57,1,24,0,25
2023-05-29T10:05:32,1,24,0,25
2023-05-29T10:17:07,1,24,0,25
2023-05-29T10:28:42,1,24,0,25
2023-05-29T10:40:18,1,24,0,25
2023-05-29T10:51:53,2,23,0,25
2023-05-29T11:03:27,2,23,0,25
2023-05-29T11:15:13,2,23,0,25
2023-05-29T11:26:48,2,23,0,25
2023-05-29T11:38:23,2,23,0,25
2023-05-29T11:49:58,2,23,0,25
2023-05-29T12:01:33,2,23,0,25
2023-05-29T12:13:08,2,23,0,25
2023-05-29T12:24:53,2,23,0,25
2023-05-29T12:36:29,2,23,0,25
2023-05-29T12:48:05,2,23,0,25
2023-05-29T12:59:41,2,23,0,25
2023-05-29T13:11:17,2,23,0,25
2023-05-29T13:23:02,2,23,0,25
2023-05-29T13:34:38,2,23,0,25
2023-05-29T13:46:14,2,23,0,25
2023-05-29T13:57:50,2,23,0,25
2023-05-29T14:09:35,2,23,0,25
2023-05-29T14:21:12,2,23,0,25
2023-05-29T14:32:49,2,23,0,25
2023-05-29T14:44:26,2,23,0,25
2023-05-29T14:56:14,2,23,0,25
2023-05-29T15:07:50,2,23,0,25
2023-05-29T15:19:26,2,23,0,25
2023-05-29T15:31:01,2,23,0,25
2023-05-29T15:42:38,2,23,0,25
2023-05-29T15:54:25,2,23,0,25
2023-05-29T16:06:01,2,23,0,25
2023-05-29T16:17:39,2,23,0,25
2023-05-29T16:29:16,2,23,0,25
2023-05-29T16:40:52,2,23,0,25
2023-05-29T16:52:39,2,23,0,25
2023-05-29T17:04:16,2,23,0,25
2023-05-29T17:15:55,2,23,0,25
2023-05-29T17:27:31,2,23,0,25
2023-05-29T17:39:07,2,23,0,25
2023-05-29T17:50:53,2,23,0,25
2023-05-29T18:02:32,2,23,0,25
2023-05-29T18:14:09,2,23,0,25
2023-05-29T18:25:45,2,23,0,25
2023-05-29T18:37:35,2,23,0,25
2023-05-29T18:49:12,2,23,0,25
2023-05-29T19:00:48,2,23,0,25
2023-05-29T19:12:25,2,23,0,25
2023-05-29T19:24:02,2,23,0,25
2023-05-29T19:35:47,2,23,0,25
2023-05-29T19:47:23,2,23,0,25
2023-05-29T19:59:01,2,23,0,25
2023-05-29T20:10:37,2,23,0,25
2023-05-29T20:22:15,2,23,0,25
2023-05-29T20:33:52,2,23,0,25
2023-05-29T20:45:38,2,23,0,25
2023-05-29T20:57:14,2,23,0,25
2023-05-29T21:08:50,3,22,0,25
2023-05-29T21:20:28,3,22,0,25
2023-05-29T21:32:17,4,21,0,25
2023-05-29T21:43:54,4,21,0,25
2023-05-29T21:55:32,4,21,0,25
2023-05-29T22:07:08,4,21,0,25
2023-05-29T22:18:44,4,21,0,25
2023-05-29T22:30:28,4,21,0,25
2023-05-29T22:42:04,4,21,0,25
2023-05-29T22:53:41,4,21,0,25
2023-05-29T23:05:18,4,21,0,25
2023-05-29T23:16:54,4,21,0,25
2023-05-29T23:28:30,4,21,0,25
2023-05-29T23:40:16,4,21,0,25
2023-05-29T23:51:52,5,20,0,25
2023-05-30T00:03:29,5,20,0,25
2023-05-30T00:15:07,5,20,0,25
2023-05-30T00:26:44,5,20,0,25
2023-05-30T00:38:22,5,20,0,25
2023-05-30T00:50:00,5,20,0,25
2023-05-30T01:01:46,5,20,0,25
2023-05-30T01:13:24,5,20,0,25
2023-05-30T01:25:02,5,20,0,25
2023-05-30T01:36:38,5,20,0,25
2023-05-30T01:48:14,5,20,0,25
2023-05-30T01:59:51,5,20,0,25
2023-05-30T02:11:28,5,20,0,25
2023-05-30T02:23:13,5,20,0,25
2023-05-30T02:34:51,5,20,0,25
2023-05-30T02:46:27,5,20,0,25
2023-05-30T02:58:13,5,20,0,25
2023-05-30T03:09:53,5,20,0,25
2023-05-30T03:21:31,5,20,0,25
2023-05-30T03:33:09,5,20,0,25
2023-05-30T03:44:47,5,20,0,25
2023-05-30T03:56:25,5,20,0,25
2023-05-30T04:08:02,5,20,0,25
2023-05-30T04:19:40,5,20,0,25
2023-05-30T04:41:50,5,20,0,25
2023-05-30T04:53:31,5,20,0,25
2023-05-30T05:05:11,5,20,0,25
2023-05-30T05:16:50,5,20,0,25
2023-05-30T05:28:28,5,20,0,25
2023-05-30T05:40:07,5,20,0,25
2023-05-30T05:51:45,5,20,0,25
2023-05-30T06:03:24,5,20,0,25
2023-05-30T06:15:02,5,20,0,25
2023-05-30T06:26:41,5,20,0,25
2023-05-30T06:38:20,5,20,0,25
2023-05-30T06:49:58,5,20,0,25
2023-05-30T07:01:36,5,20,0,25
2023-05-30T07:13:14,5,20,0,25
2023-05-30T07:24:50,5,20,0,25
2023-05-30T07:36:26,5,20,0,25
2023-05-30T07:48:05,5,20,0,25
2023-05-30T07:59:40,5,20,0,25
2023-05-30T08:11:16,5,20,0,25
2023-05-30T08:23:03,5,20,0,25
2023-05-30T08:34:40,5,20,0,25
2023-05-30T08:46:16,5,20,0,25
2023-05-30T08:57:52,5,20,0,25
2023-05-30T09:09:29,5,20,0,25
2023-05-30T09:21:06,5,20,0,25
2023-05-30T09:32:56,5,20,0,25
2023-05-30T09:44:33,5,20,0,25
2023-05-30T09:56:10,5,20,0,25
2023-05-30T10:07:50,5,20,0,25
2023-05-30T10:19:28,6,19,0,25
2023-05-30T10:31:19,6,19,0,25
2023-05-30T10:43:02,6,19,0,25
2023-05-30T10:54:40,6,19,0,25
2023-05-30T11:06:36,6,19,0,25
2023-05-30T11:18:17,6,19,0,25
2023-05-30T11:29:56,6,19,0,25
2023-05-30T11:41:48,7,18,0,25
2023-05-30T11:53:28,7,18,0,25
2023-05-30T12:05:09,7,18,0,25
2023-05-30T12:16:57,7,18,0,25
2023-05-30T12:28:35,7,18,0,25
2023-05-30T12:40:16,7,18,0,25
2023-05-30T12:52:12,7,18,0,25
2023-05-30T13:03:55,7,18,0,25
2023-05-30T13:15:36,7,18,0,25
2023-05-30T13:27:16,8,17,0,25
2023-05-30T13:39:07,8,17,0,25
2023-05-30T13:50:49,8,17,0,25
2023-05-30T14:02:40,9,16,0,25
2023-05-30T14:14:23,9,16,0,25
2023-05-30T14:26:03,9,16,0,25
2023-05-30T14:37:57,12,13,0,25
2023-05-30T14:49:35,12,13,0,25
2023-05-30T15:01:16,12,13,0,25
2023-05-30T15:13:09,12,13,0,25
2023-05-30T15:24:48,12,13,0,25
2023-05-30T15:36:28,13,12,0,25
2023-05-30T15:48:21,14,11,0,25
2023-05-30T16:00:02,14,11,0,25
2023-05-30T16:11:47,15,10,0,25
2023-05-30T16:23:38,15,10,0,25
2023-05-30T16:35:19,15,10,0,25
2023-05-30T16:46:57,15,10,0,25
2023-05-30T16:58:47,16,9,0,25
2023-05-30T17:10:29,16,9,0,25
2023-05-30T17:22:08,16,9,0,25
2023-05-30T17:33:46,16,9,0,25
2023-05-30T17:45:36,16,9,0,25
2023-05-30T17:57:13,16,9,0,25
2023-05-30T18:09:01,16,9,0,25
2023-05-30T18:20:53,17,8,0,25
2023-05-30T18:32:33,17,8,0,25
2023-05-30T18:44:10,18,7,0,25
2023-05-30T18:55:48,18,7,0,25
2023-05-30T19:07:39,18,7,0,25
2023-05-30T19:19:19,18,7,0,25
2023-05-30T19:31:00,18,7,0,25
2023-05-30T19:42:39,18,7,0,25
2023-05-30T19:54:27,18,7,0,25
2023-05-30T20:06:05,18,7,0,25
2023-05-30T20:17:43,18,7,0,25
2023-05-30T20:29:22,18,7,0,25
2023-05-30T20:41:02,18,7,0,25
2023-05-30T20:52:52,18,7,0,25
2023-05-30T21:04:31,18,7,0,25
2023-05-30T21:16:09,18,7,0,25
2023-05-30T21:27:48,18,7,0,25
2023-05-30T21:39:38,18,7,0,25
2023-05-30T21:51:17,18,7,0,25
2023-05-30T22:02:53,18,7,0,25
2023-05-30T22:14:32,18,7,0,25
2023-05-30T22:26:08,18,7,0,25
2023-05-30T22:37:56,18,7,0,25
2023-05-30T22:49:32,18,7,0,25
2023-05-30T23:01:08,18,7,0,25
2023-05-30T23:12:47,18,7,0,25
2023-05-30T23:24:24,18,7,0,25
2023-05-30T23:36:00,18,7,0,25
2023-05-30T23:47:48,18,7,0,25
2023-05-30T23:59:25,18,7,0,25
2023-05-31T00:11:03,18,7,0,25
2023-05-31T00:22:45,18,7,0,25
2023-05-31T00:34:23,18,7,0,25
2023-05-31T00:46:02,18,7,0,25
2023-05-31T00:57:40,18,7,0,25
2023-05-31T01:09:18,18,7,0,25
2023-05-31T01:21:10,18,7,0,25
2023-05-31T01:32:49,18,7,0,25
2023-05-31T01:44:27,18,7,0,25
2023-05-31T01:56:06,18,7,0,25
2023-05-31T02:07:45,18,7,0,25
2023-05-31T02:19:24,18,7,0,25
2023-05-31T02:31:02,18,7,0,25
2023-05-31T02:42:40,18,7,0,25
2023-05-31T02:54:17,18,7,0,25
2023-05-31T03:05:56,18,7,0,25
2023-05-31T03:17:46,18,7,0,25
2023-05-31T03:29:26,18,7,0,25
2023-05-31T03:41:06,18,7,0,25
2023-05-31T03:52:46,18,7,0,25
2023-05-31T04:04:39,18,7,0,25
2023-05-31T04:16:20,18,7,0,25
2023-05-31T04:39:55,18,7,0,25
2023-05-31T04:51:36,18,7,0,25
2023-05-31T05:03:17,18,7,0,25
2023-05-31T05:14:58,18,7,0,25
2023-05-31T05:26:37,18,7,0,25
2023-05-31T05:38:18,18,7,0,25
2023-05-31T05:49:59,18,7,0,25
2023-05-31T06:01:38,18,7,0,25
2023-05-31T06:13:17,18,7,0,25
2023-05-31T06:24:55,18,7,0,25
2023-05-31T06:36:34,18,7,0,25
2023-05-31T06:48:13,18,7,0,25
2023-05-31T06:59:52,18,7,0,25
2023-05-31T07:11:30,18,7,0,25
2023-05-31T07:23:08,18,7,0,25
2023-05-31T07:34:49,18,7,0,25
2023-05-31T07:46:27,18,7,0,25
2023-05-31T07:58:05,18,7,0,25
2023-05-31T08:09:53,18,7,0,25
2023-05-31T08:21:30,18,7,0,25
2023-05-31T08:33:10,18,7,0,25
2023-05-31T08:44:48,18,7,0,25
2023-05-31T08:56:28,18,7,0,25
2023-05-31T09:08:09,18,7,0,25
2023-05-31T09:19:48,18,7,0,25
2023-05-31T09:31:29,20,5,0,25
2023-05-31T09:43:18,20,5,0,25
2023-05-31T09:54:57,20,5,0,25
2023-05-31T10:06:37,20,5,0,25
2023-05-31T10:18:16,21,4,0,25
2023-05-31T10:29:54,21,4,0,25
2023-05-31T10:41:48,22,3,0,25
2023-05-31T10:53:30,22,3,0,25
2023-05-31T11:05:09,23,2,0,25
2023-05-31T11:16:49,23,2,0,25
2023-05-31T11:28:40,23,2,0,25
2023-05-31T11:40:19,23,2,0,25
2023-05-31T11:51:59,23,2,0,25
2023-05-31T12:03:38,23,2,0,25
2023-05-31T12:15:27,23,2,0,25
2023-05-31T12:27:07,23,2,0,25
2023-05-31T12:38:46,23,2,0,25
2023-05-31T12:50:24,24,1,0,25
2023-05-31T13:02:12,24,1,0,25
2023-05-31T13:13:50,24,1,0,25
2023-05-31T13:25:27,24,1,0,25
2023-05-31T13:37:07,24,1,0,25
2023-05-31T13:48:55,24,1,0,25
2023-05-31T14:00:33,24,1,0,25
2023-05-31T14:12:11,24,1,0,25
2023-05-31T14:23:49,24,1,0,25
2023-05-31T14:35:27,24,1,0,25
2023-05-31T14:47:16,24,1,0,25
2023-05-31T14:58:56,24,1,0,25
2023-05-31T15:10:36,24,1,0,25
2023-05-31T15:22:15,24,1,0,25
2023-05-31T15:33:52,24,1,0,25
2023-05-31T15:45:41,24,1,0,25
2023-05-31T15:57:19,24,1,0,25
2023-05-31T16:08:57,24,1,0,25
2023-05-31T16:20:35,24,1,0,25
2023-05-31T16:32:13,24,1,0,25
2023-05-31T16:44:02,24,1,0,25
2023-05-31T16:55:40,24,1,0,25
2023-05-31T17:07:19,24,1,0,25
2023-05-31T17:18:58,24,1,0,25
2023-05-31T17:30:36,24,1,0,25
2023-05-31T17:42:15,24,1,0,25
2023-05-31T17:54:04,24,1,0,25
2023-05-31T18:05:42,24,1,0,25
2023-05-31T18:17:20,24,1,0,25
2023-05-31T18:28:58,24,1,0,25
2023-05-31T18:40:37,24,1,0,25
2023-05-31T18:52:15,24,1,0,25
2023-05-31T19:03:54,24,1,0,25
2023-05-31T19:15:32,24,1,0,25
2023-05-31T19:27:20,24,1,0,25
2023-05-31T19:38:59,24,1,0,25
2023-05-31T19:50:37,24,1,0,25
2023-05-31T20:02:14,24,1,0,25
2023-05-31T20:13:52,24,1,0,25
2023-05-31T20:25:30,24,1,0,25
2023-05-31T20:37:08,24,1,0,25
2023-05-31T20:48:56,24,1,0,25
2023-05-31T21:00:34,24,1,0,25
2023-05-31T21:12:12,24,1,0,25
2023-05-31T21:23:50,24,1,0,25
2023-05-31T21:35:28,24,1,0,25
2023-05-31T21:47:06,24,1,0,25
2023-05-31T21:58:44,24,1,0,25
2023-05-31T22:10:22,24,1,0,25
2023-05-31T22:22:10,24,1,0,25
2023-05-31T22:33:48,24,1,0,25
2023-05-31T22:45:27,24,1,0,25
2023-05-31T22:57:05,24,1,0,25
2023-05-31T23:08:43,24,1,0,25
2023-05-31T23:20:22,24,1,0,25
2023-05-31T23:32:11,24,1,0,25
2023-05-31T23:43:50,24,1,0,25
2023-05-31T23:55:29,24,1,0,25
2023-06-01T00:07:10,24,1,0,25
2023-06-01T00:18:55,24,1,0,25
2023-06-01T00:30:35,24,1,0,25
2023-06-01T00:42:16,24,1,0,25
2023-06-01T00:53:59,24,1,0,25
2023-06-01T01:05:40,24,1,0,25
2023-06-01T01:17:21,24,1,0,25
2023-06-01T01:29:12,24,1,0,25
2023-06-01T01:40:52,24,1,0,25
2023-06-01T01:52:32,24,1,0,25
2023-06-01T02:04:11,24,1,0,25
2023-06-01T02:15:50,24,1,0,25
2023-06-01T02:27:28,24,1,0,25
2023-06-01T02:39:08,24,1,0,25
2023-06-01T02:50:48,24,1,0,25
2023-06-01T03:02:27,24,1,0,25
2023-06-01T03:14:09,24,1,0,25
2023-06-01T03:25:51,24,1,0,25
2023-06-01T03:37:31,24,1,0,25
2023-06-01T03:49:13,24,1,0,25
2023-06-01T04:00:54,24,1,0,25
2023-06-01T04:12:36,24,1,0,25
2023-06-01T04:38:14,24,1,0,25
2023-06-01T04:51:16,24,1,0,25
2023-06-01T05:03:16,24,1,0,25
2023-06-01T05:14:59,24,1,0,25
2023-06-01T05:26:40,24,1,0,25
2023-06-01T05:38:21,24,1,0,25
2023-06-01T05:50:03,24,1,0,25
2023-06-01T06:01:45,24,1,0,25
2023-06-01T06:13:26,24,1,0,25
2023-06-01T06:25:06,24,1,0,25
2023-06-01T06:36:47,24,1,0,25
2023-06-01T06:48:28,24,1,0,25
2023-06-01T07:00:09,24,1,0,25
2023-06-01T07:11:50,24,1,0,25
2023-06-01T07:23:31,24,1,0,25
2023-06-01T07:35:11,24,1,0,25
2023-06-01T07:46:50,24,1,0,25
2023-06-01T07:58:30,24,1,0,25
2023-06-01T08:10:15,24,1,0,25
2023-06-01T08:21:54,24,1,0,25
2023-06-01T08:33:35,24,1,0,25
2023-06-01T08:45:26,24,1,0,25
2023-06-01T08:57:06,24,1,0,25
2023-06-01T09:08:45,24,1,0,25
2023-06-01T09:20:25,24,1,0,25
2023-06-01T09:32:04,24,1,0,25
2023-06-01T09:43:43,24,1,0,25
2023-06-01T09:55:23,24,1,0,25
2023-06-01T10:07:03,24,1,0,25
2023-06-01T10:18:41,24,1,0,25
2023-06-01T10:30:19,24,1,0,25
2023-06-01T10:42:09,24,1,0,25
2023-06-01T10:53:47,24,1,0,25
2023-06-01T11:05:25,24,1,0,25
2023-06-01T11:17:03,24,1,0,25
2023-06-01T11:28:41,24,1,0,25
2023-06-01T11:40:19,24,1,0,25
2023-06-01T11:51:57,24,1,0,25
2023-06-01T12:03:45,24,1,0,25
2023-06-01T12:15:24,24,1,0,25
2023-06-01T12:27:02,24,1,0,25
2023-06-01T12:38:40,24,1,0,25
2023-06-01T12:50:18,24,1,0,25
2023-06-01T13:01:57,24,1,0,25
2023-06-01T13:13:46,24,1,0,25
2023-06-01T13:25:25,24,1,0,25
2023-06-01T13:37:03,24,1,0,25
2023-06-01T13:48:42,24,1,0,25
2023-06-01T14:00:20,24,1,0,25
2023-06-01T14:12:10,24,1,0,25
2023-06-01T14:23:49,24,1,0,25
2023-06-01T14:35:28,24,1,0,25
2023-06-01T14:47:06,24,1,0,25
2023-06-01T14:58:45,24,1,0,25
2023-06-01T15:10:26,24,1,0,25
2023-06-01T15:22:16,24,1,0,25
2023-06-01T15:33:55,24,1,0,25
2023-06-01T15:45:34,24,1,0,25
2023-06-01T15:57:13,24,1,0,25
2023-06-01T16:08:52,24,1,0,25
2023-06-01T16:20:30,24,1,0,25
2023-06-01T16:32:09,24,1,0,25
2023-06-01T16:43:59,24,1,0,25
2023-06-01T16:55:38,24,1,0,25
2023-06-01T17:07:17,24,1,0,25
2023-06-01T17:18:57,24,1,0,25
2023-06-01T17:30:36,24,1,0,25
2023-06-01T17:42:15,24,1,0,25
2023-06-01T17:53:53,24,1,0,25
2023-06-01T18:05:43,24,1,0,25
2023-06-01T18:17:22,24,1,0,25
2023-06-01T18:29:03,24,1,0,25
2023-06-01T18:40:43,24,1,0,25
2023-06-01T18:52:23,24,1,0,25
2023-06-01T19:04:04,24,1,0,25
2023-06-01T19:15:44,24,1,0,25
2023-06-01T19:27:25,24,1,0,25
2023-06-01T19:39:06,24,1,0,25
2023-06-01T19:50:58,24,1,0,25
2023-06-01T20:02:38,24,1,0,25
2023-06-01T20:14:19,24,1,0,25
2023-06-01T20:26:00,24,1,0,25
2023-06-01T20:37:40,24,1,0,25
2023-06-01T20:49:21,24,1,0,25
2023-06-01T21:01:01,24,1,0,25
2023-06-01T21:12:42,24,1,0,25
2023-06-01T21:24:22,24,1,0,25
2023-06-01T21:36:03,24,1,0,25
2023-06-01T21:47:54,24,1,0,25
2023-06-01T21:59:34,24,1,0,25
2023-06-01T22:11:15,24,1,0,25
2023-06-01T22:22:55,24,1,0,25
2023-06-01T22:34:47,24,1,0,25
2023-06-01T22:46:27,24,1,0,25
2023-06-01T22:58:07,24,1,0,25
2023-06-01T23:09:48,24,1,0,25
2023-06-01T23:21:29,24,1,0,25
2023-06-01T23:33:10,24,1,0,25
2023-06-01T23:44:51,24,1,0,25
2023-06-01T23:56:31,24,1,0,25
2023-06-02T00:08:24,24,1,0,25
2023-06-02T00:20:09,24,1,0,25
2023-06-02T00:31:53,24,1,0,25
2023-06-02T00:43:38,24,1,0,25
2023-06-02T00:55:23,24,1,0,25
2023-06-02T01:07:09,24,1,0,25
2023-06-02T01:18:55,24,1,0,25
2023-06-02T01:30:38,24,1,0,25
2023-06-02T01:42:22,24,1,0,25
2023-06-02T01:54:07,24,1,0,25
2023-06-02T02:05:51,24,1,0,25
2023-06-02T02:17:34,24,1,0,25
2023-06-02T02:29:16,24,1,0,25
2023-06-02T02:40:59,24,1,0,25
2023-06-02T02:52:53,24,1,0,25
2023-06-02T03:04:36,24,1,0,25
2023-06-02T03:16:19,24,1,0,25
2023-06-02T03:28:03,24,1,0,25
2023-06-02T03:39:47,24,1,0,25
2023-06-02T03:51:30,24,1,0,25
2023-06-02T04:03:14,24,1,0,25
2023-06-02T04:14:57,24,1,0,25
2023-06-02T04:36:44,24,1,0,25
2023-06-02T04:48:46,24,1,0,25
2023-06-02T05:00:30,24,1,0,25
2023-06-02T05:12:14,24,1,0,25
2023-06-02T05:23:58,24,1,0,25
2023-06-02T05:35:59,24,1,0,25
2023-06-02T05:47:44,24,1,0,25
2023-06-02T05:59:29,24,1,0,25
2023-06-02T06:11:13,24,1,0,25
2023-06-02T06:22:55,24,1,0,25
2023-06-02T06:34:39,24,1,0,25
2023-06-02T06:46:21,24,1,0,25
2023-06-02T06:58:03,24,1,0,25
2023-06-02T07:09:45,24,1,0,25
2023-06-02T07:21:28,24,1,0,25
2023-06-02T07:33:10,24,1,0,25
2023-06-02T07:44:51,24,1,0,25
2023-06-02T07:56:34,24,1,0,25
2023-06-02T08:08:27,24,1,0,25
2023-06-02T08:20:09,24,1,0,25
2023-06-02T08:31:52,24,1,0,25
2023-06-02T08:43:34,24,1,0,25
2023-06-02T08:55:17,24,1,0,25
2023-06-02T09:06:59,24,1,0,25
2023-06-02T09:18:43,24,1,0,25
2023-06-02T09:30:24,24,1,0,25
2023-06-02T09:42:07,24,1,0,25
2023-06-02T09:53:49,24,1,0,25
2023-06-02T10:05:31,24,1,0,25
2023-06-02T10:17:24,24,1,0,25
2023-06-02T10:29:06,24,1,0,25
2023-06-02T10:40:46,24,1,0,25
2023-06-02T10:52:27,24,1,0,25
2023-06-02T11:04:07,24,1,0,25
2023-06-02T11:15:48,24,1,0,25
2023-06-02T11:27:29,24,1,0,25
2023-06-02T11:39:20,24,1,0,25
2023-06-02T11:51:00,24,1,0,25
2023-06-02T12:02:41,24,1,0,25
2023-06-02T12:14:21,24,1,0,25
2023-06-02T12:26:01,24,1,0,25
2023-06-02T12:37:42,24,1,0,25
2023-06-02T12:49:23,24,1,0,25
2023-06-02T13:01:15,24,1,0,25
2023-06-02T13:12:55,24,1,0,25
2023-06-02T13:24:36,24,1,0,25
2023-06-02T13:36:16,24,1,0,25
2023-06-02T13:47:57,24,1,0,25
2023-06-02T13:59:38,24,1,0,25
2023-06-02T14:11:18,24,1,0,25
2023-06-02T14:23:10,24,1,0,25
2023-06-02T14:34:51,24,1,0,25
2023-06-02T14:46:32,24,1,0,25
2023-06-02T14:58:13,24,1,0,25
2023-06-02T15:09:54,24,1,0,25
2023-06-02T15:21:34,24,1,0,25
2023-06-02T15:33:17,24,1,0,25
2023-06-02T15:45:09,24,1,0,25
2023-06-02T15:56:50,24,1,0,25
2023-06-02T16:08:33,24,1,0,25
2023-06-02T16:20:14,24,1,0,25
2023-06-02T16:31:56,24,1,0,25
2023-06-02T16:43:38,24,1,0,25
2023-06-02T16:55:19,24,1,0,25
2023-06-02T17:07:02,24,1,0,25
2023-06-02T17:18:55,24,1,0,25
2023-06-02T17:30:36,24,1,0,25
2023-06-02T17:42:17,24,1,0,25
2023-06-02T17:53:57,24,1,0,25
2023-06-02T18:05:38,24,1,0,25
2023-06-02T18:17:19,24,1,0,25
2023-06-02T18:29:00,24,1,0,25
2023-06-02T18:40:41,24,1,0,25
2023-06-02T18:52:22,24,1,0,25
2023-06-02T19:04:04,24,1,0,25
2023-06-02T19:15:45,24,1,0,25
2023-06-02T19:27:37,24,1,0,25
2023-06-02T19:39:19,24,1,0,25
2023-06-02T19:51:00,24,1,0,25
2023-06-02T20:02:41,24,1,0,25
2023-06-02T20:14:23,24,1,0,25
2023-06-02T20:26:04,24,1,0,25
2023-06-02T20:37:45,24,1,0,25
2023-06-02T20:49:26,24,1,0,25
2023-06-02T21:01:07,24,1,0,25
2023-06-02T21:12:49,24,1,0,25
2023-06-02T21:24:30,24,1,0,25
2023-06-02T21:36:22,24,1,0,25
2023-06-02T21:48:02,24,1,0,25
2023-06-02T21:59:43,24,1,0,25
2023-06-02T22:11:24,24,1,0,25
2023-06-02T22:23:06,24,1,0,25
2023-06-02T22:34:46,24,1,0,25
2023-06-02T22:46:27,24,1,0,25
2023-06-02T22:58:08,24,1,0,25
2023-06-02T23:09:50,24,1,0,25
2023-06-02T23:21:32,24,1,0,25
2023-06-02T23:33:24,24,1,0,25
2023-06-02T23:45:06,24,1,0,25
2023-06-02T23:56:47,24,1,0,25
2023-06-03T00:09:07,24,1,0,25
2023-06-03T00:20:56,24,1,0,25
2023-06-03T00:32:40,24,1,0,25
2023-06-03T00:44:24,24,1,0,25
2023-06-03T00:56:09,24,1,0,25
2023-06-03T01:07:53,24,1,0,25
2023-06-03T01:19:40,24,1,0,25
2023-06-03T01:31:23,24,1,0,25
2023-06-03T01:43:18,24,1,0,25
2023-06-03T01:55:02,24,1,0,25
2023-06-03T02:06:45,24,1,0,25
2023-06-03T02:18:28,24,1,0,25
2023-06-03T02:30:11,24,1,0,25
2023-06-03T02:41:54,24,1,0,25
2023-06-03T02:53:36,24,1,0,25
2023-06-03T03:05:18,24,1,0,25
2023-06-03T03:17:01,24,1,0,25
2023-06-03T03:28:44,24,1,0,25
2023-06-03T03:40:26,24,1,0,25
2023-06-03T03:52:09,24,1,0,25
2023-06-03T04:04:05,24,1,0,25
2023-06-03T04:31:15,24,1,0,25
2023-06-03T04:43:00,24,1,0,25
2023-06-03T04:54:46,24,1,0,25
2023-06-03T05:06:30,24,1,0,25
2023-06-03T05:18:14,24,1,0,25
2023-06-03T05:30:01,24,1,0,25
2023-06-03T05:41:45,24,1,0,25
2023-06-03T05:53:29,24,1,0,25
2023-06-03T06:05:14,24,1,0,25
2023-06-03T06:16:58,24,1,0,25
2023-06-03T06:28:43,24,1,0,25
2023-06-03T06:40:32,24,1,0,25
2023-06-03T06:52:17,24,1,0,25
2023-06-03T07:04:01,24,1,0,25
2023-06-03T07:15:45,24,1,0,25
2023-06-03T07:27:37,24,1,0,25
2023-06-03T07:39:20,24,1,0,25
2023-06-03T07:51:03,24,1,0,25
2023-06-03T08:02:47,24,1,0,25
2023-06-03T08:14:30,24,1,0,25
2023-06-03T08:26:14,24,1,0,25
2023-06-03T08:37:59,24,1,0,25
2023-06-03T08:49:44,24,1,0,25
2023-06-03T09:01:27,24,1,0,25
2023-06-03T09:13:10,24,1,0,25
2023-06-03T09:24:54,24,1,0,25
2023-06-03T09:36:47,24,1,0,25
2023-06-03T09:48:30,24,1,0,25
2023-06-03T10:00:12,24,1,0,25
2023-06-03T10:11:54,24,1,0,25
2023-06-03T10:23:36,24,1,0,25
2023-06-03T10:35:17,24,1,0,25
2023-06-03T10:46:59,25,0,0,25
2023-06-03T10:58:40,25,0,0,25
2023-06-03T11:10:21,25,0,0,25
2023-06-03T11:22:02,25,0,0,25
2023-06-03T11:33:53,25,0,0,25
2023-06-03T11:45:34,25,0,0,25
2023-06-03T11:57:14,25,0,0,25
2023-06-03T12:08:55,25,0,0,25
2023-06-03T12:20:35,25,0,0,25
2023-06-03T12:32:16,25,0,0,25
2023-06-03T12:43:56,25,0,0,25
2023-06-03T12:55:37,25,0,0,25
2023-06-03T13:07:18,25,0,0,25
2023-06-03T13:18:58,25,0,0,25
2023-06-03T13:30:49,25,0,0,25
2023-06-03T13:42:29,25,0,0,25
2023-06-03T13:54:11,25,0,0,25
2023-06-03T14:05:52,25,0,0,25
2023-06-03T14:17:32,25,0,0,25
2023-06-03T14:29:13,25,0,0,25
2023-06-03T14:40:54,25,0,0,25
2023-06-03T14:52:44,25,0,0,25
2023-06-03T15:04:25,25,0,0,25
2023-06-03T15:16:05,25,0,0,25
2023-06-03T15:27:46,25,0,0,25
2023-06-03T15:39:27,25,0,0,25
2023-06-03T15:51:08,25,0,0,25
2023-06-03T16:02:48,25,0,0,25
2023-06-03T16:14:29,25,0,0,25
2023-06-03T16:26:09,25,0,0,25
2023-06-03T16:37:59,25,0,0,25
2023-06-03T16:49:40,25,0,0,25
2023-06-03T17:01:21,25,0,0,25
2023-06-03T17:13:04,25,0,0,25
2023-06-03T17:24:45,25,0,0,25
2023-06-03T17:36:25,25,0,0,25
2023-06-03T17:48:06,25,0,0,25
2023-06-03T17:59:47,25,0,0,25
2023-06-03T18:11:27,25,0,0,25
2023-06-03T18:23:08,25,0,0,25
2023-06-03T18:34:58,25,0,0,25
2023-06-03T18:46:39,25,0,0,25
2023-06-03T18:58:19,25,0,0,25
2023-06-03T19:10:00,25,0,0,25
2023-06-03T19:21:41,25,0,0,25
2023-06-03T19:33:22,25,0,0,25
2023-06-03T19:45:03,25,0,0,25
2023-06-03T19:56:44,25,0,0,25
2023-06-03T20:08:24,25,0,0,25
2023-06-03T20:20:05,25,0,0,25
2023-06-03T20:31:46,25,0,0,25
2023-06-03T20:43:37,25,0,0,25
2023-06-03T20:55:18,25,0,0,25
2023-06-03T21:06:59,25,0,0,25
2023-06-03T21:18:40,25,0,0,25
2023-06-03T21:30:21,25,0,0,25
2023-06-03T21:42:02,25,0,0,25
2023-06-03T21:53:43,25,0,0,25
2023-06-03T22:05:25,25,0,0,25
2023-06-03T22:17:05,25,0,0,25
2023-06-03T22:28:46,25,0,0,25
2023-06-03T22:40:27,25,0,0,25
2023-06-03T22:52:18,25,0,0,25
2023-06-03T23:03:59,25,0,0,25
2023-06-03T23:15:41,25,0,0,25
2023-06-03T23:27:22,25,0,0,25
2023-06-03T23:39:03,25,0,0,25
2023-06-03T23:50:45,25,0,0,25
2023-06-04T00:02:26,25,0,0,25
2023-06-04T00:14:14,25,0,0,25
2023-06-04T00:25:59,25,0,0,25
2023-06-04T00:37:43,25,0,0,25
2023-06-04T00:49:27,25,0,0,25
2023-06-04T01:01:11,25,0,0,25
2023-06-04T01:12:54,25,0,0,25
2023-06-04T01:24:48,25,0,0,25
2023-06-04T01:36:32,25,0,0,25
2023-06-04T01:48:16,25,0,0,25
2023-06-04T02:00:00,25,0,0,25
2023-06-04T02:11:54,25,0,0,25
2023-06-04T02:23:44,25,0,0,25
2023-06-04T02:35:30,25,0,0,25
2023-06-04T02:47:13,25,0,0,25
2023-06-04T02:58:56,25,0,0,25
2023-06-04T03:10:40,25,0,0,25
2023-06-04T03:22:24,25,0,0,25
2023-06-04T03:34:07,25,0,0,25
2023-06-04T03:45:51,25,0,0,25
2023-06-04T03:57:35,25,0,0,25
2023-06-04T04:09:20,25,0,0,25
2023-06-04T04:37:24,25,0,0,25
2023-06-04T04:49:10,25,0,0,25
2023-06-04T05:00:56,25,0,0,25
2023-06-04T05:12:41,25,0,0,25
2023-06-04T05:24:25,25,0,0,25
2023-06-04T05:36:09,25,0,0,25
2023-06-04T05:47:53,25,0,0,25
2023-06-04T05:59:37,25,0,0,25
2023-06-04T06:11:21,25,0,0,25
2023-06-04T06:23:04,25,0,0,25
2023-06-04T06:34:48,25,0,0,25
2023-06-04T06:46:33,25,0,0,25
2023-06-04T06:58:16,25,0,0,25
2023-06-04T07:09:58,25,0,0,25
2023-06-04T07:21:41,25,0,0,25
2023-06-04T07:33:22,25,0,0,25
2023-06-04T07:45:03,25,0,0,25
2023-06-04T07:56:44,25,0,0,25
2023-06-04T08:08:29,25,0,0,25
2023-06-04T08:20:18,25,0,0,25
2023-06-04T08:32:01,25,0,0,25
2023-06-04T08:43:43,25,0,0,25
2023-06-04T08:55:24,25,0,0,25
2023-06-04T09:07:06,25,0,0,25
2023-06-04T09:18:48,25,0,0,25
2023-06-04T09:30:29,25,0,0,25
2023-06-04T09:42:10,25,0,0,25
2023-06-04T09:53:51,25,0,0,25
2023-06-04T10:05:33,25,0,0,25
2023-06-04T10:17:14,25,0,0,25
2023-06-04T10:28:55,25,0,0,25
2023-06-04T10:40:36,25,0,0,25
2023-06-04T10:52:17,25,0,0,25
2023-06-04T11:03:59,25,0,0,25
2023-06-04T11:15:41,25,0,0,25
2023-06-04T11:27:33,25,0,0,25
2023-06-04T11:39:15,25,0,0,25
2023-06-04T11:50:56,25,0,0,25
2023-06-04T12:02:37,25,0,0,25
2023-06-04T12:14:18,25,0,0,25
2023-06-04T12:25:59,25,0,0,25
2023-06-04T12:37:39,25,0,0,25
2023-06-04T12:49:20,25,0,0,25
2023-06-04T13:01:01,25,0,0,25
2023-06-04T13:12:41,25,0,0,25
2023-06-04T13:24:22,25,0,0,25
2023-06-04T13:36:03,25,0,0,25
2023-06-04T13:47:53,25,0,0,25
2023-06-04T13:59:34,25,0,0,25
2023-06-04T14:11:15,25,0,0,25
2023-06-04T14:22:55,25,0,0,25
2023-06-04T14:34:35,25,0,0,25
2023-06-04T14:46:16,25,0,0,25
2023-06-04T14:57:56,25,0,0,25
2023-06-04T15:09:37,25,0,0,25
2023-06-04T15:21:17,25,0,0,25
2023-06-04T15:33:09,25,0,0,25
2023-06-04T15:44:50,25,0,0,25
2023-06-04T15:56:31,25,0,0,25
2023-06-04T16:08:11,25,0,0,25
2023-06-04T16:19:53,25,0,0,25
2023-06-04T16:31:34,25,0,0,25
2023-06-04T16:43:16,25,0,0,25
2023-06-04T16:54:57,25,0,0,25
2023-06-04T17:06:38,25,0,0,25
2023-06-04T17:18:20,25,0,0,25
2023-06-04T17:30:11,25,0,0,25
2023-06-04T17:41:52,25,0,0,25
2023-06-04T17:53:33,25,0,0,25
2023-06-04T18:05:13,25,0,0,25
2023-06-04T18:16:54,25,0,0,25
2023-06-04T18:28:35,25,0,0,25
2023-06-04T18:40:17,25,0,0,25
2023-06-04T18:51:57,25,0,0,25
2023-06-04T19:03:40,25,0,0,25
2023-06-04T19:15:23,25,0,0,25
2023-06-04T19:27:14,25,0,0,25
2023-06-04T19:38:55,25,0,0,25
2023-06-04T19:50:36,25,0,0,25
2023-06-04T20:02:17,25,0,0,25
2023-06-04T20:13:58,25,0,0,25
2023-06-04T20:25:39,25,0,0,25
2023-06-04T20:37:20,25,0,0,25
2023-06-04T20:49:00,25,0,0,25
2023-06-04T21:00:41,25,0,0,25
2023-06-04T21:12:23,25,0,0,25
2023-06-04T21:24:14,25,0,0,25
2023-06-04T21:35:56,25,0,0,25
2023-06-04T21:47:38,25,0,0,25
2023-06-04T21:59:19,25,0,0,25
2023-06-04T22:11:00,25,0,0,25
2023-06-04T22:22:41,25,0,0,25
2023-06-04T22:34:22,25,0,0,25
2023-06-04T22:46:03,25,0,0,25
2023-06-04T22:57:44,25,0,0,25
2023-06-04T23:09:25,25,0,0,25
2023-06-04T23:21:16,25,0,0,25
2023-06-04T23:32:58,25,0,0,25
2023-06-04T23:44:41,25,0,0,25
2023-06-04T23:56:22,25,0,0,25
2023-06-05T00:08:05,25,0,0,25
2023-06-05T00:19:53,25,0,0,25
2023-06-05T00:31:50,25,0,0,25
2023-06-05T00:43:34,25,0,0,25
2023-06-05T00:55:18,25,0,0,25
2023-06-05T01:07:09,25,0,0,25
2023-06-05T01:19:00,25,0,0,25
2023-06-05T01:30:44,25,0,0,25
2023-06-05T01:42:28,25,0,0,25
2023-06-05T01:54:11,25,0,0,25
2023-06-05T02:06:01,25,0,0,25
2023-06-05T02:17:45,25,0,0,25
2023-06-05T02:29:28,25,0,0,25
2023-06-05T02:41:11,25,0,0,25
2023-06-05T02:52:54,25,0,0,25
2023-06-05T03:04:36,25,0,0,25
2023-06-05T03:16:20,25,0,0,25
2023-06-05T03:28:04,25,0,0,25
2023-06-05T03:39:47,25,0,0,25
2023-06-05T03:51:32,25,0,0,25
2023-06-05T04:03:17,25,0,0,25
2023-06-05T04:15:03,25,0,0,25
2023-06-05T04:41:08,25,0,0,25
2023-06-05T04:53:04,25,0,0,25
2023-06-05T05:04:50,25,0,0,25
2023-06-05T05:16:34,25,0,0,25
2023-06-05T05:28:19,25,0,0,25
2023-06-05T05:40:04,25,0,0,25
2023-06-05T05:51:49,25,0,0,25
2023-06-05T06:03:33,25,0,0,25
2023-06-05T06:15:20,25,0,0,25
2023-06-05T06:27:05,25,0,0,25
2023-06-05T06:38:49,25,0,0,25
2023-06-05T06:50:33,25,0,0,25
2023-06-05T07:02:17,25,0,0,25
2023-06-05T07:14:02,25,0,0,25
2023-06-05T07:25:44,25,0,0,25
2023-06-05T07:37:25,25,0,0,25
2023-06-05T07:49:06,25,0,0,25
2023-06-05T08:00:47,25,0,0,25
2023-06-05T08:12:29,25,0,0,25
2023-06-05T08:24:10,25,0,0,25
2023-06-05T08:36:02,25,0,0,25
2023-06-05T08:47:43,25,0,0,25
2023-06-05T08:59:24,25,0,0,25
2023-06-05T09:11:06,25,0,0,25
2023-06-05T09:22:47,25,0,0,25
2023-06-05T09:34:28,25,0,0,25
2023-06-05T09:46:09,25,0,0,25
2023-06-05T09:57:51,25,0,0,25
2023-06-05T10:09:32,25,0,0,25
2023-06-05T10:21:24,25,0,0,25
2023-06-05T10:33:06,25,0,0,25
2023-06-05T10:44:47,25,0,0,25
2023-06-05T10:56:28,25,0,0,25
2023-06-05T11:08:10,25,0,0,25
2023-06-05T11:20:01,25,0,0,25
2023-06-05T11:31:43,25,0,0,25
2023-06-05T11:43:25,25,0,0,25
2023-06-05T11:55:06,25,0,0,25
2023-06-05T12:06:48,25,0,0,25
2023-06-05T12:18:29,25,0,0,25
2023-06-05T12:30:22,25,0,0,25
2023-06-05T12:42:05,25,0,0,25
2023-06-05T12:53:47,25,0,0,25
2023-06-05T13:05:29,25,0,0,25
2023-06-05T13:17:22,25,0,0,25
2023-06-05T13:29:04,25,0,0,25
2023-06-05T13:40:45,25,0,0,25
2023-06-05T13:52:26,25,0,0,25
2023-06-05T14:04:07,25,0,0,25
2023-06-05T14:15:59,25,0,0,25
2023-06-05T14:27:40,25,0,0,25
2023-06-05T14:39:25,25,0,0,25
2023-06-05T14:51:06,25,0,0,25
2023-06-05T15:02:59,25,0,0,25
2023-06-05T15:14:41,25,0,0,25
2023-06-05T15:26:24,25,0,0,25
2023-06-05T15:38:05,25,0,0,25
2023-06-05T15:49:46,25,0,0,25
2023-06-05T16:01:39,25,0,0,25
2023-06-05T16:13:20,25,0,0,25
2023-06-05T16:25:01,25,0,0,25
2023-06-05T16:36:42,25,0,0,25
2023-06-05T16:48:25,25,0,0,25
2023-06-05T17:00:17,25,0,0,25
2023-06-05T17:11:59,25,0,0,25
2023-06-05T17:23:41,25,0,0,25
2023-06-05T17:35:22,25,0,0,25
2023-06-05T17:47:06,25,0,0,25
2023-06-05T17:58:57,25,0,0,25
2023-06-05T18:10:39,25,0,0,25
2023-06-05T18:22:20,25,0,0,25
2023-06-05T18:34:01,25,0,0,25
2023-06-05T18:45:41,25,0,0,25
2023-06-05T18:57:22,25,0,0,25
2023-06-05T19:09:05,25,0,0,25
2023-06-05T19:20:56,25,0,0,25
2023-06-05T19:32:38,25,0,0,25
2023-06-05T19:44:19,25,0,0,25
2023-06-05T19:56:00,25,0,0,25
2023-06-05T20:07:42,25,0,0,25
2023-06-05T20:19:24,25,0,0,25
2023-06-05T20:31:05,25,0,0,25
2023-06-05T20:42:59,25,0,0,25
2023-06-05T20:54:40,25,0,0,25
2023-06-05T21:06:22,25,0,0,25
2023-06-05T21:18:03,25,0,0,25
2023-06-05T21:29:44,25,0,0,25
2023-06-05T21:41:26,25,0,0,25
2023-06-05T21:53:08,25,0,0,25
2023-06-05T22:05:01,25,0,0,25
2023-06-05T22:16:42,25,0,0,25
2023-06-05T22:28:24,25,0,0,25
2023-06-05T22:40:05,25,0,0,25
2023-06-05T22:51:47,25,0,0,25
2023-06-05T23:03:29,25,0,0,25
2023-06-05T23:15:22,25,0,0,25
2023-06-05T23:27:04,25,0,0,25
2023-06-05T23:38:46,25,0,0,25
2023-06-05T23:50:28,25,0,0,25
2023-06-06T00:02:10,25,0,0,25
2023-06-06T00:13:54,25,0,0,25
2023-06-06T00:25:38,25,0,0,25
2023-06-06T00:37:22,25,0,0,25
2023-06-06T00:49:07,25,0,0,25
2023-06-06T01:01:03,25,0,0,25
2023-06-06T01:12:48,25,0,0,25
2023-06-06T01:24:32,25,0,0,25
2023-06-06T01:36:17,25,0,0,25
2023-06-06T01:48:01,25,0,0,25
2023-06-06T01:59:46,25,0,0,25
2023-06-06T02:11:29,25,0,0,25
2023-06-06T02:23:13,25,0,0,25
2023-06-06T02:34:56,25,0,0,25
2023-06-06T02:46:39,25,0,0,25
2023-06-06T02:58:21,25,0,0,25
2023-06-06T03:10:04,25,0,0,25
2023-06-06T03:21:48,25,0,0,25
2023-06-06T03:33:31,25,0,0,25
2023-06-06T03:45:14,25,0,0,25
2023-06-06T03:56:59,25,0,0,25
2023-06-06T04:08:43,25,0,0,25
2023-06-06T04:36:31,25,0,0,25
2023-06-06T04:49:57,25,0,0,25
2023-06-06T05:01:44,25,0,0,25
2023-06-06T05:13:29,25,0,0,25
2023-06-06T05:25:14,25,0,0,25
2023-06-06T05:36:59,25,0,0,25
2023-06-06T05:48:43,25,0,0,25
2023-06-06T06:00:27,25,0,0,25
2023-06-06T06:12:14,25,0,0,25
2023-06-06T06:24:00,25,0,0,25
2023-06-06T06:35:45,25,0,0,25
2023-06-06T06:47:29,25,0,0,25
2023-06-06T06:59:12,25,0,0,25
2023-06-06T07:10:57,25,0,0,25
2023-06-06T07:22:41,25,0,0,25
2023-06-06T07:34:25,25,0,0,25
2023-06-06T07:46:08,25,0,0,25
2023-06-06T07:57:51,25,0,0,25
2023-06-06T08:09:34,25,0,0,25
2023-06-06T08:21:17,25,0,0,25
2023-06-06T08:33:00,25,0,0,25
2023-06-06T08:44:43,25,0,0,25
2023-06-06T08:56:36,25,0,0,25
2023-06-06T09:08:20,25,0,0,25
2023-06-06T09:20:03,25,0,0,25
2023-06-06T09:31:46,25,0,0,25
2023-06-06T09:43:29,25,0,0,25
2023-06-06T09:55:11,25,0,1,25
2023-06-06T10:06:53,25,0,1,25
2023-06-06T10:18:46,25,0,1,25
2023-06-06T10:30:28,25,0,1,25
2023-06-06T10:42:10,25,0,1,25
2023-06-06T10:53:51,25,0,1,25
2023-06-06T11:05:34,25,0,1,25
2023-06-06T11:17:17,25,0,1,25
2023-06-06T11:29:10,25,0,1,25
2023-06-06T11:40:52,25,0,1,25
2023-06-06T11:52:34,25,0,1,25
2023-06-06T12:04:15,25,0,1,25
2023-06-06T12:16:08,25,0,1,25
2023-06-06T12:27:51,25,0,1,25
2023-06-06T12:39:33,25,0,1,25
2023-06-06T12:51:15,25,0,1,25
2023-06-06T13:03:07,25,0,1,25
2023-06-06T13:14:49,25,0,1,25
2023-06-06T13:26:32,25,0,1,25
2023-06-06T13:38:14,25,0,1,25
2023-06-06T13:50:08,25,0,1,25
2023-06-06T14:01:53,25,0,1,25
2023-06-06T14:13:36,25,0,1,25
2023-06-06T14:25:20,25,0,1,25
2023-06-06T14:37:14,25,0,1,25
2023-06-06T14:48:56,25,0,1,25
2023-06-06T15:00:38,25,0,1,25
2023-06-06T15:12:21,25,0,1,25
2023-06-06T15:24:06,25,0,1,25
2023-06-06T15:35:59,25,0,1,25
2023-06-06T15:47:42,25,0,1,25
2023-06-06T15:59:24,25,0,1,25
2023-06-06T16:11:08,25,0,1,25
2023-06-06T16:23:02,25,0,1,25
2023-06-06T16:34:44,25,0,1,25
2023-06-06T16:46:27,25,0,1,25
2023-06-06T16:58:09,25,0,1,25
2023-06-06T17:10:05,25,0,1,25
2023-06-06T17:21:48,25,0,1,25
2023-06-06T17:33:31,25,0,1,25
2023-06-06T17:45:13,25,0,1,25
2023-06-06T17:56:56,25,0,1,25
2023-06-06T18:08:53,25,0,1,25
2023-06-06T18:20:35,25,0,2,25
2023-06-06T18:32:18,25,0,2,25
2023-06-06T18:44:00,25,0,2,25
2023-06-06T18:55:54,25,0,2,25
2023-06-06T19:07:35,25,0,2,25
2023-06-06T19:19:16,25,0,2,25
2023-06-06T19:30:55,25,0,2,25
2023-06-06T19:42:34,25,0,2,25
2023-06-06T19:54:25,25,0,2,25
2023-06-06T20:06:04,25,0,2,25
2023-06-06T20:17:43,25,0,2,25
2023-06-06T20:29:23,25,0,2,25
2023-06-06T20:41:02,25,0,2,25
2023-06-06T20:52:41,25,0,2,25
2023-06-06T21:04:31,25,0,2,25
2023-06-06T21:16:10,25,0,2,25
2023-06-06T21:27:49,25,0,2,25
2023-06-06T21:39:28,25,0,2,25
2023-06-06T21:51:06,25,0,2,25
2023-06-06T22:02:45,25,0,2,25
2023-06-06T22:14:34,25,0,2,25
2023-06-06T22:26:13,25,0,2,25
2023-06-06T22:37:51,25,0,2,25
2023-06-06T22:49:29,25,0,2,25
2023-06-06T23:01:08,25,0,2,25
2023-06-06T23:12:48,25,0,2,25
2023-06-06T23:24:27,25,0,2,25
2023-06-06T23:36:06,25,0,2,25
2023-06-06T23:47:57,25,0,2,25
2023-06-06T23:59:35,25,0,2,25
2023-06-07T00:11:17,25,0,2,25
2023-06-07T00:23:02,25,0,2,25
2023-06-07T00:34:43,25,0,2,25
2023-06-07T00:46:24,25,0,2,25
2023-06-07T00:58:06,25,0,2,25
2023-06-07T01:09:49,25,0,2,25
2023-06-07T01:21:42,25,0,2,25
2023-06-07T01:33:24,25,0,2,25
2023-06-07T01:45:05,25,0,2,25
2023-06-07T01:56:47,25,0,2,25
2023-06-07T02:08:28,25,0,2,25
2023-06-07T02:20:08,25,0,2,25
2023-06-07T02:31:48,25,0,2,25
2023-06-07T02:43:30,25,0,2,25
2023-06-07T02:55:13,25,0,2,25
2023-06-07T03:06:55,25,0,2,25
2023-06-07T03:18:37,25,0,2,25
2023-06-07T03:30:19,25,0,2,25
2023-06-07T03:42:02,25,0,2,25
2023-06-07T03:53:45,25,0,2,25
2023-06-07T04:05:26,25,0,2,25
2023-06-07T04:27:51,25,0,2,25
2023-06-07T04:40:38,25,0,2,25
2023-06-07T04:53:11,25,0,2,25
2023-06-07T05:04:57,25,0,2,25
2023-06-07T05:16:43,25,0,2,25
2023-06-07T05:28:28,25,0,2,25
2023-06-07T05:40:14,25,0,2,25
2023-06-07T05:51:59,25,0,2,25
2023-06-07T06:03:44,25,0,2,25
2023-06-07T06:15:28,25,0,2,25
2023-06-07T06:27:13,25,0,2,25
2023-06-07T06:38:59,25,0,2,25
2023-06-07T06:50:43,25,0,2,25
2023-06-07T07:02:27,25,0,2,25
2023-06-07T07:14:15,25,0,2,25
2023-06-07T07:25:59,25,0,2,25
2023-06-07T07:37:43,25,0,2,25
2023-06-07T07:49:25,25,0,2,25
2023-06-07T08:01:08,25,0,2,25
2023-06-07T08:12:51,25,0,2,25
2023-06-07T08:24:34,25,0,2,25
2023-06-07T08:36:25,25,0,2,25
2023-06-07T08:48:09,25,0,2,25
2023-06-07T08:59:52,25,0,2,25
2023-06-07T09:11:35,25,0,2,25
2023-06-07T09:23:18,25,0,2,25
2023-06-07T09:35:00,25,0,2,25
2023-06-07T09:46:43,25,0,2,25
2023-06-07T09:58:25,25,0,2,25
2023-06-07T10:10:21,25,0,2,25
2023-06-07T10:22:04,25,0,2,25
2023-06-07T10:33:47,25,0,2,25
2023-06-07T10:45:29,25,0,2,25
2023-06-07T10:57:23,25,0,2,25
2023-06-07T11:09:08,25,0,2,25
2023-06-07T11:20:52,25,0,2,25
2023-06-07T11:32:36,25,0,2,25
2023-06-07T11:44:41,25,0,2,25
2023-06-07T11:56:24,25,0,2,25
2023-06-07T12:08:08,25,0,2,25
2023-06-07T12:19:51,25,0,2,25
2023-06-07T12:31:45,25,0,2,25
2023-06-07T12:43:27,25,0,2,25
2023-06-07T12:55:09,25,0,2,25
2023-06-07T13:06:52,25,0,2,25
2023-06-07T13:18:35,25,0,2,25
2023-06-07T13:30:27,25,0,2,25
2023-06-07T13:42:09,25,0,2,25
2023-06-07T13:53:52,25,0,2,25
2023-06-07T14:05:51,25,0,2,25
2023-06-07T14:17:34,25,0,2,25
2023-06-07T14:29:16,25,0,2,25
2023-06-07T14:40:58,25,0,2,25
2023-06-07T14:52:50,25,0,2,25
2023-06-07T15:04:33,25,0,2,25
2023-06-07T15:16:17,25,0,2,25
2023-06-07T15:28:00,25,0,2,25
2023-06-07T15:40:04,25,0,2,25
2023-06-07T15:51:48,25,0,2,25
2023-06-07T16:03:31,25,0,2,25
2023-06-07T16:15:14,24,1,2,25
2023-06-07T16:26:57,24,1,2,25
2023-06-07T16:38:52,24,1,2,25
2023-06-07T16:50:34,24,1,2,25
2023-06-07T17:02:19,24,1,2,25
2023-06-07T17:14:23,24,1,2,25
2023-06-07T17:26:06,24,1,2,25
2023-06-07T17:37:48,24,1,2,25
2023-06-07T17:49:31,24,1,2,25
2023-06-07T18:01:15,24,1,2,25
2023-06-07T18:13:13,24,1,2,25
2023-06-07T18:24:56,24,1,2,25
2023-06-07T18:36:39,24,1,2,25
2023-06-07T18:48:21,24,1,2,25
2023-06-07T19:00:04,24,1,2,25
2023-06-07T19:11:59,24,1,2,25
2023-06-07T19:23:42,24,1,2,25
2023-06-07T19:35:25,24,1,2,25
2023-06-07T19:47:08,24,1,2,25
2023-06-07T19:58:50,24,1,2,25
2023-06-07T20:10:45,24,1,2,25
2023-06-07T20:22:27,24,1,2,25
2023-06-07T20:34:09,24,1,2,25
2023-06-07T20:45:51,24,1,2,25
2023-06-07T20:57:33,24,1,2,25
2023-06-07T21:09:15,24,1,2,25
2023-06-07T21:21:17,24,1,2,25
2023-06-07T21:33:00,24,1,2,25
2023-06-07T21:44:43,24,1,2,25
2023-06-07T21:56:25,24,1,2,25
2023-06-07T22:08:07,24,1,2,25
2023-06-07T22:20:00,24,1,2,25
2023-06-07T22:31:42,25,0,1,25
2023-06-07T22:43:25,25,0,1,25
2023-06-07T22:55:07,25,0,1,25
2023-06-07T23:06:50,25,0,1,25
2023-06-07T23:18:32,25,0,1,25
2023-06-07T23:30:25,25,0,1,25
2023-06-07T23:42:08,25,0,1,25
2023-06-07T23:53:51,25,0,1,25
2023-06-08T00:05:34,25,0,1,25
2023-06-08T00:17:20,25,0,1,25
2023-06-08T00:29:06,25,0,2,25
2023-06-08T00:40:52,25,0,2,25
2023-06-08T00:52:59,25,0,2,25
2023-06-08T01:04:45,25,0,2,25
2023-06-08T01:16:30,25,0,2,25
2023-06-08T01:28:15,25,0,2,25
2023-06-08T01:39:59,25,0,2,25
2023-06-08T01:51:45,25,0,2,25
2023-06-08T02:03:32,25,0,2,25
2023-06-08T02:15:16,25,0,2,25
2023-06-08T02:27:01,25,0,2,25
2023-06-08T02:38:45,25,0,2,25
2023-06-08T02:50:28,25,0,2,25
2023-06-08T03:02:10,25,0,2,25
2023-06-08T03:13:54,25,0,2,25
2023-06-08T03:25:49,25,0,2,25
2023-06-08T03:37:34,25,0,2,25
2023-06-08T03:49:18,25,0,2,25
2023-06-08T04:01:03,25,0,2,25
2023-06-08T04:12:51,25,0,2,25
2023-06-08T04:41:42,25,0,2,25
2023-06-08T04:53:32,25,0,2,25
2023-06-08T05:05:18,25,0,2,25
2023-06-08T05:17:04,25,0,2,25
2023-06-08T05:28:48,25,0,2,25
2023-06-08T05:40:33,25,0,2,25
2023-06-08T05:53:54,25,0,2,25
2023-06-08T06:06:02,25,0,2,25
2023-06-08T06:17:47,25,0,2,25
2023-06-08T06:29:32,25,0,2,25
2023-06-08T06:41:17,25,0,2,25
2023-06-08T06:53:03,25,0,2,25
2023-06-08T07:04:48,25,0,2,25
2023-06-08T07:16:32,25,0,2,25
2023-06-08T07:28:19,25,0,2,25
2023-06-08T07:40:03,25,0,2,25
2023-06-08T07:51:47,25,0,2,25
2023-06-08T08:03:31,25,0,2,25
2023-06-08T08:15:15,25,0,2,25
2023-06-08T08:27:00,25,0,2,25
2023-06-08T08:39:00,25,0,2,25
2023-06-08T08:50:45,25,0,2,25
2023-06-08T09:02:29,25,0,2,25
2023-06-08T09:14:12,25,0,2,25
2023-06-08T09:25:55,25,0,2,25
2023-06-08T09:37:38,25,0,2,25
2023-06-08T09:49:21,25,0,2,25
2023-06-08T10:01:04,25,0,2,25
2023-06-08T10:12:59,25,0,2,25
2023-06-08T10:24:42,25,0,2,25
2023-06-08T10:36:24,25,0,2,25
2023-06-08T10:48:07,25,0,2,25
2023-06-08T10:59:51,25,0,2,25
2023-06-08T11:11:45,25,0,2,25
2023-06-08T11:23:29,25,0,2,25
2023-06-08T11:35:12,25,0,2,25
2023-06-08T11:46:55,25,0,2,25
2023-06-08T11:58:39,25,0,2,25
2023-06-08T12:10:23,25,0,2,25
2023-06-08T12:22:17,25,0,2,25
2023-06-08T12:34:00,25,0,3,25
2023-06-08T12:45:43,25,0,3,25
2023-06-08T12:57:25,25,0,3,25
2023-06-08T13:09:09,25,0,3,25
2023-06-08T13:21:00,25,0,3,25
2023-06-08T13:32:43,25,0,3,25
2023-06-08T13:44:25,25,0,3,25
2023-06-08T13:56:08,25,0,3,25
2023-06-08T14:07:51,25,0,3,25
2023-06-08T14:19:34,25,0,3,25
2023-06-08T14:31:27,25,0,3,25
2023-06-08T14:43:10,25,0,3,25
2023-06-08T14:54:52,25,0,3,25
2023-06-08T15:06:34,25,0,3,25
2023-06-08T15:18:17,25,0,3,25
2023-06-08T15:30:17,25,0,3,25
2023-06-08T15:42:00,25,0,4,25
2023-06-08T15:53:42,25,0,4,25
2023-06-08T16:05:25,25,0,4,25
2023-06-08T16:17:07,25,0,4,25
2023-06-08T16:28:49,25,0,4,25
2023-06-08T16:40:31,25,0,4,25
2023-06-08T16:52:24,25,0,4,25
2023-06-08T17:04:07,25,0,4,25
2023-06-08T17:15:51,25,0,4,25
2023-06-08T17:27:33,25,0,4,25
2023-06-08T17:39:16,25,0,4,25
2023-06-08T17:50:58,25,0,4,25
2023-06-08T18:02:41,25,0,4,25
2023-06-08T18:14:34,25,0,4,25
2023-06-08T18:26:16,25,0,4,25
2023-06-08T18:37:58,25,0,4,25
2023-06-08T18:49:40,25,0,4,25
2023-06-08T19:01:23,25,0,4,25
2023-06-08T19:13:05,25,0,4,25
2023-06-08T19:24:48,25,0,4,25
2023-06-08T19:36:30,25,0,4,25
2023-06-08T20:07:52,25,0,4,25
2023-06-08T20:19:35,25,0,4,25
2023-06-08T20:31:17,25,0,4,25
2023-06-08T20:43:00,25,0,4,25
2023-06-08T20:54:42,25,0,4,25
2023-06-08T21:06:24,25,0,4,25
2023-06-08T21:18:06,25,0,4,25
2023-06-08T21:29:49,25,0,4,25
2023-06-08T21:41:31,25,0,4,25
2023-06-08T21:53:14,25,0,4,25
2023-06-08T22:05:06,25,0,4,25
2023-06-08T22:16:49,25,0,4,25
2023-06-08T22:28:31,25,0,4,25
2023-06-08T22:40:13,25,0,4,25
2023-06-08T22:51:55,25,0,4,25
2023-06-08T23:03:37,25,0,4,25
2023-06-08T23:15:21,25,0,4,25
2023-06-08T23:27:04,25,0,4,25
2023-06-08T23:38:47,25,0,4,25
2023-06-08T23:50:30,25,0,4,25
2023-06-09T00:02:13,25,0,4,25
2023-06-09T00:14:14,25,0,4,25
2023-06-09T00:26:01,25,0,4,25
2023-06-09T00:37:47,25,0,4,25
2023-06-09T00:49:33,25,0,4,25
2023-06-09T01:01:19,25,0,4,25
2023-06-09T01:13:05,25,0,4,25
2023-06-09T01:24:51,25,0,4,25
2023-06-09T01:36:37,25,0,4,25
2023-06-09T01:48:23,25,0,4,25
2023-06-09T02:00:11,25,0,4,25
2023-06-09T02:11:56,25,0,4,25
2023-06-09T02:23:39,25,0,4,25
2023-06-09T02:35:25,25,0,4,25
2023-06-09T02:47:41,25,0,4,25
2023-06-09T02:59:28,25,0,4,25
2023-06-09T03:11:15,25,0,4,25
2023-06-09T03:23:01,25,0,4,25
2023-06-09T03:34:47,25,0,4,25
2023-06-09T03:46:32,25,0,4,25
2023-06-09T03:58:17,25,0,4,25
2023-06-09T04:10:43,25,0,4,25
2023-06-09T04:34:45,25,0,4,25
2023-06-09T04:46:33,25,0,4,25
2023-06-09T04:58:22,25,0,4,25
2023-06-09T05:10:11,25,0,4,25
2023-06-09T05:21:57,25,0,4,25
2023-06-09T05:33:43,25,0,4,25
2023-06-09T05:45:29,25,0,4,25
2023-06-09T05:57:15,25,0,4,25
2023-06-09T06:09:00,25,0,4,25
2023-06-09T06:20:47,25,0,4,25
2023-06-09T06:32:33,25,0,4,25
2023-06-09T06:44:19,25,0,4,25
2023-06-09T06:56:04,25,0,4,25
2023-06-09T07:07:50,25,0,4,25
2023-06-09T07:19:35,25,0,4,25
2023-06-09T07:31:22,25,0,4,25
2023-06-09T07:43:06,25,0,4,25
2023-06-09T07:54:50,25,0,4,25
2023-06-09T08:06:34,25,0,4,25
2023-06-09T08:18:17,25,0,4,25
2023-06-09T08:30:01,25,0,4,25
2023-06-09T08:41:43,25,0,4,25
2023-06-09T08:53:26,25,0,4,25
2023-06-09T09:05:19,25,0,4,25
2023-06-09T09:17:02,25,0,4,25
2023-06-09T09:28:45,25,0,4,25
2023-06-09T09:40:28,25,0,4,25
2023-06-09T09:52:11,25,0,4,25
2023-06-09T10:03:56,25,0,4,25
2023-06-09T10:15:39,25,0,4,25
2023-06-09T10:27:21,25,0,4,25
2023-06-09T10:39:04,25,0,4,25
2023-06-09T10:50:46,25,0,4,25
2023-06-09T11:02:29,25,0,4,25
2023-06-09T11:14:30,25,0,4,25
2023-06-09T11:26:13,25,0,4,25
2023-06-09T11:37:55,25,0,4,25
2023-06-09T11:49:38,25,0,4,25
2023-06-09T12:01:20,25,0,4,25
2023-06-09T12:13:03,25,0,4,25
2023-06-09T12:24:46,25,0,4,25
2023-06-09T12:36:31,25,0,4,25
2023-06-09T12:48:25,25,0,4,25
2023-06-09T13:00:09,25,0,4,25
2023-06-09T13:11:53,25,0,4,25
2023-06-09T13:23:37,25,0,4,25
2023-06-09T13:35:21,25,0,4,25
2023-06-09T13:47:06,25,0,4,25
2023-06-09T13:58:49,25,0,4,25
2023-06-09T14:10:51,25,0,4,25
2023-06-09T14:22:35,25,0,4,25
2023-06-09T14:34:18,25,0,4,25
2023-06-09T14:46:03,25,0,4,25
2023-06-09T14:57:47,25,0,4,25
2023-06-09T15:09:32,25,0,4,25
2023-06-09T15:21:16,25,0,4,25
2023-06-09T15:33:00,25,0,4,25
2023-06-09T15:44:55,25,0,4,25
2023-06-09T15:56:39,25,0,4,25
2023-06-09T16:08:24,25,0,4,25
2023-06-09T16:20:09,25,0,4,25
2023-06-09T16:31:54,25,0,4,25
2023-06-09T16:43:39,25,0,4,25
2023-06-09T16:55:24,25,0,4,25
2023-06-09T17:07:10,25,0,4,25
2023-06-09T17:19:07,25,0,4,25
2023-06-09T17:30:52,25,0,4,25
2023-06-09T17:42:37,25,0,4,25
2023-06-09T17:54:22,25,0,4,25
2023-06-09T18:06:07,25,0,4,25
2023-06-09T18:17:52,25,0,4,25
2023-06-09T18:29:37,25,0,4,25
2023-06-09T18:41:22,25,0,4,25
2023-06-09T18:53:08,25,0,4,25
2023-06-09T19:05:03,25,0,4,25
2023-06-09T19:16:48,25,0,4,25
2023-06-09T19:28:33,25,0,4,25
2023-06-09T19:40:19,25,0,4,25
2023-06-09T19:52:04,25,0,4,25
2023-06-09T20:03:49,25,0,4,25
2023-06-09T20:15:34,25,0,4,25
2023-06-09T20:27:20,25,0,4,25
2023-06-09T20:39:23,25,0,4,25
2023-06-09T20:51:09,25,0,4,25
2023-06-09T21:02:53,25,0,4,25
2023-06-09T21:14:39,25,0,4,25
2023-06-09T21:26:24,25,0,4,25
2023-06-09T21:38:09,25,0,4,25
2023-06-09T21:49:54,25,0,4,25
2023-06-09T22:01:40,25,0,4,25
2023-06-09T22:13:25,25,0,4,25
2023-06-09T22:25:10,25,0,4,25
2023-06-09T22:36:55,25,0,4,25
2023-06-09T22:48:40,25,0,4,25
2023-06-09T23:00:37,25,0,4,25
2023-06-09T23:12:24,25,0,4,25
2023-06-09T23:24:09,25,0,4,25
2023-06-09T23:35:55,25,0,4,25
2023-06-09T23:47:41,25,0,4,25
2023-06-09T23:59:27,25,0,4,25
2023-06-10T00:11:15,25,0,4,25
2023-06-10T00:23:06,25,0,4,25
2023-06-10T00:34:54,25,0,4,25
2023-06-10T00:46:43,25,0,4,25
2023-06-10T00:58:53,25,0,4,25
2023-06-10T01:10:41,25,0,4,25
2023-06-10T01:22:30,25,0,4,25
2023-06-10T01:34:20,25,0,4,25
2023-06-10T01:46:10,25,0,4,25
2023-06-10T01:58:00,25,0,4,25
2023-06-10T02:09:49,25,0,4,25
2023-06-10T02:21:37,25,0,4,25
2023-06-10T02:33:24,25,0,4,25
2023-06-10T02:45:10,25,0,4,25
2023-06-10T02:56:55,25,0,4,25
2023-06-10T03:08:41,25,0,4,25
2023-06-10T03:20:28,25,0,4,25
2023-06-10T03:32:16,25,0,4,25
2023-06-10T03:44:03,25,0,4,25
2023-06-10T03:55:51,25,0,4,25
2023-06-10T04:07:40,25,0,4,25
2023-06-10T04:38:00,25,0,4,25
2023-06-10T04:51:25,25,0,4,25
2023-06-10T05:03:15,25,0,4,25
2023-06-10T05:15:04,25,0,4,25
2023-06-10T05:26:52,25,0,4,25
2023-06-10T05:38:41,25,0,4,25
2023-06-10T05:50:29,25,0,4,25
2023-06-10T06:02:18,25,0,4,25
2023-06-10T06:14:06,25,0,4,25
2023-06-10T06:25:53,25,0,4,25
2023-06-10T06:37:42,25,0,4,25
2023-06-10T06:49:31,25,0,4,25
2023-06-10T07:01:20,25,0,4,25
2023-06-10T07:13:09,25,0,4,25
2023-06-10T07:24:57,25,0,4,25
2023-06-10T07:36:45,25,0,4,25
2023-06-10T07:48:34,25,0,4,25
2023-06-10T08:00:22,25,0,4,25
2023-06-10T08:12:18,25,0,4,25
2023-06-10T08:24:06,25,0,4,25
2023-06-10T08:35:55,25,0,4,25
2023-06-10T08:47:43,25,0,4,25
2023-06-10T08:59:32,25,0,4,25
2023-06-10T09:11:19,25,0,4,25
2023-06-10T09:23:07,25,0,4,25
2023-06-10T09:34:54,25,0,4,25
2023-06-10T09:46:43,25,0,4,25
2023-06-10T09:58:30,25,0,4,25
2023-06-10T10:10:17,25,0,4,25
2023-06-10T10:22:03,25,0,4,25
2023-06-10T10:33:49,25,0,4,25
2023-06-10T10:45:35,25,0,4,25
2023-06-10T10:57:22,25,0,4,25
2023-06-10T11:09:19,25,0,4,25
2023-06-10T11:21:04,25,0,4,25
2023-06-10T11:32:49,25,0,4,25
2023-06-10T11:44:33,25,0,4,25
2023-06-10T11:56:18,25,0,4,25
2023-06-10T12:08:03,25,0,4,25
2023-06-10T12:19:48,25,0,4,25
2023-06-10T12:31:33,25,0,4,25
2023-06-10T12:43:18,25,0,4,25
2023-06-10T12:55:03,25,0,4,25
2023-06-10T13:06:48,25,0,4,25
2023-06-10T13:18:33,25,0,4,25
2023-06-10T13:30:27,25,0,4,25
2023-06-10T13:42:12,25,0,4,25
2023-06-10T13:53:57,25,0,4,25
2023-06-10T14:05:42,25,0,4,25
2023-06-10T14:17:26,25,0,4,25
2023-06-10T14:29:11,25,0,4,25
2023-06-10T14:40:57,25,0,4,25
2023-06-10T14:52:41,25,0,4,25
2023-06-10T15:04:26,25,0,4,25
2023-06-10T15:16:11,25,0,4,25
2023-06-10T15:27:56,25,0,4,25
2023-06-10T15:39:41,25,0,4,25
2023-06-10T15:51:25,25,0,4,25
2023-06-10T16:03:20,25,0,4,25
2023-06-10T16:15:05,25,0,4,25
2023-06-10T16:26:50,25,0,4,25
2023-06-10T16:38:34,25,0,4,25
2023-06-10T16:50:19,25,0,4,25
2023-06-10T17:02:04,25,0,4,25
2023-06-10T17:13:50,25,0,4,25
2023-06-10T17:25:36,25,0,4,25
2023-06-10T17:37:21,25,0,4,25
2023-06-10T17:49:06,25,0,4,25
2023-06-10T18:01:01,25,0,4,25
2023-06-10T18:12:46,25,0,4,25
2023-06-10T18:24:31,25,0,4,25
2023-06-10T18:36:16,25,0,4,25
2023-06-10T18:48:01,25,0,4,25
2023-06-10T18:59:46,25,0,4,25
2023-06-10T19:11:31,25,0,4,25
2023-06-10T19:23:16,25,0,4,25
2023-06-10T19:35:01,25,0,4,25
2023-06-10T19:46:47,25,0,4,25
2023-06-10T19:58:32,25,0,4,25
2023-06-10T20:10:17,25,0,4,25
2023-06-10T20:22:02,25,0,4,25
2023-06-10T20:33:46,25,0,4,25
2023-06-10T20:45:41,25,0,4,25
2023-06-10T20:57:26,25,0,4,25
2023-06-10T21:09:12,25,0,4,25
2023-06-10T21:20:57,25,0,4,25
2023-06-10T21:32:42,25,0,4,25
2023-06-10T21:44:27,25,0,4,25
2023-06-10T21:56:12,25,0,4,25
2023-06-10T22:07:57,25,0,4,25
2023-06-10T22:19:42,25,0,4,25
2023-06-10T22:31:27,25,0,4,25
2023-06-10T22:43:11,25,0,4,25
2023-06-10T22:54:56,25,0,4,25
2023-06-10T23:06:41,25,0,4,25
2023-06-10T23:18:27,25,0,4,25
2023-06-10T23:30:22,25,0,4,25
2023-06-10T23:42:07,25,0,4,25
2023-06-10T23:53:52,25,0,4,25
2023-06-11T00:05:38,25,0,4,25
2023-06-11T00:17:35,25,0,4,25
2023-06-11T00:29:22,25,0,4,25
2023-06-11T00:41:11,25,0,4,25
2023-06-11T00:53:00,25,0,4,25
2023-06-11T01:04:48,25,0,4,25
2023-06-11T01:16:35,25,0,4,25
2023-06-11T01:28:22,25,0,4,25
2023-06-11T01:40:11,25,0,4,25
2023-06-11T01:51:59,25,0,4,25
2023-06-11T02:03:48,25,0,4,25
2023-06-11T02:15:37,25,0,4,25
2023-06-11T02:27:24,25,0,4,25
2023-06-11T02:39:13,25,0,4,25
2023-06-11T02:51:00,25,0,4,25
2023-06-11T03:02:48,25,0,4,25
2023-06-11T03:14:36,25,0,4,25
2023-06-11T03:26:34,25,0,4,25
2023-06-11T03:38:23,25,0,4,25
2023-06-11T03:50:11,25,0,4,25
2023-06-11T04:01:59,25,0,4,25
2023-06-11T04:39:56,25,0,4,25
2023-06-11T04:53:19,25,0,4,25
2023-06-11T05:05:10,25,0,4,25
2023-06-11T05:16:58,25,0,4,25
2023-06-11T05:28:46,25,0,4,25
2023-06-11T05:40:34,25,0,4,25
2023-06-11T05:52:23,25,0,4,25
2023-06-11T06:04:10,25,0,4,25
2023-06-11T06:15:58,25,0,4,25
2023-06-11T06:27:47,25,0,4,25
2023-06-11T06:39:36,25,0,4,25
2023-06-11T06:51:23,25,0,4,25
2023-06-11T07:03:10,25,0,4,25
2023-06-11T07:14:58,25,0,4,25
2023-06-11T07:26:43,25,0,4,25
2023-06-11T07:38:28,25,0,4,25
2023-06-11T07:50:13,25,0,4,25
2023-06-11T08:01:58,25,0,4,25
2023-06-11T08:13:45,25,0,4,25
2023-06-11T08:25:34,25,0,4,25
2023-06-11T08:37:20,25,0,4,25
2023-06-11T08:49:05,25,0,4,25
2023-06-11T09:00:50,25,0,4,25
2023-06-11T09:12:35,25,0,4,25
2023-06-11T09:24:21,25,0,4,25
2023-06-11T09:36:05,25,0,4,25
2023-06-11T09:47:58,25,0,4,25
2023-06-11T09:59:43,25,0,4,25
2023-06-11T10:11:29,25,0,4,25
2023-06-11T10:23:14,25,0,4,25
2023-06-11T10:34:59,25,0,4,25
2023-06-11T10:46:43,25,0,4,25
2023-06-11T10:58:30,25,0,4,25
2023-06-11T11:10:15,25,0,4,25
2023-06-11T11:22:01,25,0,4,25
2023-06-11T11:33:48,25,0,4,25
2023-06-11T11:45:34,25,0,4,25
2023-06-11T11:57:20,25,0,4,25
2023-06-11T12:09:06,25,0,4,25
2023-06-11T12:20:53,25,0,4,25
2023-06-11T12:32:47,25,0,4,25
2023-06-11T12:44:32,25,0,4,25
2023-06-11T12:56:17,25,0,4,25
2023-06-11T13:08:03,25,0,4,25
2023-06-11T13:19:48,25,0,4,25
2023-06-11T13:31:32,25,0,4,25
2023-06-11T13:43:18,25,0,4,25
2023-06-11T13:55:03,25,0,4,25
2023-06-11T14:06:47,25,0,4,25
2023-06-11T14:18:32,25,0,4,25
2023-06-11T14:30:17,25,0,4,25
2023-06-11T14:42:12,25,0,4,25
2023-06-11T14:53:58,25,0,4,25
2023-06-11T15:05:42,25,0,4,25
2023-06-11T15:17:27,25,0,4,25
2023-06-11T15:29:11,25,0,4,25
2023-06-11T15:40:56,25,0,4,25
2023-06-11T15:52:40,25,0,4,25
2023-06-11T16:04:26,25,0,4,25
2023-06-11T16:16:12,25,0,4,25
2023-06-11T16:27:57,25,0,4,25
2023-06-11T16:39:52,25,0,4,25
2023-06-11T16:51:37,25,0,4,25
2023-06-11T17:03:22,25,0,4,25
2023-06-11T17:15:07,25,0,4,25
2023-06-11T17:26:53,25,0,4,25
2023-06-11T17:38:38,25,0,4,25
2023-06-11T17:50:23,25,0,4,25
2023-06-11T18:02:07,25,0,4,25
2023-06-11T18:13:52,25,0,4,25
2023-06-11T18:25:37,25,0,4,25
2023-06-11T18:37:22,25,0,4,25
2023-06-11T18:49:17,25,0,4,25
2023-06-11T19:01:02,25,0,4,25
2023-06-11T19:12:49,25,0,4,25
2023-06-11T19:24:34,25,0,4,25
2023-06-11T19:36:19,25,0,4,25
2023-06-11T19:48:05,25,0,4,25
2023-06-11T19:59:49,25,0,4,25
2023-06-11T20:11:34,25,0,4,25
2023-06-11T20:23:18,25,0,4,25
2023-06-11T20:35:03,25,0,4,25
2023-06-11T20:46:58,25,0,4,25
2023-06-11T20:58:42,25,0,4,25
2023-06-11T21:10:28,25,0,4,25
2023-06-11T21:22:14,25,0,4,25
2023-06-11T21:34:00,25,0,4,25
2023-06-11T21:45:46,25,0,4,25
2023-06-11T21:57:31,25,0,4,25
2023-06-11T22:09:16,25,0,4,25
2023-06-11T22:21:01,25,0,4,25
2023-06-11T22:32:46,25,0,4,25
2023-06-11T22:44:31,25,0,4,25
2023-06-11T22:56:28,25,0,4,25
2023-06-11T23:08:13,25,0,4,25
2023-06-11T23:19:58,25,0,4,25
2023-06-11T23:31:44,25,0,4,25
2023-06-11T23:43:30,25,0,4,25
2023-06-11T23:55:16,25,0,4,25
2023-06-12T00:07:02,25,0,4,25
2023-06-12T00:18:53,25,0,4,25
2023-06-12T00:30:49,25,0,4,25
2023-06-12T00:42:51,25,0,4,25
2023-06-12T00:54:39,25,0,4,25
2023-06-12T01:06:26,25,0,4,25
2023-06-12T01:18:14,25,0,4,25
2023-06-12T01:30:03,25,0,4,25
2023-06-12T01:41:52,25,0,4,25
2023-06-12T01:53:40,25,0,4,25
2023-06-12T02:05:28,25,0,4,25
2023-06-12T02:17:16,25,0,4,25
2023-06-12T02:29:02,25,0,4,25
2023-06-12T02:40:50,25,0,4,25
2023-06-12T02:52:37,25,0,4,25
2023-06-12T03:04:23,25,0,4,25
2023-06-12T03:16:11,25,0,4,25
2023-06-12T03:28:01,25,0,4,25
2023-06-12T03:39:50,25,0,4,25
2023-06-12T03:51:40,25,0,4,25
2023-06-12T04:03:28,25,0,4,25
2023-06-12T04:15:16,25,0,4,25
2023-06-12T04:36:33,25,0,4,25
2023-06-12T04:49:41,25,0,4,25
2023-06-12T05:01:49,25,0,4,25
2023-06-12T05:13:44,25,0,4,25
2023-06-12T05:25:30,25,0,4,25
2023-06-12T05:37:15,25,0,4,25
2023-06-12T05:49:03,25,0,4,25
2023-06-12T06:00:53,25,0,4,25
2023-06-12T06:12:42,25,0,4,25
2023-06-12T06:24:31,25,0,4,25
2023-06-12T06:36:19,25,0,4,25
2023-06-12T06:48:08,25,0,4,25
2023-06-12T06:59:56,25,0,4,25
2023-06-12T07:11:47,25,0,4,25
2023-06-12T07:23:36,25,0,4,25
2023-06-12T07:35:22,25,0,4,25
2023-06-12T07:47:09,25,0,4,25
2023-06-12T07:58:56,25,0,4,25
2023-06-12T08:10:44,25,0,4,25
2023-06-12T08:22:31,25,0,4,25
2023-06-12T08:34:18,25,0,4,25
2023-06-12T08:46:04,25,0,4,25
2023-06-12T08:57:59,25,0,4,25
2023-06-12T09:09:44,25,0,4,25
2023-06-12T09:21:30,25,0,4,25
2023-06-12T09:33:15,25,0,4,25
2023-06-12T09:45:00,25,0,4,25
2023-06-12T09:56:45,25,0,4,25
2023-06-12T10:08:30,25,0,4,25
2023-06-12T10:20:16,25,0,4,25
2023-06-12T10:32:01,25,0,4,25
2023-06-12T10:43:46,25,0,4,25
2023-06-12T10:55:32,25,0,4,25
2023-06-12T11:07:27,25,0,4,25
2023-06-12T11:19:13,25,0,4,25
2023-06-12T11:30:58,25,0,4,25
2023-06-12T11:42:43,25,0,4,25
2023-06-12T11:54:29,25,0,4,25
2023-06-12T12:06:16,25,0,4,25
2023-06-12T12:18:01,25,0,4,25
2023-06-12T12:29:47,25,0,4,25
2023-06-12T12:41:43,25,0,4,25
2023-06-12T12:53:28,25,0,4,25
2023-06-12T13:05:13,25,0,4,25
2023-06-12T13:16:59,25,0,4,25
2023-06-12T13:28:45,25,0,4,25
2023-06-12T13:40:31,25,0,4,25
2023-06-12T13:52:16,25,0,4,25
2023-06-12T14:04:11,25,0,4,25
2023-06-12T14:15:57,25,0,4,25
2023-06-12T14:27:43,25,0,4,25
2023-06-12T14:39:28,25,0,4,25
2023-06-12T14:51:13,25,0,4,25
2023-06-12T15:02:58,25,0,4,25
2023-06-12T15:14:43,25,0,4,25
2023-06-12T15:26:29,25,0,4,25
2023-06-12T15:38:25,25,0,4,25
2023-06-12T15:50:10,25,0,4,25
2023-06-12T16:01:56,25,0,4,25
2023-06-12T16:13:41,25,0,4,25
2023-06-12T16:25:26,25,0,4,25
2023-06-12T16:37:11,25,0,4,25
2023-06-12T16:48:57,25,0,4,25
2023-06-12T17:00:52,25,0,4,25
2023-06-12T17:12:39,25,0,4,25
2023-06-12T17:24:25,25,0,4,25
2023-06-12T17:36:11,25,0,4,25
2023-06-12T17:47:57,25,0,4,25
2023-06-12T17:59:42,25,0,4,25
2023-06-12T18:11:27,25,0,4,25
2023-06-12T18:23:22,25,0,4,25
2023-06-12T18:35:07,25,0,4,25
2023-06-12T18:46:52,25,0,4,25
2023-06-12T18:58:37,25,0,4,25
2023-06-12T19:10:23,25,0,4,25
2023-06-12T19:22:08,25,0,4,25
2023-06-12T19:33:53,25,0,4,25
2023-06-12T19:45:38,25,0,4,25
2023-06-12T19:57:23,25,0,4,25
2023-06-12T20:09:19,25,0,4,25
2023-06-12T20:21:04,25,0,4,25
2023-06-12T20:32:49,25,0,4,25
2023-06-12T20:44:34,25,0,4,25
2023-06-12T20:56:19,25,0,4,25
2023-06-12T21:08:04,25,0,4,25
2023-06-12T21:20:00,25,0,4,25
2023-06-12T21:31:46,25,0,4,25
2023-06-12T21:43:31,25,0,4,25
2023-06-12T21:55:17,25,0,4,25
2023-06-12T22:07:02,25,0,4,25
2023-06-12T22:18:49,25,0,4,25
2023-06-12T22:30:34,25,0,4,25
2023-06-12T22:42:20,25,0,4,25
2023-06-12T22:54:05,25,0,4,25
2023-06-12T23:05:51,25,0,4,25
2023-06-12T23:17:47,25,0,4,25
2023-06-12T23:29:34,25,0,4,25
2023-06-12T23:41:20,25,0,4,25
2023-06-12T23:53:05,25,0,4,25
2023-06-13T00:04:52,25,0,4,25
2023-06-13T00:16:41,25,0,4,25
2023-06-13T00:28:32,25,0,4,25
2023-06-13T00:40:20,25,0,4,25
2023-06-13T00:52:09,25,0,4,25
2023-06-13T01:03:57,25,0,4,25
2023-06-13T01:15:47,25,0,4,25
2023-06-13T01:27:36,25,0,4,25
2023-06-13T01:39:25,25,0,4,25
2023-06-13T01:51:23,25,0,4,25
2023-06-13T02:03:10,25,0,4,25
2023-06-13T02:14:55,25,0,4,25
2023-06-13T02:26:40,25,0,4,25
2023-06-13T02:38:26,25,0,4,25
2023-06-13T02:50:12,25,0,4,25
2023-06-13T03:02:00,25,0,4,25
2023-06-13T03:13:49,25,0,4,25
2023-06-13T03:25:36,25,0,4,25
2023-06-13T03:37:24,25,0,4,25
2023-06-13T03:49:11,25,0,4,25
2023-06-13T04:00:59,25,0,4,25
2023-06-13T04:30:21,25,0,4,25
2023-06-13T04:43:32,25,0,4,25
2023-06-13T04:55:41,25,0,4,25
2023-06-13T05:07:30,25,0,4,25
2023-06-13T05:19:16,25,0,4,25
2023-06-13T05:31:17,25,0,4,25
2023-06-13T05:43:07,25,0,4,25
2023-06-13T05:54:56,25,0,4,25
2023-06-13T06:06:45,25,0,4,25
2023-06-13T06:18:33,25,0,4,25
2023-06-13T06:30:21,25,0,4,25
2023-06-13T06:42:09,25,0,4,25
2023-06-13T06:53:58,25,0,4,25
2023-06-13T07:05:47,25,0,4,25
2023-06-13T07:17:35,25,0,4,25
2023-06-13T07:29:22,25,0,4,25
2023-06-13T07:41:08,25,0,4,25
2023-06-13T07:52:54,25,0,4,25
2023-06-13T08:04:42,25,0,4,25
2023-06-13T08:16:30,25,0,4,25
2023-06-13T08:28:17,25,0,4,25
2023-06-13T08:40:03,25,0,4,25
2023-06-13T08:51:58,25,0,4,25
2023-06-13T09:03:46,25,0,4,25
2023-06-13T09:15:34,25,0,4,25
2023-06-13T09:27:21,25,0,4,25
2023-06-13T09:39:07,25,0,4,25
2023-06-13T09:50:55,25,0,4,25
2023-06-13T10:02:42,25,0,4,25
2023-06-13T10:14:30,25,0,4,25
2023-06-13T10:26:31,25,0,4,25
2023-06-13T10:38:19,25,0,4,25
2023-06-13T10:50:04,25,0,4,25
2023-06-13T11:01:50,25,0,4,25
2023-06-13T11:13:36,25,0,4,25
2023-06-13T11:25:23,25,0,4,25
2023-06-13T11:37:08,25,0,4,25
2023-06-13T11:48:54,25,0,4,25
2023-06-13T12:00:51,25,0,4,25
2023-06-13T12:12:37,25,0,4,25
2023-06-13T12:24:24,25,0,4,25
2023-06-13T12:36:09,25,0,4,25
2023-06-13T12:47:55,25,0,4,25
2023-06-13T12:59:41,25,0,4,25
2023-06-13T13:11:26,25,0,4,25
2023-06-13T13:23:12,25,0,4,25
2023-06-13T13:34:58,25,0,4,25
2023-06-13T13:46:56,25,0,4,25
2023-06-13T13:58:43,25,0,4,25
2023-06-13T14:10:31,25,0,4,25
2023-06-13T14:22:18,25,0,4,25
2023-06-13T14:34:05,25,0,4,25
2023-06-13T14:45:53,25,0,4,25
2023-06-13T14:57:40,25,0,4,25
2023-06-13T15:09:27,25,0,4,25
2023-06-13T15:21:27,25,0,4,25
2023-06-13T15:33:14,25,0,4,25
2023-06-13T15:45:01,25,0,4,25
2023-06-13T15:56:49,25,0,4,25
2023-06-13T16:08:36,25,0,4,25
2023-06-13T16:20:23,25,0,4,25
2023-06-13T16:32:10,25,0,4,25
2023-06-13T16:43:57,25,0,4,25
2023-06-13T16:55:55,25,0,4,25
2023-06-13T17:07:43,25,0,4,25
2023-06-13T17:19:31,25,0,4,25
2023-06-13T17:31:19,25,0,4,25
2023-06-13T17:43:06,25,0,4,25
2023-06-13T17:54:53,25,0,4,25
2023-06-13T18:06:40,25,0,4,25
2023-06-13T18:18:28,25,0,4,25
2023-06-13T18:30:15,25,0,4,25
2023-06-13T18:42:02,25,0,4,25
2023-06-13T18:53:58,25,0,4,25
2023-06-13T19:05:46,25,0,4,25
2023-06-13T19:17:33,25,0,4,25
2023-06-13T19:29:20,25,0,4,25
2023-06-13T19:41:07,25,0,4,25
2023-06-13T19:52:54,25,0,4,25
2023-06-13T20:04:42,25,0,4,25
2023-06-13T20:16:29,25,0,4,25
2023-06-13T20:28:16,25,0,4,25
2023-06-13T20:40:03,25,0,4,25
2023-06-13T20:52:02,25,0,4,25
2023-06-13T21:03:49,25,0,4,25
2023-06-13T21:15:36,25,0,4,25
2023-06-13T21:27:23,25,0,4,25
2023-06-13T21:39:10,25,0,4,25
2023-06-13T21:50:58,25,0,4,25
2023-06-13T22:02:46,25,0,4,25
2023-06-13T22:14:38,25,0,4,25
2023-06-13T22:26:25,25,0,4,25
2023-06-13T22:38:22,25,0,4,25
2023-06-13T22:50:09,25,0,4,25
2023-06-13T23:01:57,25,0,4,25
2023-06-13T23:13:46,25,0,4,25
2023-06-13T23:25:33,25,0,4,25
2023-06-13T23:37:21,25,0,4,25
2023-06-13T23:49:09,25,0,4,25
2023-06-14T00:00:56,25,0,4,25
2023-06-14T00:12:47,25,0,4,25
2023-06-14T00:24:39,25,0,4,25
2023-06-14T00:36:29,25,0,4,25
2023-06-14T00:48:19,25,0,4,25
2023-06-14T01:00:21,25,0,4,25
2023-06-14T01:12:13,25,0,4,25
2023-06-14T01:24:04,25,0,4,25
2023-06-14T01:35:56,25,0,4,25
2023-06-14T01:47:49,25,0,4,25
2023-06-14T01:59:40,25,0,4,25
2023-06-14T02:11:31,25,0,4,25
2023-06-14T02:23:20,25,0,4,25
2023-06-14T02:35:09,25,0,4,25
2023-06-14T02:47:00,25,0,4,25
2023-06-14T02:58:51,25,0,4,25
2023-06-14T03:10:41,25,0,4,25
2023-06-14T03:22:43,25,0,4,25
2023-06-14T03:34:36,25,0,4,25
2023-06-14T03:46:27,25,0,4,25
2023-06-14T03:58:17,25,0,4,25
2023-06-14T04:10:08,25,0,4,25
2023-06-14T04:38:59,25,0,4,25
2023-06-14T04:50:53,25,0,4,25
2023-06-14T05:02:45,25,0,4,25
2023-06-14T05:14:36,25,0,4,25
2023-06-14T05:26:26,25,0,4,25
2023-06-14T05:38:17,25,0,4,25
2023-06-14T05:50:09,25,0,4,25
2023-06-14T06:02:00,25,0,4,25
2023-06-14T06:13:51,25,0,4,25
2023-06-14T06:25:42,25,0,4,25
2023-06-14T06:37:36,25,0,4,25
2023-06-14T06:49:35,25,0,4,25
2023-06-14T07:01:25,25,0,4,25
2023-06-14T07:13:15,25,0,4,25
2023-06-14T07:25:17,25,0,4,25
2023-06-14T07:37:06,25,0,4,25
2023-06-14T07:48:55,25,0,4,25
2023-06-14T08:00:45,25,0,4,25
2023-06-14T08:12:34,25,0,4,25
2023-06-14T08:24:32,25,0,4,25
2023-06-14T08:36:23,25,0,4,25
2023-06-14T08:48:12,25,0,4,25
2023-06-14T09:00:00,25,0,4,25
2023-06-14T09:11:49,25,0,4,25
2023-06-14T09:23:38,25,0,4,25
2023-06-14T09:35:26,25,0,4,25
2023-06-14T09:47:14,25,0,4,25
2023-06-14T09:59:13,25,0,4,25
2023-06-14T10:11:03,25,0,4,25
2023-06-14T10:22:52,25,0,4,25
2023-06-14T10:34:41,25,0,4,25
2023-06-14T10:46:31,25,0,4,25
2023-06-14T10:58:19,25,0,4,25
2023-06-14T11:10:09,25,0,4,25
2023-06-14T11:21:58,25,0,4,25
2023-06-14T11:33:49,25,0,4,25
2023-06-14T11:45:50,25,0,4,25
2023-06-14T11:57:39,25,0,4,25
2023-06-14T12:09:28,25,0,4,25
2023-06-14T12:21:16,25,0,4,25
2023-06-14T12:33:04,25,0,4,25
2023-06-14T12:44:53,25,0,4,25
2023-06-14T12:56:42,25,0,4,25
2023-06-14T13:08:31,25,0,4,25
2023-06-14T13:20:31,25,0,4,25
2023-06-14T13:32:21,25,0,4,25
2023-06-14T13:44:16,25,0,4,25
2023-06-14T13:56:17,25,0,4,25
2023-06-14T14:08:21,25,0,4,25
2023-06-14T14:20:30,25,0,4,25
2023-06-14T14:32:46,25,0,4,25
2023-06-14T14:45:01,25,0,4,25
2023-06-14T14:57:28,25,0,4,25
2023-06-14T15:09:42,25,0,4,25
2023-06-14T15:21:56,25,0,4,25
2023-06-14T15:34:11,25,0,4,25
2023-06-14T15:46:26,25,0,4,25
2023-06-14T15:58:41,25,0,4,25
2023-06-14T16:10:58,25,0,4,25
2023-06-14T16:23:22,25,0,4,25
2023-06-14T16:35:37,25,0,4,25
2023-06-14T16:47:53,25,0,4,25
2023-06-14T17:00:08,25,0,4,25
2023-06-14T17:12:24,25,0,4,25
2023-06-14T17:24:39,25,0,4,25
2023-06-14T17:36:53,25,0,4,25
2023-06-14T17:49:19,25,0,4,25
2023-06-14T18:01:33,25,0,4,25
2023-06-14T18:13:48,25,0,4,25
2023-06-14T18:26:01,25,0,4,25
2023-06-14T18:38:15,25,0,4,25
2023-06-14T18:50:29,25,0,4,25
2023-06-14T19:02:44,25,0,4,25
2023-06-14T19:15:10,25,0,4,25
2023-06-14T19:27:24,25,0,4,25
2023-06-14T19:39:38,25,0,4,25
2023-06-14T19:51:52,25,0,4,25
2023-06-14T20:04:10,25,0,4,25
2023-06-14T20:16:24,25,0,4,25
2023-06-14T20:28:38,25,0,4,25
2023-06-14T20:40:51,25,0,4,25
2023-06-14T20:53:16,25,0,4,25
2023-06-14T21:05:31,25,0,4,25
2023-06-14T21:17:45,25,0,4,25
2023-06-14T21:29:58,25,0,4,25
2023-06-14T21:42:13,25,0,4,25
2023-06-14T21:54:27,25,0,4,25
2023-06-14T22:06:41,25,0,4,25
2023-06-14T22:18:55,25,0,4,25
2023-06-14T22:31:09,25,0,4,25
2023-06-14T22:43:34,25,0,4,25
2023-06-14T22:55:49,25,0,4,25
2023-06-14T23:08:05,25,0,4,25
2023-06-14T23:20:20,25,0,4,25
2023-06-14T23:32:34,25,0,4,25
2023-06-14T23:44:48,25,0,4,25
2023-06-14T23:57:02,25,0,4,25
2023-06-15T00:09:18,25,0,4,25
2023-06-15T00:21:38,25,0,4,25
2023-06-15T00:33:56,25,0,4,25
2023-06-15T00:46:16,25,0,4,25
2023-06-15T00:58:47,25,0,4,25
2023-06-15T01:11:05,25,0,4,25
2023-06-15T01:23:22,25,0,4,25
2023-06-15T01:35:39,25,0,4,25
2023-06-15T01:47:56,25,0,4,25
2023-06-15T02:00:13,25,0,4,25
2023-06-15T02:12:30,25,0,4,25
2023-06-15T02:24:47,25,0,4,25
2023-06-15T02:37:04,25,0,4,25
2023-06-15T02:49:19,25,0,4,25
2023-06-15T03:01:34,25,0,4,25
2023-06-15T03:14:01,25,0,4,25
2023-06-15T03:26:18,25,0,4,25
2023-06-15T03:38:35,25,0,4,25
2023-06-15T03:50:51,25,0,4,25
2023-06-15T04:03:08,25,0,4,25
2023-06-15T04:31:31,25,0,4,25
2023-06-15T04:43:51,25,0,4,25
2023-06-15T04:57:48,25,0,4,25
2023-06-15T05:10:07,25,0,4,25
2023-06-15T05:22:26,25,0,4,25
2023-06-15T05:34:44,25,0,4,25
2023-06-15T05:47:02,25,0,4,25
2023-06-15T05:59:20,25,0,4,25
2023-06-15T06:11:36,25,0,4,25
2023-06-15T06:23:54,25,0,4,25
2023-06-15T06:36:10,25,0,4,25
2023-06-15T06:48:27,25,0,4,25
2023-06-15T07:00:43,25,0,4,25
2023-06-15T07:13:00,25,0,4,25
2023-06-15T07:25:18,25,0,4,25
2023-06-15T07:37:44,25,0,4,25
2023-06-15T07:50:00,25,0,4,25
2023-06-15T08:02:16,25,0,4,25
2023-06-15T08:14:32,25,0,4,25
2023-06-15T08:26:49,25,0,4,25
2023-06-15T08:39:05,25,0,4,25
2023-06-15T08:51:20,25,0,4,25
2023-06-15T09:03:37,25,0,4,25
2023-06-15T09:15:52,25,0,4,25
2023-06-15T09:28:07,25,0,4,25
2023-06-15T09:40:23,25,0,4,25
2023-06-15T09:52:38,25,0,4,25
2023-06-15T10:05:02,25,0,4,25
2023-06-15T10:17:17,25,0,4,25
2023-06-15T10:29:31,25,0,4,25
2023-06-15T10:41:45,25,0,4,25
2023-06-15T10:53:59,25,0,4,25
2023-06-15T11:06:13,25,0,4,25
2023-06-15T11:18:27,25,0,4,25
2023-06-15T11:30:41,25,0,4,25
2023-06-15T11:43:06,25,0,4,25
2023-06-15T11:55:20,25,0,4,25
2023-06-15T12:07:38,25,0,4,25
2023-06-15T12:19:51,25,0,4,25
2023-06-15T12:32:07,25,0,4,25
2023-06-15T12:44:22,25,0,4,25
2023-06-15T12:56:36,25,0,4,25
2023-06-15T13:08:49,25,0,4,25
2023-06-15T13:21:13,25,0,4,25
2023-06-15T13:33:28,25,0,4,25
2023-06-15T13:45:43,25,0,4,25
2023-06-15T13:57:57,25,0,4,25
2023-06-15T14:10:11,25,0,4,25
2023-06-15T14:22:26,25,0,4,25
2023-06-15T14:34:52,25,0,4,25
2023-06-15T14:47:06,25,0,4,25
2023-06-15T14:59:20,25,0,4,25
2023-06-15T15:11:34,25,0,4,25
2023-06-15T15:23:48,25,0,4,25
2023-06-15T15:36:02,25,0,4,25
2023-06-15T15:48:16,25,0,4,25
2023-06-15T16:00:31,25,0,4,25
2023-06-15T16:12:56,25,0,4,25
2023-06-15T16:25:10,25,0,4,25
2023-06-15T16:37:24,25,0,4,25
2023-06-15T16:49:37,25,0,4,25
2023-06-15T17:01:51,25,0,4,25
2023-06-15T17:14:06,25,0,4,25
2023-06-15T17:26:20,25,0,4,25
2023-06-15T17:38:35,25,0,4,25
2023-06-15T17:50:59,25,0,4,25
2023-06-15T18:03:13,25,0,4,25
2023-06-15T18:15:28,25,0,4,25
2023-06-15T18:27:42,25,0,4,25
2023-06-15T18:39:57,25,0,4,25
2023-06-15T18:52:11,25,0,4,25
2023-06-15T19:04:26,25,0,4,25
2023-06-15T19:16:40,25,0,4,25
2023-06-15T19:28:54,25,0,4,25
2023-06-15T19:41:20,25,0,4,25
2023-06-15T19:53:34,25,0,4,25
2023-06-15T20:05:48,25,0,4,25
2023-06-15T20:18:02,25,0,4,25
2023-06-15T20:30:16,25,0,4,25
2023-06-15T20:42:30,25,0,4,25
2023-06-15T20:54:44,25,0,4,25
2023-06-15T21:07:10,25,0,4,25
2023-06-15T21:19:25,25,0,4,25
2023-06-15T21:31:40,25,0,4,25
2023-06-15T21:43:55,25,0,4,25
2023-06-15T21:56:09,25,0,4,25
2023-06-15T22:08:23,25,0,4,25
2023-06-15T22:20:37,25,0,4,25
2023-06-15T22:32:53,25,0,4,25
2023-06-15T22:45:06,25,0,4,25
2023-06-15T22:57:21,25,0,4,25
2023-06-15T23:09:47,25,0,4,25
2023-06-15T23:22:02,25,0,4,25
2023-06-15T23:34:18,25,0,4,25
2023-06-15T23:46:33,25,0,4,25
2023-06-15T23:58:48,25,0,4,25
2023-06-16T00:11:03,25,0,4,25
2023-06-16T00:23:20,25,0,4,25
2023-06-16T00:35:33,25,0,4,25
2023-06-16T00:47:47,25,0,4,25
2023-06-16T01:00:03,25,0,4,25
2023-06-16T01:12:18,25,0,4,25
2023-06-16T01:24:44,25,0,4,25
2023-06-16T01:36:58,25,0,4,25
2023-06-16T01:49:12,25,0,4,25
2023-06-16T02:01:26,25,0,4,25
2023-06-16T02:13:44,25,0,4,25
2023-06-16T02:25:58,25,0,4,25
2023-06-16T02:38:13,25,0,4,25
2023-06-16T02:50:29,25,0,4,25
2023-06-16T03:02:46,25,0,4,25
2023-06-16T03:15:03,25,0,4,25
2023-06-16T03:27:22,25,0,4,25
2023-06-16T03:39:40,25,0,4,25
2023-06-16T03:51:57,25,0,4,25
2023-06-16T04:04:15,25,0,4,25
2023-06-16T04:27:29,25,0,4,25
2023-06-16T04:39:49,25,0,4,25
2023-06-16T04:53:35,25,0,4,25
2023-06-16T05:06:14,25,0,4,25
2023-06-16T05:18:32,25,0,4,25
2023-06-16T05:30:50,25,0,4,25
2023-06-16T05:43:08,25,0,4,25
2023-06-16T05:55:27,25,0,4,25
2023-06-16T06:07:45,25,0,4,25
2023-06-16T06:20:02,25,0,4,25
2023-06-16T06:32:19,25,0,4,25
2023-06-16T06:44:37,25,0,4,25
2023-06-16T06:56:55,25,0,4,25
2023-06-16T07:09:12,25,0,4,25
2023-06-16T07:21:28,25,0,4,25
2023-06-16T07:33:44,25,0,4,25
2023-06-16T07:45:58,25,0,4,25
2023-06-16T07:58:15,25,0,4,25
2023-06-16T08:10:32,25,0,4,25
2023-06-16T08:22:58,25,0,4,25
2023-06-16T08:35:16,25,0,4,25
2023-06-16T08:47:33,25,0,4,25
2023-06-16T08:59:51,25,0,4,25
2023-06-16T09:12:08,25,0,4,25
2023-06-16T09:24:24,25,0,4,25
2023-06-16T09:36:40,25,0,4,25
2023-06-16T09:48:54,25,0,4,25
2023-06-16T10:01:10,25,0,4,25
2023-06-16T10:13:26,25,0,4,25
2023-06-16T11:10:30,25,0,4,25
2023-06-16T11:22:46,25,0,4,25
2023-06-16T11:35:02,25,0,4,25
2023-06-16T11:47:17,25,0,4,25
2023-06-16T11:59:42,25,0,4,25
2023-06-16T12:11:57,25,0,4,25
2023-06-16T12:24:14,25,0,4,25
2023-06-16T12:36:29,25,0,4,25
2023-06-16T12:48:44,25,0,4,25
2023-06-16T13:01:00,25,0,4,25
2023-06-16T13:13:15,25,0,4,25
2023-06-16T13:25:31,25,0,4,25
2023-06-16T13:37:46,25,0,4,25
2023-06-16T13:50:12,25,0,4,25
2023-06-16T14:02:28,25,0,4,25
2023-06-16T14:14:43,25,0,4,25
2023-06-16T14:26:59,25,0,4,25
2023-06-16T14:39:14,25,0,4,25
2023-06-16T14:51:29,25,0,4,25
2023-06-16T15:03:45,25,0,4,25
2023-06-16T15:16:00,25,0,4,25
2023-06-16T15:28:28,25,0,4,25
2023-06-16T15:40:43,25,0,4,25
2023-06-16T15:52:59,25,0,4,25
2023-06-16T16:05:15,25,0,4,25
2023-06-16T16:17:30,25,0,4,25
2023-06-16T16:29:46,25,0,4,25
2023-06-16T16:42:01,25,0,4,25
2023-06-16T16:54:16,25,0,4,25
2023-06-16T17:06:32,25,0,4,25
2023-06-16T17:18:58,25,0,4,25
2023-06-16T17:31:14,25,0,4,25
2023-06-16T17:43:30,25,0,4,25
2023-06-16T17:55:45,25,0,4,25
2023-06-16T18:08:00,25,0,4,25
2023-06-16T18:20:16,25,0,4,25
2023-06-16T18:32:32,25,0,4,25
2023-06-16T18:44:47,25,0,4,25
2023-06-16T18:57:03,25,0,4,25
2023-06-16T19:09:19,25,0,4,25
2023-06-16T19:21:47,25,0,4,25
2023-06-16T19:34:03,25,0,4,25
2023-06-16T19:46:18,25,0,4,25
2023-06-16T19:58:34,25,0,4,25
2023-06-16T20:10:50,25,0,4,25
2023-06-16T20:23:06,25,0,4,25
2023-06-16T20:35:21,25,0,4,25
2023-06-16T20:47:38,25,0,4,25
2023-06-16T20:59:53,25,0,4,25
2023-06-16T21:12:09,25,0,4,25
2023-06-16T21:24:35,25,0,4,25
2023-06-16T21:36:50,25,0,4,25
2023-06-16T21:49:06,25,0,4,25
2023-06-16T22:01:22,25,0,4,25
2023-06-16T22:13:37,25,0,4,25
2023-06-16T22:25:53,25,0,4,25
2023-06-16T22:38:08,25,0,4,25
2023-06-16T22:50:23,25,0,4,25
2023-06-16T23:02:40,25,0,4,25
2023-06-16T23:15:08,25,0,4,25
2023-06-16T23:27:24,25,0,4,25
2023-06-16T23:39:40,25,0,4,25
2023-06-16T23:51:56,25,0,4,25
2023-06-17T00:04:13,25,0,4,25
2023-06-17T00:16:37,25,0,4,25
2023-06-17T00:28:56,25,0,4,25
2023-06-17T00:41:17,25,0,4,25
2023-06-17T00:53:36,25,0,4,25
2023-06-17T01:05:55,25,0,4,25
2023-06-17T01:18:15,25,0,4,25
2023-06-17T01:30:34,25,0,4,25
2023-06-17T01:42:53,25,0,4,25
2023-06-17T01:55:12,25,0,4,25
2023-06-17T02:07:41,25,0,4,25
2023-06-17T02:20:02,25,0,4,25
2023-06-17T02:32:21,25,0,4,25
2023-06-17T02:44:39,25,0,4,25
2023-06-17T02:56:55,25,0,4,25
2023-06-17T03:09:12,25,0,4,25
2023-06-17T03:21:29,25,0,4,25
2023-06-17T03:33:47,25,0,4,25
2023-06-17T03:46:05,25,0,4,25
2023-06-17T03:58:23,25,0,4,25
2023-06-17T04:10:41,25,0,4,25
2023-06-17T04:39:33,25,0,4,25
2023-06-17T04:53:25,25,0,4,25
2023-06-17T05:05:45,25,0,4,25
2023-06-17T05:18:02,25,0,4,25
2023-06-17T05:30:18,25,0,4,25
2023-06-17T05:42:54,25,0,4,25
2023-06-17T05:55:12,25,0,4,25
2023-06-17T06:07:34,25,0,4,25
2023-06-17T06:19:52,25,0,4,25
2023-06-17T06:32:11,25,0,4,25
2023-06-17T06:44:30,25,0,4,25
2023-06-17T06:56:49,25,0,4,25
2023-06-17T07:09:08,25,0,4,25
2023-06-17T07:21:27,25,0,4,25
2023-06-17T07:33:45,25,0,4,25
2023-06-17T07:46:16,25,0,4,25
2023-06-17T07:58:34,25,0,4,25
2023-06-17T08:10:53,25,0,4,25
2023-06-17T08:23:11,25,0,4,25
2023-06-17T08:35:30,25,0,4,25
2023-06-17T08:47:49,25,0,4,25
2023-06-17T09:00:08,25,0,4,25
2023-06-17T09:12:26,25,0,4,25
2023-06-17T09:24:45,25,0,4,25
2023-06-17T09:37:04,25,0,4,25
2023-06-17T09:49:21,25,0,4,25
2023-06-17T10:01:51,25,0,4,25
2023-06-17T10:14:10,25,0,4,25
2023-06-17T10:26:28,25,0,4,25
2023-06-17T10:38:47,25,0,4,25
2023-06-17T10:51:05,25,0,4,25
2023-06-17T11:03:23,25,0,4,25
2023-06-17T11:15:42,25,0,4,25
2023-06-17T11:27:59,25,0,4,25
2023-06-17T11:40:17,25,0,4,25
2023-06-17T11:52:45,25,0,4,25
2023-06-17T12:05:03,25,0,4,25
2023-06-17T12:17:19,25,0,4,25
2023-06-17T12:29:34,25,0,4,25
2023-06-17T12:41:49,25,0,4,25
2023-06-17T12:54:04,25,0,4,25
2023-06-17T13:06:20,25,0,4,25
2023-06-17T13:18:35,25,0,4,25
2023-06-17T13:31:09,25,0,4,25
2023-06-17T13:43:26,25,0,4,25
2023-06-17T13:55:42,25,0,4,25
2023-06-17T14:07:57,25,0,4,25
2023-06-17T14:20:12,25,0,4,25
2023-06-17T14:32:28,25,0,4,25
2023-06-17T14:44:44,25,0,4,25
2023-06-17T14:56:59,25,0,4,25
2023-06-17T15:09:14,25,0,4,25
2023-06-17T15:21:30,25,0,4,25
2023-06-17T15:33:45,25,0,4,25
2023-06-17T15:46:10,25,0,4,25
2023-06-17T15:58:25,25,0,4,25
2023-06-17T16:10:40,25,0,4,25
2023-06-17T16:22:55,25,0,4,25
2023-06-17T16:35:10,25,0,4,25
2023-06-17T16:47:26,25,0,4,25
2023-06-17T16:59:41,25,0,4,25
2023-06-17T17:11:57,25,0,4,25
2023-06-17T17:24:12,25,0,4,25
2023-06-17T17:36:28,25,0,4,25
2023-06-17T17:48:43,25,0,4,25
2023-06-17T18:01:08,25,0,4,25
2023-06-17T18:13:24,25,0,4,25
2023-06-17T18:25:39,25,0,4,25
2023-06-17T18:37:55,25,0,4,25
2023-06-17T18:50:11,25,0,4,25
2023-06-17T19:02:27,25,0,4,25
2023-06-17T19:14:42,25,0,4,25
2023-06-17T19:26:57,25,0,4,25
2023-06-17T19:39:13,25,0,4,25
2023-06-17T19:51:28,25,0,4,25
2023-06-17T20:03:44,25,0,4,25
2023-06-17T20:15:59,25,0,4,25
2023-06-17T20:28:14,25,0,4,25
2023-06-17T20:40:40,25,0,4,25
2023-06-17T20:52:55,25,0,4,25
2023-06-17T21:05:10,25,0,4,25
2023-06-17T21:17:25,25,0,4,25
2023-06-17T21:29:41,25,0,4,25
2023-06-17T21:41:56,25,0,4,25
2023-06-17T21:54:12,25,0,4,25
2023-06-17T22:06:27,25,0,4,25
2023-06-17T22:18:43,25,0,4,25
2023-06-17T22:30:58,25,0,4,25
2023-06-17T22:43:14,25,0,4,25
2023-06-17T22:55:29,25,0,4,25
2023-06-17T23:07:58,25,0,4,25
2023-06-17T23:20:14,25,0,4,25
2023-06-17T23:32:30,25,0,4,25
2023-06-17T23:44:46,25,0,4,25
2023-06-17T23:57:02,25,0,4,25
2023-06-18T00:09:19,25,0,4,25
2023-06-18T00:21:37,25,0,4,25
2023-06-18T00:33:53,25,0,4,25
2023-06-18T00:46:09,25,0,4,25
2023-06-18T01:27:52,25,0,4,25
2023-06-18T01:40:12,25,0,4,25
2023-06-18T01:52:31,25,0,4,25
2023-06-18T02:04:51,25,0,4,25
2023-06-18T02:17:57,25,0,4,25
2023-06-18T02:30:15,25,0,4,25
2023-06-18T02:42:33,25,0,4,25
2023-06-18T02:54:53,25,0,4,25
2023-06-18T03:07:13,25,0,4,25
2023-06-18T03:19:33,25,0,4,25
2023-06-18T03:32:03,25,0,4,25
2023-06-18T03:44:22,25,0,4,25
2023-06-18T03:56:39,25,0,4,25
2023-06-18T04:08:58,25,0,4,25
2023-06-18T04:40:44,25,0,4,25
2023-06-18T04:53:05,25,0,4,25
2023-06-18T05:05:26,25,0,4,25
2023-06-18T05:17:45,25,0,4,25
2023-06-18T05:30:04,25,0,4,25
2023-06-18T05:42:23,25,0,4,25
2023-06-18T05:54:41,25,0,4,25
2023-06-18T06:07:00,25,0,4,25
2023-06-18T06:19:19,25,0,4,25
2023-06-18T06:31:37,25,0,4,25
2023-06-18T06:43:55,25,0,4,25
2023-06-18T06:56:15,25,0,4,25
2023-06-18T07:08:33,25,0,4,25
2023-06-18T07:20:51,25,0,4,25
2023-06-18T07:33:08,25,0,4,25
2023-06-18T07:45:25,25,0,4,25
2023-06-18T07:57:43,25,0,4,25
2023-06-18T08:10:01,25,0,4,25
2023-06-18T08:22:16,25,0,4,25
2023-06-18T08:34:32,25,0,4,25
2023-06-18T08:46:48,25,0,4,25
2023-06-18T08:59:17,25,0,4,25
2023-06-18T09:11:32,25,0,4,25
2023-06-18T09:23:47,25,0,4,25
2023-06-18T09:36:02,25,0,4,25
2023-06-18T09:48:17,25,0,4,25
2023-06-18T10:00:33,25,0,4,25
2023-06-18T10:12:53,25,0,4,25
2023-06-18T10:25:10,25,0,4,25
2023-06-18T10:37:26,25,0,4,25
2023-06-18T10:49:42,25,0,4,25
2023-06-18T11:01:59,25,0,4,25
2023-06-18T11:14:18,25,0,4,25
2023-06-18T11:26:37,25,0,4,25
2023-06-18T11:39:04,25,0,4,25
2023-06-18T11:51:21,25,0,4,25
2023-06-18T12:03:36,25,0,4,25
2023-06-18T12:15:51,25,0,4,25
2023-06-18T12:28:06,25,0,4,25
2023-06-18T12:40:21,25,0,4,25
2023-06-18T12:52:36,25,0,4,25
2023-06-18T13:05:08,25,0,4,25
2023-06-18T13:17:23,25,0,4,25
2023-06-18T13:29:38,25,0,4,25
2023-06-18T13:41:53,25,0,4,25
2023-06-18T13:54:08,25,0,4,25
2023-06-18T14:06:23,25,0,4,25
2023-06-18T14:18:38,25,0,4,25
2023-06-18T14:30:53,25,0,4,25
2023-06-18T14:43:07,25,0,4,25
2023-06-18T14:55:33,25,0,4,25
2023-06-18T15:07:47,25,0,4,25
2023-06-18T15:20:02,25,0,4,25
2023-06-18T15:32:17,25,0,4,25
2023-06-18T15:44:33,25,0,4,25
2023-06-18T15:56:48,25,0,4,25
2023-06-18T16:09:04,25,0,4,25
2023-06-18T16:21:19,25,0,4,25
2023-06-18T16:33:35,25,0,4,25
2023-06-18T16:46:01,25,0,4,25
2023-06-18T16:58:15,25,0,4,25
2023-06-18T17:10:30,25,0,4,25
2023-06-18T17:22:46,25,0,4,25
2023-06-18T17:35:02,25,0,4,25
2023-06-18T17:47:16,25,0,4,25
2023-06-18T17:59:31,25,0,4,25
2023-06-18T18:11:47,25,0,4,25
2023-06-18T18:24:02,25,0,4,25
2023-06-18T18:36:27,25,0,4,25
2023-06-18T18:48:42,25,0,4,25
2023-06-18T19:00:58,25,0,4,25
2023-06-18T19:13:15,25,0,4,25
2023-06-18T19:25:30,25,0,4,25
2023-06-18T19:37:45,25,0,4,25
2023-06-18T19:50:00,25,0,4,25
2023-06-18T20:02:15,25,0,4,25
2023-06-18T20:14:30,25,0,4,25
2023-06-18T20:26:56,25,0,4,25
2023-06-18T20:39:11,25,0,4,25
2023-06-18T20:51:26,25,0,4,25
2023-06-18T21:03:41,25,0,4,25
2023-06-18T21:15:56,25,0,4,25
2023-06-18T21:28:12,25,0,4,25
2023-06-18T21:40:28,25,0,4,25
2023-06-18T21:52:44,25,0,4,25
2023-06-18T22:05:09,25,0,4,25
2023-06-18T22:17:24,25,0,4,25
2023-06-18T22:29:39,25,0,4,25
2023-06-18T22:41:55,25,0,4,25
2023-06-18T22:54:10,25,0,4,25
2023-06-18T23:06:27,25,0,4,25
2023-06-18T23:18:43,25,0,4,25
2023-06-18T23:30:59,25,0,4,25
2023-06-18T23:43:35,25,0,4,25
2023-06-18T23:55:51,25,0,4,25
2023-06-19T00:08:11,25,0,4,25
2023-06-19T00:20:39,25,0,4,25
2023-06-19T00:33:09,25,0,4,25
2023-06-19T00:45:44,25,0,4,25
2023-06-19T00:58:04,25,0,4,25
2023-06-19T01:10:25,25,0,4,25
2023-06-19T01:22:46,25,0,4,25
2023-06-19T01:35:16,25,0,4,25
2023-06-19T01:47:36,25,0,4,25
2023-06-19T01:59:55,25,0,4,25
2023-06-19T02:12:24,25,0,4,25
2023-06-19T02:24:42,25,0,4,25
2023-06-19T02:37:00,25,0,4,25
2023-06-19T02:49:17,25,0,4,25
2023-06-19T03:01:33,25,0,4,25
2023-06-19T03:13:52,25,0,4,25
2023-06-19T03:26:11,25,0,4,25
2023-06-19T03:38:29,25,0,4,25
2023-06-19T03:50:47,25,0,4,25
2023-06-19T04:03:25,25,0,4,25
2023-06-19T04:32:15,25,0,4,25
2023-06-19T04:45:57,25,0,4,25
2023-06-19T04:58:36,25,0,4,25
2023-06-19T05:10:58,25,0,4,25
2023-06-19T05:23:16,25,0,4,25
2023-06-19T05:35:35,25,0,4,25
2023-06-19T05:47:58,25,0,4,25
2023-06-19T06:00:17,25,0,4,25
2023-06-19T06:12:36,25,0,4,25
2023-06-19T06:24:55,25,0,4,25
2023-06-19T06:37:14,25,0,4,25
2023-06-19T06:49:33,25,0,4,25
2023-06-19T07:01:51,25,0,4,25
2023-06-19T07:14:10,25,0,4,25
2023-06-19T07:26:27,25,0,4,25
2023-06-19T07:38:42,25,0,4,25
2023-06-19T07:50:57,25,0,4,25
2023-06-19T08:03:23,25,0,4,25
2023-06-19T08:15:39,25,0,4,25
2023-06-19T08:27:56,25,0,4,25
2023-06-19T08:40:12,25,0,4,25
2023-06-19T08:52:27,25,0,4,25
2023-06-19T09:04:43,25,0,4,25
2023-06-19T09:16:58,25,0,4,25
2023-06-19T09:29:14,25,0,4,25
2023-06-19T09:41:30,25,0,4,25
2023-06-19T09:53:56,25,0,4,25
2023-06-19T10:06:11,25,0,4,25
2023-06-19T10:18:27,25,0,4,25
2023-06-19T10:30:42,25,0,4,25
2023-06-19T10:43:01,25,0,4,25
2023-06-19T10:55:16,25,0,4,25
2023-06-19T11:07:33,25,0,4,25
2023-06-19T11:19:58,25,0,4,25
2023-06-19T11:32:13,25,0,4,25
2023-06-19T11:44:28,25,0,4,25
2023-06-19T11:56:44,25,0,4,25
2023-06-19T12:09:00,25,0,4,25
2023-06-19T12:21:16,25,0,4,25
2023-06-19T12:33:32,25,0,4,25
2023-06-19T12:45:58,25,0,4,25
2023-06-19T12:58:14,25,0,4,25
2023-06-19T13:10:29,25,0,4,25
2023-06-19T13:22:45,25,0,4,25
2023-06-19T13:35:01,25,0,4,25
2023-06-19T13:47:17,25,0,4,25
2023-06-19T13:59:44,25,0,4,25
2023-06-19T14:12:00,25,0,4,25
2023-06-19T14:24:17,25,0,4,25
2023-06-19T14:36:32,25,0,4,25
2023-06-19T14:48:48,25,0,4,25
2023-06-19T15:01:06,25,0,4,25
2023-06-19T15:13:32,25,0,4,25
2023-06-19T15:25:48,25,0,4,25
2023-06-19T15:38:03,25,0,4,25
2023-06-19T15:50:19,25,0,4,25
2023-06-19T16:02:35,25,0,4,25
2023-06-19T16:14:50,25,0,4,25
2023-06-19T16:27:05,25,0,4,25
2023-06-19T16:39:31,25,0,4,25
2023-06-19T16:51:48,25,0,4,25
2023-06-19T17:04:04,25,0,4,25
2023-06-19T17:16:21,25,0,4,25
2023-06-19T17:28:36,25,0,4,25
2023-06-19T17:40:53,25,0,4,25
2023-06-19T17:53:09,25,0,4,25
2023-06-19T18:05:35,25,0,4,25
2023-06-19T18:17:50,25,0,4,25
2023-06-19T18:30:06,25,0,4,25
2023-06-19T18:42:22,25,0,4,25
2023-06-19T18:54:38,25,0,4,25
2023-06-19T19:06:54,25,0,4,25
2023-06-19T19:19:15,25,0,4,25
2023-06-19T19:31:30,25,0,4,25
2023-06-19T19:43:56,25,0,4,25
2023-06-19T19:56:11,25,0,4,25
2023-06-19T20:08:28,25,0,4,25
2023-06-19T20:20:43,25,0,4,25
2023-06-19T20:32:58,25,0,4,25
2023-06-19T20:45:13,25,0,4,25
2023-06-19T20:57:29,25,0,4,25
2023-06-19T21:09:56,25,0,4,25
2023-06-19T21:22:11,25,0,4,25
2023-06-19T21:34:27,25,0,4,25
2023-06-19T21:46:44,25,0,4,25
2023-06-19T21:59:00,25,0,4,25
2023-06-19T22:11:16,25,0,4,25
2023-06-19T22:23:42,25,0,4,25
2023-06-19T22:35:58,25,0,4,25
2023-06-19T22:48:14,25,0,4,25
2023-06-19T23:00:29,25,0,4,25
2023-06-19T23:12:47,25,0,4,25
2023-06-19T23:25:03,25,0,4,25
2023-06-19T23:37:31,25,0,4,25
2023-06-19T23:49:47,25,0,4,25
2023-06-20T00:02:04,25,0,4,25
2023-06-20T00:14:23,25,0,4,25
2023-06-20T00:26:43,25,0,4,25
2023-06-20T00:39:01,25,0,4,25
2023-06-20T00:51:20,25,0,4,25
2023-06-20T01:03:50,25,0,4,25
2023-06-20T01:16:10,25,0,4,25
2023-06-20T01:28:30,25,0,4,25
2023-06-20T01:40:50,25,0,4,25
2023-06-20T01:53:07,25,0,4,25
2023-06-20T02:05:54,25,0,4,25
2023-06-20T02:18:13,25,0,4,25
2023-06-20T02:30:31,25,0,4,25
2023-06-20T02:42:49,25,0,4,25
2023-06-20T02:55:06,25,0,4,25
2023-06-20T03:07:23,25,0,4,25
2023-06-20T03:19:42,25,0,4,25
2023-06-20T03:32:01,25,0,4,25
2023-06-20T03:44:30,25,0,4,25
2023-06-20T03:56:48,25,0,4,25
2023-06-20T04:09:06,25,0,4,25
2023-06-20T04:39:06,25,0,4,25
2023-06-20T04:51:28,25,0,4,25
2023-06-20T05:03:50,25,0,4,25
2023-06-20T05:16:09,25,0,4,25
2023-06-20T05:28:27,25,0,4,25
2023-06-20T05:40:47,25,0,4,25
2023-06-20T05:53:06,25,0,4,25
2023-06-20T06:05:27,25,0,4,25
2023-06-20T06:17:45,25,0,4,25
2023-06-20T06:30:04,25,0,4,25
2023-06-20T06:42:23,25,0,4,25
2023-06-20T06:54:41,25,0,4,25
2023-06-20T07:07:01,25,0,4,25
2023-06-20T07:19:17,25,0,4,25
2023-06-20T07:31:34,25,0,4,25
2023-06-20T07:43:59,25,0,4,25
2023-06-20T07:56:14,25,0,4,25
2023-06-20T08:08:30,25,0,4,25
2023-06-20T08:20:47,25,0,4,25
2023-06-20T08:33:04,25,0,4,25
2023-06-20T08:45:21,25,0,4,25
2023-06-20T08:57:40,25,0,4,25
2023-06-20T09:09:57,25,0,4,25
2023-06-20T09:22:24,25,0,4,25
2023-06-20T09:34:40,25,0,4,25
2023-06-20T09:46:55,25,0,4,25
2023-06-20T09:59:11,25,0,4,25
2023-06-20T10:11:27,25,0,4,25
2023-06-20T10:23:43,25,0,4,25
2023-06-20T10:36:11,25,0,4,25
2023-06-20T10:48:28,25,0,4,25
2023-06-20T11:00:45,25,0,4,25
2023-06-20T11:13:01,25,0,4,25
2023-06-20T11:25:17,25,0,4,25
2023-06-20T11:37:45,25,0,4,25
2023-06-20T11:50:01,25,0,4,25
2023-06-20T12:02:18,25,0,4,25
2023-06-20T12:14:35,25,0,4,25
2023-06-20T12:26:52,25,0,4,25
2023-06-20T12:39:19,25,0,4,25
2023-06-20T12:51:35,25,0,4,25
2023-06-20T13:03:52,25,0,4,25
2023-06-20T13:16:08,25,0,4,25
2023-06-20T13:28:35,25,0,4,25
2023-06-20T13:40:51,25,0,4,25
2023-06-20T13:53:07,25,0,4,25
2023-06-20T14:05:23,25,0,4,25
2023-06-20T14:17:40,25,0,4,25
2023-06-20T14:30:06,25,0,4,25
2023-06-20T14:42:23,25,0,4,25
2023-06-20T14:54:39,25,0,4,25
2023-06-20T15:06:56,25,0,4,25
2023-06-20T15:19:12,25,0,4,25
2023-06-20T15:31:42,25,0,4,25
2023-06-20T15:43:59,25,0,4,25
2023-06-20T15:56:15,25,0,4,25
2023-06-20T16:08:32,25,0,4,25
2023-06-20T16:20:51,25,0,4,25
2023-06-20T16:33:08,25,0,4,25
2023-06-20T16:45:34,25,0,4,25
2023-06-20T16:57:50,25,0,4,25
2023-06-20T17:10:08,25,0,4,25
2023-06-20T17:22:25,25,0,4,25
2023-06-20T17:34:53,25,0,4,25
2023-06-20T17:47:09,25,0,4,25
2023-06-20T17:59:26,25,0,4,25
2023-06-20T18:11:42,25,0,4,25
2023-06-20T18:24:00,25,0,4,25
2023-06-20T18:36:31,25,0,4,25
2023-06-20T18:48:47,25,0,4,25
2023-06-20T19:01:04,25,0,4,25
2023-06-20T19:13:21,25,0,4,25
2023-06-20T19:25:38,25,0,4,25
2023-06-20T19:37:54,25,0,4,25
2023-06-20T19:50:23,25,0,4,25
2023-06-20T20:02:41,25,0,4,25
2023-06-20T20:14:58,25,0,4,25
2023-06-20T20:27:14,25,0,4,25
2023-06-20T20:39:31,25,0,4,25
2023-06-20T20:52:02,25,0,4,25
2023-06-20T21:04:19,25,0,4,25
2023-06-20T21:16:36,25,0,4,25
2023-06-20T21:28:52,25,0,4,25
2023-06-20T21:41:08,25,0,4,25
2023-06-20T21:53:36,25,0,4,25
2023-06-20T22:05:53,25,0,4,25
2023-06-20T22:18:10,25,0,4,25
2023-06-20T22:30:27,25,0,4,25
2023-06-20T22:42:44,25,0,4,25
2023-06-20T22:55:12,25,0,4,25
2023-06-20T23:07:31,25,0,4,25
2023-06-20T23:19:48,25,0,4,25
2023-06-20T23:32:06,25,0,4,25
2023-06-20T23:44:23,25,0,4,25
2023-06-20T23:56:39,25,0,4,25
2023-06-21T00:09:12,25,0,4,25
2023-06-21T00:21:42,25,0,4,25
2023-06-21T00:34:03,25,0,4,25
2023-06-21T00:46:24,25,0,4,25
2023-06-21T00:58:45,25,0,4,25
2023-06-21T01:11:07,25,0,4,25
2023-06-21T01:23:28,25,0,4,25
2023-06-21T01:36:01,25,0,4,25
2023-06-21T01:48:22,25,0,4,25
2023-06-21T02:00:46,25,0,4,25
2023-06-21T02:13:07,25,0,4,25
2023-06-21T02:25:27,25,0,4,25
2023-06-21T02:37:45,25,0,4,25
2023-06-21T02:50:03,25,0,4,25
2023-06-21T03:02:19,25,0,4,25
2023-06-21T03:14:37,25,0,4,25
2023-06-21T03:27:09,25,0,4,25
2023-06-21T03:39:26,25,0,4,25
2023-06-21T03:51:45,25,0,4,25
2023-06-21T04:04:03,25,0,4,25
2023-06-21T04:29:14,25,0,4,25
2023-06-21T04:43:27,25,0,4,25
2023-06-21T04:55:46,25,0,4,25
2023-06-21T05:08:06,25,0,4,25
2023-06-21T05:20:25,25,0,4,25
2023-06-21T05:32:43,25,0,4,25
2023-06-21T05:45:01,25,0,4,25
2023-06-21T05:57:18,25,0,4,25
2023-06-21T06:09:36,25,0,4,25
2023-06-21T06:21:51,25,0,4,25
2023-06-21T06:34:11,25,0,4,25
2023-06-21T06:46:39,25,0,4,25
2023-06-21T06:59:08,25,0,4,25
2023-06-21T07:11:28,25,0,4,25
2023-06-21T07:23:47,25,0,4,25
2023-06-21T07:36:05,25,0,4,25
2023-06-21T07:48:22,25,0,4,25
2023-06-21T08:00:41,25,0,4,25
2023-06-21T08:13:02,25,0,4,25
2023-06-21T08:25:33,25,0,4,25
2023-06-21T08:37:52,25,0,4,25
2023-06-21T08:50:11,25,0,4,25
2023-06-21T09:02:30,25,0,4,25
2023-06-21T09:14:50,25,0,4,25
2023-06-21T09:27:21,25,0,4,25
2023-06-21T09:39:40,25,0,4,25
2023-06-21T09:52:00,25,0,4,25
2023-06-21T10:04:21,25,0,4,25
2023-06-21T10:16:53,25,0,4,25
2023-06-21T10:29:13,25,0,4,25
2023-06-21T10:41:34,25,0,4,25
2023-06-21T10:53:53,25,0,4,25
2023-06-21T11:06:29,25,0,4,25
2023-06-21T11:18:51,25,0,4,25
2023-06-21T11:31:14,25,0,4,25
2023-06-21T11:43:48,25,0,4,25
2023-06-21T11:56:07,25,0,4,25
2023-06-21T12:08:27,25,0,4,25
2023-06-21T12:20:46,25,0,4,25
2023-06-21T12:33:15,25,0,4,25
2023-06-21T12:45:33,25,0,4,25
2023-06-21T12:57:50,25,0,4,25
2023-06-21T13:10:08,25,0,4,25
2023-06-21T13:22:36,25,0,4,25
2023-06-21T13:34:54,25,0,4,25
2023-06-21T13:47:14,25,0,4,25
2023-06-21T13:59:32,25,0,4,25
2023-06-21T14:12:00,25,0,5,25
2023-06-21T14:24:18,25,0,5,25
2023-06-21T14:36:37,25,0,5,25
2023-06-21T14:48:55,25,0,5,25
2023-06-21T15:01:27,25,0,5,25
2023-06-21T15:13:46,25,0,5,25
2023-06-21T15:26:06,25,0,5,25
2023-06-21T15:38:25,25,0,5,25
2023-06-21T15:50:44,25,0,5,25
2023-06-21T16:03:15,25,0,5,25
2023-06-21T16:15:33,25,0,5,25
2023-06-21T16:27:53,25,0,5,25
2023-06-21T16:40:12,25,0,5,25
2023-06-21T16:52:43,25,0,5,25
2023-06-21T17:05:03,25,0,5,25
2023-06-21T17:17:23,25,0,5,25
2023-06-21T17:29:43,25,0,5,25
2023-06-21T17:42:14,25,0,5,25
2023-06-21T17:54:33,25,0,5,25
2023-06-21T18:06:52,25,0,5,25
2023-06-21T18:19:16,25,0,5,25
2023-06-21T18:31:35,25,0,5,25
2023-06-21T18:44:05,25,0,5,25
2023-06-21T18:56:24,25,0,5,25
2023-06-21T19:08:44,25,0,5,25
2023-06-21T19:21:02,25,0,5,25
2023-06-21T19:33:21,25,0,5,25
2023-06-21T19:45:51,25,0,5,25
2023-06-21T19:58:10,25,0,5,25
2023-06-21T20:10:29,25,0,5,25
2023-06-21T20:22:48,25,0,5,25
2023-06-21T20:35:08,25,0,5,25
2023-06-21T20:47:40,25,0,5,25
2023-06-21T21:00:01,25,0,5,25
2023-06-21T21:12:20,25,0,5,25
2023-06-21T21:24:40,25,0,5,25
2023-06-21T21:37:01,25,0,5,25
2023-06-21T21:49:20,25,0,5,25
2023-06-21T22:01:51,25,0,5,25
2023-06-21T22:14:10,25,0,5,25
2023-06-21T22:26:30,25,0,5,25
2023-06-21T22:38:49,25,0,5,25
2023-06-21T22:51:08,25,0,5,25
2023-06-21T23:03:42,25,0,5,25
2023-06-21T23:16:02,25,0,5,25
2023-06-21T23:28:23,25,0,5,25
2023-06-21T23:40:42,25,0,5,25
2023-06-21T23:53:01,25,0,5,25
2023-06-22T00:05:23,25,0,5,25
2023-06-22T00:18:02,25,0,5,25
2023-06-22T00:30:24,25,0,5,25
2023-06-22T00:42:47,25,0,5,25
2023-06-22T00:55:11,25,0,5,25
2023-06-22T01:07:33,25,0,5,25
2023-06-22T01:20:09,25,0,5,25
2023-06-22T01:32:32,25,0,5,25
2023-06-22T01:44:55,25,0,5,25
2023-06-22T01:57:20,25,0,5,25
2023-06-22T02:09:41,25,0,5,25
2023-06-22T02:22:01,25,0,5,25
2023-06-22T02:34:22,25,0,5,25
2023-06-22T02:46:43,25,0,5,25
2023-06-22T02:59:16,25,0,5,25
2023-06-22T03:11:38,25,0,5,25
2023-06-22T03:24:01,25,0,5,25
2023-06-22T03:36:22,25,0,5,25
2023-06-22T03:48:43,25,0,5,25
2023-06-22T04:01:05,25,0,5,25
2023-06-22T04:13:26,25,0,5,25
2023-06-22T04:39:03,25,0,5,25
2023-06-22T04:51:26,25,0,5,25
2023-06-22T05:03:48,25,0,5,25
2023-06-22T05:16:09,25,0,5,25
2023-06-22T05:28:28,25,0,5,25
2023-06-22T05:40:48,25,0,5,25
2023-06-22T05:53:12,25,0,5,25
2023-06-22T06:05:34,25,0,5,25
2023-06-22T06:17:59,25,0,5,25
2023-06-22T06:30:22,25,0,5,25
2023-06-22T06:42:43,25,0,5,25
2023-06-22T06:55:04,25,0,5,25
2023-06-22T07:07:28,25,0,5,25
2023-06-22T07:19:59,25,0,5,25
2023-06-22T07:32:20,25,0,5,25
2023-06-22T07:44:41,25,0,5,25
2023-06-22T07:57:02,25,0,5,25
2023-06-22T08:09:22,25,0,5,25
2023-06-22T08:21:42,25,0,5,25
2023-06-22T08:34:02,25,0,5,25
2023-06-22T08:46:32,25,0,5,25
2023-06-22T08:58:52,25,0,5,25
2023-06-22T09:11:12,25,0,5,25
2023-06-22T09:23:32,25,0,5,25
2023-06-22T09:35:55,25,0,5,25
2023-06-22T09:48:26,25,0,5,25
2023-06-22T10:00:47,25,0,5,25
2023-06-22T10:13:07,25,0,5,25
2023-06-22T10:25:27,25,0,5,25
2023-06-22T10:37:49,25,0,5,25
2023-06-22T10:50:22,25,0,5,25
2023-06-22T11:02:43,25,0,5,25
2023-06-22T11:15:04,25,0,5,25
2023-06-22T11:27:24,25,0,5,25
2023-06-22T11:39:55,25,0,5,25
2023-06-22T11:52:15,25,0,5,25
2023-06-22T12:04:35,25,0,5,25
2023-06-22T12:16:54,25,0,5,25
2023-06-22T12:29:24,25,0,5,25
2023-06-22T12:41:44,25,0,5,25
2023-06-22T12:54:04,25,0,5,25
2023-06-22T13:06:23,25,0,5,25
2023-06-22T13:18:43,25,0,5,25
2023-06-22T13:31:18,25,0,5,25
2023-06-22T13:43:40,25,0,5,25
2023-06-22T13:56:00,25,0,5,25
2023-06-22T14:08:32,25,0,5,25
2023-06-22T14:20:51,25,0,5,25
2023-06-22T14:33:10,25,0,5,25
2023-06-22T14:45:32,25,0,5,25
2023-06-22T14:57:51,25,0,5,25
2023-06-22T15:10:11,25,0,5,25
2023-06-22T15:22:44,25,0,5,25
2023-06-22T15:35:04,25,0,5,25
2023-06-22T15:47:23,25,0,5,25
2023-06-22T15:59:43,25,0,5,25
2023-06-22T16:12:02,25,0,5,25
2023-06-22T16:24:33,25,0,5,25
2023-06-22T16:36:52,25,0,5,25
2023-06-22T16:49:11,25,0,5,25
2023-06-22T17:01:30,25,0,5,25
2023-06-22T17:13:51,25,0,5,25
2023-06-22T17:26:10,25,0,5,25
2023-06-22T17:38:29,25,0,5,25
2023-06-22T17:51:00,25,0,5,25
2023-06-22T18:03:20,25,0,5,25
2023-06-22T18:15:40,25,0,5,25
2023-06-22T18:28:00,25,0,5,25
2023-06-22T18:40:20,25,0,5,25
2023-06-22T18:52:54,25,0,5,25
2023-06-22T19:05:13,25,0,5,25
2023-06-22T19:17:32,25,0,5,25
2023-06-22T19:29:51,25,0,5,25
2023-06-22T19:42:10,25,0,5,25
2023-06-22T19:54:30,25,0,5,25
2023-06-22T20:06:49,25,0,5,25
2023-06-22T20:19:20,25,0,5,25
2023-06-22T20:31:39,25,0,5,25
2023-06-22T20:43:58,25,0,5,25
2023-06-22T20:56:17,25,0,5,25
2023-06-22T21:08:37,25,0,5,25
2023-06-22T21:20:56,25,0,5,25
2023-06-22T21:33:15,25,0,5,25
2023-06-22T21:45:34,25,0,5,25
2023-06-22T21:58:05,25,0,5,25
2023-06-22T22:10:24,25,0,5,25
2023-06-22T22:22:43,25,0,5,25
2023-06-22T22:35:03,25,0,5,25
2023-06-22T22:47:22,25,0,5,25
2023-06-22T22:59:41,25,0,5,25
2023-06-22T23:12:16,25,0,5,25
2023-06-22T23:24:36,25,0,5,25
2023-06-22T23:36:56,25,0,5,25
2023-06-22T23:49:16,25,0,5,25
2023-06-23T00:01:36,25,0,5,25
2023-06-23T00:13:57,25,0,5,25
2023-06-23T00:26:18,25,0,5,25
2023-06-23T00:38:53,25,0,5,25
2023-06-23T00:51:16,25,0,5,25
2023-06-23T01:03:39,25,0,5,25
2023-06-23T01:16:03,25,0,5,25
2023-06-23T01:28:38,25,0,5,25
2023-06-23T01:41:04,25,0,5,25
2023-06-23T01:53:29,25,0,5,25
2023-06-23T02:05:51,25,0,5,25
2023-06-23T02:18:12,25,0,5,25
2023-06-23T02:30:34,25,0,5,25
2023-06-23T02:42:57,25,0,5,25
2023-06-23T02:55:16,25,0,5,25
2023-06-23T03:07:35,25,0,5,25
2023-06-23T03:19:55,25,0,5,25
2023-06-23T03:32:26,25,0,5,25
2023-06-23T03:44:44,25,0,5,25
2023-06-23T03:57:02,25,0,5,25
2023-06-23T04:28:10,25,0,5,25
2023-06-23T04:40:30,25,0,5,25
2023-06-23T04:52:50,25,0,5,25
2023-06-23T05:05:15,25,0,5,25
2023-06-23T05:17:47,25,0,5,25
2023-06-23T05:30:14,25,0,5,25
2023-06-23T05:42:38,25,0,5,25
2023-06-23T05:55:01,25,0,5,25
2023-06-23T06:07:23,25,0,5,25
2023-06-23T06:19:54,25,0,5,25
2023-06-23T06:32:17,25,0,5,25
2023-06-23T06:44:40,25,0,5,25
2023-06-23T06:57:02,25,0,5,25
2023-06-23T07:09:26,25,0,5,25
2023-06-23T07:21:48,25,0,5,25
2023-06-23T07:34:10,25,0,5,25
2023-06-23T07:46:31,25,0,5,25
2023-06-23T07:58:53,25,0,5,25
2023-06-23T08:11:15,25,0,5,25
2023-06-23T08:23:36,25,0,5,25
2023-06-23T08:35:58,25,0,5,25
2023-06-23T08:48:18,25,0,5,25
2023-06-23T09:00:50,25,0,5,25
2023-06-23T09:13:09,25,0,5,25
2023-06-23T09:25:29,25,0,5,25
2023-06-23T09:37:48,25,0,5,25
2023-06-23T09:50:07,25,0,5,25
2023-06-23T10:02:27,25,0,5,25
2023-06-23T10:14:46,25,0,5,25
2023-06-23T10:27:06,25,0,5,25
2023-06-23T10:39:37,25,0,5,25
2023-06-23T10:51:55,25,0,5,25
2023-06-23T11:04:15,25,0,5,25
2023-06-23T11:16:35,25,0,5,25
2023-06-23T11:28:55,25,0,5,25
2023-06-23T11:41:15,25,0,5,25
2023-06-23T11:53:44,25,0,5,25
2023-06-23T12:06:03,25,0,5,25
2023-06-23T12:18:23,25,0,5,25
2023-06-23T12:30:42,25,0,5,25
2023-06-23T12:43:02,25,0,5,25
2023-06-23T12:55:22,25,0,5,25
2023-06-23T13:07:52,25,0,5,25
2023-06-23T13:20:12,25,0,5,25
2023-06-23T13:32:32,25,0,5,25
2023-06-23T13:44:52,25,0,5,25
2023-06-23T13:57:12,25,0,5,25
2023-06-23T14:09:32,25,0,5,25
2023-06-23T14:22:07,25,0,5,25
2023-06-23T14:34:26,25,0,5,25
2023-06-23T14:46:46,25,0,5,25
2023-06-23T14:59:06,25,0,5,25
2023-06-23T15:11:25,25,0,5,25
2023-06-23T15:23:45,25,0,5,25
2023-06-23T15:36:04,25,0,5,25
2023-06-23T15:48:36,25,0,5,25
2023-06-23T16:00:56,25,0,5,25
2023-06-23T16:13:16,25,0,5,25
2023-06-23T16:25:36,25,0,5,25
2023-06-23T16:37:56,25,0,5,25
2023-06-23T16:50:15,25,0,5,25
2023-06-23T17:02:46,25,0,5,25
2023-06-23T17:15:07,25,0,5,25
2023-06-23T17:27:26,25,0,5,25
2023-06-23T17:39:46,25,0,5,25
2023-06-23T17:52:05,25,0,5,25
2023-06-23T18:04:25,25,0,5,25
2023-06-23T18:16:44,25,0,5,25
2023-06-23T18:29:13,25,0,5,25
2023-06-23T18:41:33,25,0,5,25
2023-06-23T18:53:52,25,0,5,25
2023-06-23T19:06:13,25,0,5,25
2023-06-23T19:18:33,25,0,5,25
2023-06-23T19:30:52,25,0,5,25
2023-06-23T19:43:23,25,0,5,25
2023-06-23T19:55:42,25,0,5,25
2023-06-23T20:08:02,25,0,5,25
2023-06-23T20:20:22,25,0,5,25
2023-06-23T20:32:42,25,0,5,25
2023-06-23T20:45:01,25,0,5,25
2023-06-23T20:57:32,25,0,5,25
2023-06-23T21:09:52,25,0,5,25
2023-06-23T21:22:11,25,0,5,25
2023-06-23T21:34:31,25,0,5,25
2023-06-23T21:46:51,25,0,5,25
2023-06-23T21:59:11,25,0,5,25
2023-06-23T22:11:33,25,0,5,25
2023-06-23T22:24:03,25,0,5,25
2023-06-23T22:36:23,25,0,5,25
2023-06-23T22:48:42,25,0,5,25
2023-06-23T23:01:02,25,0,5,25
2023-06-23T23:13:23,25,0,5,25
2023-06-23T23:25:44,25,0,5,25
2023-06-23T23:38:05,25,0,5,25
2023-06-23T23:50:37,25,0,5,25
2023-06-24T00:02:59,25,0,5,25
2023-06-24T00:15:23,25,0,5,25
2023-06-24T00:27:47,25,0,5,25
2023-06-24T00:40:10,25,0,5,25
2023-06-24T00:52:34,25,0,5,25
2023-06-24T01:04:58,25,0,5,25
2023-06-24T01:17:22,25,0,5,25
2023-06-24T01:29:45,25,0,5,25
2023-06-24T01:42:12,25,0,5,25
2023-06-24T01:54:47,25,0,5,25
2023-06-24T02:07:11,25,0,5,25
2023-06-24T02:19:35,25,0,5,25
2023-06-24T02:31:58,25,0,5,25
2023-06-24T02:44:19,25,0,5,25
2023-06-24T02:56:38,25,0,5,25
2023-06-24T03:08:59,25,0,5,25
2023-06-24T03:21:21,25,0,5,25
2023-06-24T03:33:43,25,0,5,25
2023-06-24T03:46:04,25,0,5,25
2023-06-24T03:58:27,25,0,5,25
2023-06-24T04:31:02,25,0,5,25
2023-06-24T04:43:26,25,0,5,25
2023-06-24T04:55:50,25,0,5,25
2023-06-24T05:08:13,25,0,5,25
2023-06-24T05:20:36,25,0,5,25
2023-06-24T05:33:04,25,0,5,25
2023-06-24T05:45:28,25,0,5,25
2023-06-24T05:57:51,25,0,5,25
2023-06-24T06:10:13,25,0,5,25
2023-06-24T06:22:35,25,0,5,25
2023-06-24T06:34:58,25,0,5,25
2023-06-24T06:47:20,25,0,5,25
2023-06-24T06:59:42,25,0,5,25
2023-06-24T07:12:15,25,0,5,25
2023-06-24T07:24:37,25,0,5,25
2023-06-24T07:37:00,25,0,5,25
2023-06-24T07:49:22,25,0,5,25
2023-06-24T08:01:44,25,0,5,25
2023-06-24T08:14:07,25,0,5,25
2023-06-24T08:26:29,25,0,5,25
2023-06-24T08:38:51,25,0,5,25
2023-06-24T08:51:13,25,0,5,25
2023-06-24T09:03:35,25,0,5,25
2023-06-24T09:16:06,25,0,5,25
2023-06-24T09:28:28,25,0,5,25
2023-06-24T09:40:50,25,0,5,25
2023-06-24T09:53:13,25,0,5,25
2023-06-24T10:05:36,25,0,5,25
2023-06-24T10:17:58,25,0,5,25
2023-06-24T10:30:20,25,0,5,25
2023-06-24T10:42:44,25,0,5,25
2023-06-24T10:55:06,25,0,5,25
2023-06-24T11:07:38,25,0,5,25
2023-06-24T11:20:00,25,0,5,25
2023-06-24T11:32:21,25,0,5,25
2023-06-24T11:44:42,25,0,5,25
2023-06-24T11:57:03,25,0,5,25
2023-06-24T12:09:24,25,0,5,25
2023-06-24T12:21:45,25,0,5,25
2023-06-24T12:34:05,25,0,5,25
2023-06-24T12:46:25,25,0,5,25
2023-06-24T12:58:44,25,0,5,25
2023-06-24T13:11:15,25,0,5,25
2023-06-24T13:23:34,25,0,5,25
2023-06-24T13:35:53,25,0,5,25
2023-06-24T13:48:12,25,0,5,25
2023-06-24T14:00:31,25,0,5,25
2023-06-24T14:12:49,25,0,5,25
2023-06-24T14:25:08,25,0,5,25
2023-06-24T14:37:28,25,0,5,25
2023-06-24T14:49:47,25,0,5,25
2023-06-24T15:02:15,25,0,5,25
2023-06-24T15:14:34,25,0,5,25
2023-06-24T15:26:53,25,0,5,25
2023-06-24T15:39:12,25,0,5,25
2023-06-24T15:51:31,25,0,5,25
2023-06-24T16:03:50,25,0,5,25
2023-06-24T16:16:09,25,0,5,25
2023-06-24T16:28:28,25,0,5,25
2023-06-24T16:40:47,25,0,5,25
2023-06-24T16:53:16,25,0,5,25
2023-06-24T17:05:36,25,0,5,25
2023-06-24T17:17:56,25,0,5,25
2023-06-24T17:30:16,25,0,5,25
2023-06-24T17:42:35,25,0,5,25
2023-06-24T17:54:54,25,0,5,25
2023-06-24T18:07:15,25,0,5,25
2023-06-24T18:19:34,25,0,5,25
2023-06-24T18:31:54,25,0,5,25
2023-06-24T18:44:24,25,0,5,25
2023-06-24T18:56:44,25,0,5,25
2023-06-24T19:09:03,25,0,5,25
2023-06-24T19:21:23,25,0,5,25
2023-06-24T19:33:42,25,0,5,25
2023-06-24T19:46:02,25,0,5,25
2023-06-24T19:58:22,25,0,5,25
2023-06-24T20:10:52,25,0,5,25
2023-06-24T20:23:11,25,0,5,25
2023-06-24T20:35:30,25,0,5,25
2023-06-24T20:47:49,25,0,5,25
2023-06-24T21:00:09,25,0,5,25
2023-06-24T21:12:28,25,0,5,25
2023-06-24T21:24:47,25,0,5,25
2023-06-24T21:37:06,25,0,5,25
2023-06-24T21:49:26,25,0,5,25
2023-06-24T22:01:56,25,0,5,25
2023-06-24T22:14:16,25,0,5,25
2023-06-24T22:26:36,25,0,5,25
2023-06-24T22:38:55,25,0,5,25
2023-06-24T22:51:14,25,0,5,25
2023-06-24T23:03:34,25,0,5,25
2023-06-24T23:15:54,25,0,5,25
2023-06-24T23:28:14,25,0,5,25
2023-06-24T23:40:34,25,0,5,25
2023-06-24T23:53:06,25,0,5,25
2023-06-25T00:05:27,25,0,5,25
2023-06-25T00:17:52,25,0,5,25
2023-06-25T00:30:14,25,0,5,25
2023-06-25T00:42:38,25,0,5,25
2023-06-25T00:55:01,25,0,5,25
2023-06-25T01:07:24,25,0,5,25
2023-06-25T01:19:46,25,0,5,25
2023-06-25T01:32:20,25,0,5,25
2023-06-25T01:44:43,25,0,5,25
2023-06-25T01:57:05,25,0,5,25
2023-06-25T02:09:36,25,0,5,25
2023-06-25T02:21:59,25,0,5,25
2023-06-25T02:34:24,25,0,5,25
2023-06-25T02:46:46,25,0,5,25
2023-06-25T02:59:08,25,0,5,25
2023-06-25T03:11:30,25,0,5,25
2023-06-25T03:23:52,25,0,5,25
2023-06-25T03:36:26,25,0,5,25
2023-06-25T03:48:49,25,0,5,25
2023-06-25T04:01:11,25,0,5,25
2023-06-25T04:31:14,25,0,5,25
2023-06-25T04:45:04,25,0,5,25
2023-06-25T04:57:48,25,0,5,25
2023-06-25T05:10:11,25,0,5,25
2023-06-25T05:22:33,25,0,5,25
2023-06-25T05:34:56,25,0,5,25
2023-06-25T05:47:19,25,0,5,25
2023-06-25T05:59:42,25,0,5,25
2023-06-25T06:12:04,25,0,5,25
2023-06-25T06:24:27,25,0,5,25
2023-06-25T06:36:49,25,0,5,25
2023-06-25T06:49:11,25,0,5,25
2023-06-25T07:01:40,25,0,5,25
2023-06-25T07:14:02,25,0,5,25
2023-06-25T07:26:22,25,0,5,25
2023-06-25T07:38:42,25,0,5,25
2023-06-25T07:51:01,25,0,5,25
2023-06-25T08:03:21,25,0,5,25
2023-06-25T08:15:40,25,0,5,25
2023-06-25T08:28:01,25,0,5,25
2023-06-25T08:40:30,25,0,5,25
2023-06-25T08:52:49,25,0,5,25
2023-06-25T09:05:09,25,0,5,25
2023-06-25T09:17:29,25,0,5,25
2023-06-25T09:29:49,25,0,5,25
2023-06-25T09:42:08,25,0,5,25
2023-06-25T09:54:29,25,0,5,25
2023-06-25T10:06:49,25,0,5,25
2023-06-25T10:19:08,25,0,5,25
2023-06-25T10:31:38,25,0,5,25
2023-06-25T10:43:58,25,0,5,25
2023-06-25T10:56:20,25,0,5,25
2023-06-25T11:08:42,25,0,5,25
2023-06-25T11:21:02,25,0,5,25
2023-06-25T11:33:21,25,0,5,25
2023-06-25T11:45:42,25,0,5,25
2023-06-25T11:58:04,25,0,5,25
2023-06-25T12:10:26,25,0,5,25
2023-06-25T12:22:49,25,0,5,25
2023-06-25T12:35:11,25,0,5,25
2023-06-25T12:47:41,25,0,5,25
2023-06-25T13:00:02,25,0,5,25
2023-06-25T13:12:21,25,0,5,25
2023-06-25T13:24:40,25,0,5,25
2023-06-25T13:37:00,25,0,5,25
2023-06-25T13:49:20,25,0,5,25
2023-06-25T14:01:39,25,0,5,25
2023-06-25T14:14:08,25,0,5,25
2023-06-25T14:26:27,25,0,5,25
2023-06-25T14:38:46,25,0,5,25
2023-06-25T14:51:05,25,0,5,25
2023-06-25T15:03:24,25,0,5,25
2023-06-25T15:15:43,25,0,5,25
2023-06-25T15:28:14,25,0,5,25
2023-06-25T15:40:33,25,0,5,25
2023-06-25T15:52:52,25,0,5,25
2023-06-25T16:05:11,25,0,5,25
2023-06-25T16:17:32,25,0,5,25
2023-06-25T16:29:52,25,0,5,25
2023-06-25T16:42:22,25,0,5,25
2023-06-25T16:54:41,25,0,5,25
2023-06-25T17:07:01,25,0,5,25
2023-06-25T17:19:21,25,0,5,25
2023-06-25T17:31:40,25,0,5,25
2023-06-25T17:43:59,25,0,5,25
2023-06-25T17:56:28,25,0,5,25
2023-06-25T18:08:48,25,0,5,25
2023-06-25T18:21:07,25,0,5,25
2023-06-25T18:33:27,25,0,5,25
2023-06-25T18:45:46,25,0,5,25
2023-06-25T18:58:05,25,0,5,25
2023-06-25T19:10:37,25,0,5,25
2023-06-25T19:22:57,25,0,5,25
2023-06-25T19:35:16,25,0,5,25
2023-06-25T19:47:36,25,0,5,25
2023-06-25T19:59:55,25,0,5,25
2023-06-25T20:12:14,25,0,5,25
2023-06-25T20:24:34,25,0,5,25
2023-06-25T20:37:03,25,0,5,25
2023-06-25T20:49:22,25,0,5,25
2023-06-25T21:01:42,25,0,5,25
2023-06-25T21:14:01,25,0,5,25
2023-06-25T21:26:21,25,0,5,25
2023-06-25T21:38:40,25,0,5,25
2023-06-25T21:51:00,25,0,5,25
2023-06-25T22:03:20,25,0,5,25
2023-06-25T22:15:50,25,0,5,25
2023-06-25T22:28:09,25,0,5,25
2023-06-25T22:40:29,25,0,5,25
2023-06-25T22:52:49,25,0,5,25
2023-06-25T23:05:09,25,0,5,25
2023-06-25T23:17:29,25,0,5,25
2023-06-25T23:29:49,25,0,5,25
2023-06-25T23:42:10,25,0,5,25
2023-06-25T23:54:41,25,0,5,25
2023-06-26T00:07:03,25,0,5,25
2023-06-26T00:19:33,25,0,5,25
2023-06-26T00:32:05,25,0,5,25
2023-06-26T00:44:35,25,0,5,25
2023-06-26T00:56:56,25,0,5,25
2023-06-26T01:09:23,25,0,5,25
2023-06-26T01:21:47,25,0,5,25
2023-06-26T01:34:11,25,0,5,25
2023-06-26T01:46:48,25,0,5,25
2023-06-26T01:59:11,25,0,5,25
2023-06-26T02:11:50,25,0,5,25
2023-06-26T02:24:12,25,0,5,25
2023-06-26T02:36:35,25,0,5,25
2023-06-26T02:48:57,25,0,5,25
2023-06-26T03:01:18,25,0,5,25
2023-06-26T03:13:42,25,0,5,25
2023-06-26T03:26:04,25,0,5,25
2023-06-26T03:38:27,25,0,5,25
2023-06-26T03:50:49,25,0,5,25
2023-06-26T04:03:23,25,0,5,25
2023-06-26T04:43:55,25,0,5,25
2023-06-26T04:56:21,25,0,5,25
2023-06-26T05:08:48,25,0,5,25
2023-06-26T05:21:10,25,0,5,25
2023-06-26T05:33:34,25,0,5,25
2023-06-26T05:45:57,25,0,5,25
2023-06-26T05:58:20,25,0,5,25
2023-06-26T06:10:43,25,0,5,25
2023-06-26T06:23:06,25,0,5,25
2023-06-26T06:35:29,25,0,5,25
2023-06-26T06:47:52,25,0,5,25
2023-06-26T07:00:24,25,0,5,25
2023-06-26T07:12:47,25,0,5,25
2023-06-26T07:25:08,25,0,5,25
2023-06-26T07:37:28,25,0,5,25
2023-06-26T07:49:48,25,0,5,25
2023-06-26T08:02:07,25,0,5,25
2023-06-26T08:14:27,25,0,5,25
2023-06-26T08:26:46,25,0,5,25
2023-06-26T08:39:07,25,0,5,25
2023-06-26T08:51:29,25,0,5,25
2023-06-26T09:04:04,25,0,5,25
2023-06-26T09:16:24,25,0,5,25
2023-06-26T09:28:43,25,0,5,25
2023-06-26T09:41:03,25,0,5,25
2023-06-26T09:53:24,25,0,5,25
2023-06-26T10:05:56,25,0,5,25
2023-06-26T10:18:15,25,0,5,25
2023-06-26T10:30:36,25,0,5,25
2023-06-26T10:42:56,25,0,5,25
2023-06-26T10:55:17,25,0,5,25
2023-06-26T11:07:37,25,0,5,25
2023-06-26T11:19:58,25,0,5,25
2023-06-26T11:32:31,25,0,5,25
2023-06-26T11:44:52,25,0,5,25
2023-06-26T11:57:12,25,0,5,25
2023-06-26T12:09:32,25,0,5,25
2023-06-26T12:21:52,25,0,5,25
2023-06-26T12:34:12,25,0,5,25
2023-06-26T12:46:32,25,0,5,25
2023-06-26T12:59:03,25,0,5,25
2023-06-26T13:11:23,25,0,5,25
2023-06-26T13:23:44,25,0,5,25
2023-06-26T13:36:04,25,0,5,25
2023-06-26T13:48:27,25,0,5,25
2023-06-26T14:00:47,25,0,5,25
2023-06-26T14:13:10,25,0,5,25
2023-06-26T14:25:42,25,0,5,25
2023-06-26T14:38:04,25,0,5,25
2023-06-26T14:50:25,25,0,5,25
2023-06-26T15:02:46,25,0,5,25
2023-06-26T15:15:08,25,0,5,25
2023-06-26T15:27:29,25,0,5,25
2023-06-26T15:39:51,25,0,5,25
2023-06-26T15:52:23,25,0,5,25
2023-06-26T16:04:45,25,0,5,25
2023-06-26T16:17:07,25,0,5,25
2023-06-26T16:29:28,25,0,5,25
2023-06-26T16:41:50,25,0,5,25
2023-06-26T16:54:11,25,0,5,25
2023-06-26T17:06:32,25,0,5,25
2023-06-26T17:19:05,25,0,5,25
2023-06-26T17:31:27,25,0,5,25
2023-06-26T17:43:48,25,0,5,25
2023-06-26T17:56:09,25,0,5,25
2023-06-26T18:08:30,25,0,5,25
2023-06-26T18:20:51,25,0,5,25
2023-06-26T18:33:12,25,0,5,25
2023-06-26T18:45:33,25,0,5,25
2023-06-26T18:58:05,25,0,5,25
2023-06-26T19:10:26,25,0,5,25
2023-06-26T19:22:48,25,0,5,25
2023-06-26T19:35:09,25,0,5,25
2023-06-26T19:47:30,25,0,5,25
2023-06-26T19:59:51,25,0,5,25
2023-06-26T20:12:12,25,0,5,25
2023-06-26T20:24:33,25,0,5,25
2023-06-26T20:36:56,25,0,5,25
2023-06-26T20:49:17,25,0,5,25
2023-06-26T21:01:49,25,0,5,25
2023-06-26T21:14:10,25,0,5,25
2023-06-26T21:26:31,25,0,5,25
2023-06-26T21:38:52,25,0,5,25
2023-06-26T21:51:14,25,0,5,25
2023-06-26T22:03:35,25,0,5,25
2023-06-26T22:15:56,25,0,5,25
2023-06-26T22:28:17,25,0,5,25
2023-06-26T22:40:39,25,0,5,25
2023-06-26T22:53:00,25,0,5,25
2023-06-26T23:05:21,25,0,5,25
2023-06-26T23:17:55,25,0,5,25
2023-06-26T23:30:17,25,0,5,25
2023-06-26T23:42:40,25,0,5,25
2023-06-26T23:55:01,25,0,5,25
2023-06-27T00:07:26,25,0,5,25
2023-06-27T00:19:52,25,0,5,25
2023-06-27T00:32:16,25,0,5,25
2023-06-27T00:44:41,25,0,5,25
2023-06-27T00:57:06,25,0,5,25
2023-06-27T01:09:31,25,0,5,25
2023-06-27T01:21:57,25,0,5,25
2023-06-27T01:34:22,25,0,5,25
2023-06-27T01:46:47,25,0,5,25
2023-06-27T01:59:10,25,0,5,25
2023-06-27T02:11:45,25,0,5,25
2023-06-27T02:24:08,25,0,5,25
2023-06-27T02:36:32,25,0,5,25
2023-06-27T02:48:55,25,0,5,25
2023-06-27T03:01:16,25,0,5,25
2023-06-27T03:13:40,25,0,5,25
2023-06-27T03:26:03,25,0,5,25
2023-06-27T03:38:26,25,0,5,25
2023-06-27T03:50:50,25,0,5,25
2023-06-27T04:03:14,25,0,5,25
2023-06-27T04:30:45,25,0,5,25
2023-06-27T04:44:49,25,0,5,25
2023-06-27T04:57:16,25,0,5,25
2023-06-27T05:10:00,25,0,5,25
2023-06-27T05:22:25,25,0,5,25
2023-06-27T05:34:50,25,0,5,25
2023-06-27T05:47:14,25,0,5,25
2023-06-27T05:59:38,25,0,5,25
2023-06-27T06:12:02,25,0,5,25
2023-06-27T06:24:26,25,0,5,25
2023-06-27T06:36:50,25,0,5,25
2023-06-27T06:49:15,25,0,5,25
2023-06-27T07:01:39,25,0,5,25
2023-06-27T07:14:02,25,0,5,25
2023-06-27T07:26:28,25,0,5,25
2023-06-27T07:38:51,25,0,5,25
2023-06-27T07:51:14,25,0,5,25
2023-06-27T08:03:37,25,0,5,25
2023-06-27T08:16:01,25,0,5,25
2023-06-27T08:28:24,25,0,5,25
2023-06-27T08:40:46,25,0,5,25
2023-06-27T08:53:18,25,0,5,25
2023-06-27T09:05:40,25,0,5,25
2023-06-27T09:18:03,25,0,5,25
2023-06-27T09:30:26,25,0,5,25
2023-06-27T09:42:50,25,0,5,25
2023-06-27T09:55:12,25,0,5,25
2023-06-27T10:07:35,25,0,5,25
2023-06-27T10:20:00,25,0,5,25
2023-06-27T10:32:23,25,0,5,25
2023-06-27T10:44:45,25,0,5,25
2023-06-27T10:57:07,25,0,5,25
2023-06-27T11:09:43,25,0,5,25
2023-06-27T11:22:06,25,0,5,25
2023-06-27T11:34:28,25,0,5,25
2023-06-27T11:46:50,25,0,5,25
2023-06-27T11:59:12,25,0,5,25
2023-06-27T12:11:33,25,0,5,25
2023-06-27T12:23:56,25,0,5,25
2023-06-27T12:36:18,25,0,5,25
2023-06-27T12:48:53,25,0,5,25
2023-06-27T13:01:15,25,0,5,25
2023-06-27T13:13:37,25,0,5,25
2023-06-27T13:25:59,25,0,5,25
2023-06-27T13:38:23,25,0,5,25
2023-06-27T13:50:45,25,0,5,25
2023-06-27T14:03:06,25,0,5,25
2023-06-27T14:15:28,25,0,5,25
2023-06-27T14:27:50,25,0,5,25
2023-06-27T14:40:23,25,0,5,25
2023-06-27T14:52:45,25,0,5,25
2023-06-27T15:05:07,25,0,5,25
2023-06-27T15:17:29,25,0,5,25
2023-06-27T15:29:51,25,0,5,25
2023-06-27T15:42:15,25,0,5,25
2023-06-27T15:54:38,25,0,5,25
2023-06-27T16:07:01,25,0,5,25
2023-06-27T16:19:35,25,0,5,25
2023-06-27T16:31:57,25,0,5,25
2023-06-27T16:44:21,25,0,5,25
2023-06-27T16:56:44,25,0,5,25
2023-06-27T17:09:08,25,0,5,25
2023-06-27T17:21:32,25,0,5,25
2023-06-27T17:33:56,25,0,5,25
2023-06-27T17:46:18,25,0,5,25
2023-06-27T17:58:40,25,0,5,25
2023-06-27T18:11:13,25,0,5,25
2023-06-27T18:23:35,25,0,5,25
2023-06-27T18:35:57,25,0,5,25
2023-06-27T18:48:19,25,0,5,25
2023-06-27T19:00:40,25,0,5,25
2023-06-27T19:13:04,25,0,5,25
2023-06-27T19:25:26,25,0,5,25
2023-06-27T19:37:48,25,0,5,25
2023-06-27T19:50:10,25,0,5,25
2023-06-27T20:02:32,25,0,5,25
2023-06-27T20:14:54,25,0,5,25
2023-06-27T20:27:17,25,0,5,25
2023-06-27T20:39:50,25,0,5,25
2023-06-27T20:52:12,25,0,5,25
2023-06-27T21:04:34,25,0,5,25
2023-06-27T21:16:56,25,0,5,25
2023-06-27T21:29:18,25,0,5,25
2023-06-27T21:41:40,25,0,5,25
2023-06-27T21:54:03,25,0,5,25
2023-06-27T22:06:24,25,0,5,25
2023-06-27T22:18:46,25,0,5,25
2023-06-27T22:31:08,25,0,5,25
2023-06-27T22:43:30,25,0,5,25
2023-06-27T22:56:03,25,0,5,25
2023-06-27T23:08:26,25,0,5,25
2023-06-27T23:20:48,25,0,5,25
2023-06-27T23:33:11,25,0,5,25
2023-06-27T23:45:34,25,0,5,25
2023-06-27T23:57:57,25,0,5,25
2023-06-28T00:10:21,25,0,5,25
2023-06-28T00:22:47,25,0,5,25
2023-06-28T00:35:12,25,0,5,25
2023-06-28T00:47:38,25,0,5,25
2023-06-28T01:00:04,25,0,5,25
2023-06-28T01:12:32,25,0,5,25
2023-06-28T01:25:09,25,0,5,25
2023-06-28T01:37:36,25,0,5,25
2023-06-28T01:50:02,25,0,5,25
2023-06-28T02:02:27,25,0,5,25
2023-06-28T02:14:50,25,0,5,25
2023-06-28T02:27:12,25,0,5,25
2023-06-28T02:39:35,25,0,5,25
2023-06-28T02:51:57,25,0,5,25
2023-06-28T03:04:20,25,0,5,25
2023-06-28T03:16:46,25,0,5,25
2023-06-28T03:29:12,25,0,5,25
2023-06-28T03:41:58,25,0,5,25
2023-06-28T03:54:24,25,0,5,25
2023-06-28T04:07:02,25,0,5,25
2023-06-28T04:43:56,25,0,5,25
2023-06-28T04:56:25,25,0,5,25
2023-06-28T05:08:52,25,0,5,25
2023-06-28T05:21:17,25,0,5,25
2023-06-28T05:33:42,25,0,5,25
2023-06-28T05:46:08,25,0,5,25
2023-06-28T05:58:33,25,0,5,25
2023-06-28T06:10:58,25,0,5,25
2023-06-28T06:23:23,25,0,5,25
2023-06-28T06:35:50,25,0,5,25
2023-06-28T06:48:18,25,0,5,25
2023-06-28T07:00:45,25,0,5,25
2023-06-28T07:13:09,25,0,5,25
2023-06-28T07:25:33,25,0,5,25
2023-06-28T07:37:56,25,0,5,25
2023-06-28T07:50:27,25,0,5,25
2023-06-28T08:02:51,25,0,5,25
2023-06-28T08:15:15,25,0,5,25
2023-06-28T08:27:39,25,0,5,25
2023-06-28T08:40:02,25,0,5,25
2023-06-28T08:52:26,25,0,5,25
2023-06-28T09:04:49,25,0,5,25
2023-06-28T09:17:11,25,0,5,25
2023-06-28T09:29:33,25,0,5,25
2023-06-28T09:41:55,25,0,5,25
2023-06-28T09:54:17,25,0,5,25
2023-06-28T10:06:50,25,0,5,25
2023-06-28T10:19:12,25,0,5,25
2023-06-28T10:31:34,25,0,5,25
2023-06-28T10:43:56,25,0,5,25
2023-06-28T10:56:18,25,0,5,25
2023-06-28T11:08:42,25,0,5,25
2023-06-28T11:21:04,25,0,5,25
2023-06-28T11:33:27,25,0,5,25
2023-06-28T11:45:49,25,0,5,25
2023-06-28T11:58:11,25,0,5,25
2023-06-28T12:10:45,25,0,5,25
2023-06-28T12:23:07,25,0,5,25
2023-06-28T12:35:30,25,0,5,25
2023-06-28T12:47:52,25,0,5,25
2023-06-28T13:00:15,25,0,5,25
2023-06-28T13:12:37,25,0,5,25
2023-06-28T13:24:59,25,0,5,25
2023-06-28T13:37:22,25,0,5,25
2023-06-28T13:49:44,25,0,5,25
2023-06-28T14:02:19,25,0,5,25
2023-06-28T14:14:42,25,0,5,25
2023-06-28T14:27:04,25,0,5,25
2023-06-28T14:39:27,25,0,5,25
2023-06-28T14:51:50,25,0,5,25
2023-06-28T15:04:13,25,0,5,25
2023-06-28T15:16:38,25,0,5,25
2023-06-28T15:29:00,25,0,5,25
2023-06-28T15:41:36,25,0,5,25
2023-06-28T15:53:59,25,0,5,25
2023-06-28T16:06:21,25,0,5,25
2023-06-28T16:18:44,25,0,5,25
2023-06-28T16:31:06,25,0,5,25
2023-06-28T16:43:28,25,0,5,25
2023-06-28T16:55:51,25,0,5,25
2023-06-28T17:08:14,25,0,5,25
2023-06-28T17:20:47,25,0,5,25
2023-06-28T17:33:09,25,0,5,25
2023-06-28T17:45:32,25,0,5,25
2023-06-28T17:57:55,25,0,5,25
2023-06-28T18:10:18,25,0,5,25
2023-06-28T18:22:40,25,0,5,25
2023-06-28T18:35:03,25,0,5,25
2023-06-28T18:47:25,25,0,5,25
2023-06-28T18:59:46,25,0,5,25
2023-06-28T19:12:21,25,0,5,25
2023-06-28T19:24:43,25,0,5,25
2023-06-28T19:37:06,25,0,5,25
2023-06-28T19:49:28,25,0,5,25
2023-06-28T20:01:51,25,0,5,25
2023-06-28T20:14:14,25,0,5,25
2023-06-28T20:26:36,25,0,5,25
2023-06-28T20:38:59,25,0,5,25
2023-06-28T20:51:21,25,0,5,25
2023-06-28T21:03:44,25,0,5,25
2023-06-28T21:16:07,25,0,5,25
2023-06-28T21:28:40,25,0,5,25
2023-06-28T21:41:03,25,0,5,25
2023-06-28T21:53:26,25,0,5,25
2023-06-28T22:05:49,25,0,5,25
2023-06-28T22:18:13,25,0,5,25
2023-06-28T22:30:35,25,0,5,25
2023-06-28T22:42:58,25,0,5,25
2023-06-28T22:55:21,25,0,5,25
2023-06-28T23:07:44,25,0,5,25
2023-06-28T23:20:08,25,0,5,25
2023-06-28T23:32:31,25,0,5,25
2023-06-28T23:45:05,25,0,5,25
2023-06-28T23:57:28,25,0,5,25
2023-06-29T00:09:52,25,0,5,25
2023-06-29T00:22:24,25,0,5,25
2023-06-29T00:34:49,25,0,5,25
2023-06-29T00:47:17,25,0,5,25
2023-06-29T00:59:43,25,0,5,25
2023-06-29T01:12:12,25,0,5,25
2023-06-29T01:24:39,25,0,5,25
2023-06-29T01:37:05,25,0,5,25
2023-06-29T01:49:31,25,0,5,25
2023-06-29T02:01:55,25,0,5,25
2023-06-29T02:14:32,25,0,5,25
2023-06-29T02:26:56,25,0,5,25
2023-06-29T02:39:20,25,0,5,25
2023-06-29T02:51:43,25,0,5,25
2023-06-29T03:04:06,25,0,5,25
2023-06-29T03:16:28,25,0,5,25
2023-06-29T03:28:51,25,0,5,25
2023-06-29T03:41:14,25,0,5,25
2023-06-29T03:53:36,25,0,5,25
2023-06-29T04:05:58,25,0,5,25
2023-06-29T04:28:45,25,0,5,25
2023-06-29T04:42:44,25,0,5,25
2023-06-29T04:55:28,25,0,5,25
2023-06-29T05:07:51,25,0,5,25
2023-06-29T05:20:16,25,0,5,25
2023-06-29T05:32:43,25,0,5,25
2023-06-29T05:45:10,25,0,5,25
2023-06-29T05:57:37,25,0,5,25
2023-06-29T06:10:05,25,0,5,25
2023-06-29T06:22:33,25,0,5,25
2023-06-29T06:35:00,25,0,5,25
2023-06-29T06:47:27,25,0,5,25
2023-06-29T07:00:09,25,0,5,25
2023-06-29T07:12:37,25,0,5,25
2023-06-29T07:25:03,25,0,5,25
2023-06-29T07:37:38,25,0,5,25
2023-06-29T07:50:03,25,0,5,25
2023-06-29T08:02:30,25,0,5,25
2023-06-29T08:14:56,25,0,5,25
2023-06-29T08:27:20,25,0,5,25
2023-06-29T08:39:44,25,0,5,25
2023-06-29T08:52:09,25,0,5,25
2023-06-29T09:04:35,25,0,5,25
2023-06-29T09:16:59,25,0,5,25
2023-06-29T09:29:23,25,0,5,25
2023-06-29T09:41:53,25,0,5,25
2023-06-29T09:54:22,25,0,5,25
2023-06-29T10:06:46,25,0,5,25
2023-06-29T10:19:11,25,0,5,25
2023-06-29T10:31:35,25,0,5,25
2023-06-29T10:43:59,25,0,5,25
2023-06-29T10:56:23,25,0,5,25
2023-06-29T11:08:48,25,0,5,25
2023-06-29T11:21:12,25,0,5,25
2023-06-29T11:33:37,25,0,5,25
2023-06-29T11:46:12,25,0,5,25
2023-06-29T11:58:36,25,0,5,25
2023-06-29T12:10:59,25,0,5,25
2023-06-29T12:23:22,25,0,5,25
2023-06-29T12:35:45,25,0,5,25
2023-06-29T12:48:08,25,0,5,25
2023-06-29T13:00:31,25,0,5,25
2023-06-29T13:12:54,25,0,5,25
2023-06-29T13:25:16,25,0,5,25
2023-06-29T13:37:49,25,0,5,25
2023-06-29T13:50:11,25,0,5,25
2023-06-29T14:02:34,25,0,5,25
2023-06-29T14:14:57,25,0,5,25
2023-06-29T14:27:19,25,0,5,25
2023-06-29T14:39:42,25,0,5,25
2023-06-29T14:52:05,25,0,5,25
2023-06-29T15:04:28,25,0,5,25
2023-06-29T15:17:01,25,0,5,25
2023-06-29T15:29:24,25,0,5,25
2023-06-29T15:41:47,25,0,5,25
2023-06-29T15:54:10,25,0,5,25
2023-06-29T16:06:33,25,0,5,25
2023-06-29T16:18:56,25,0,5,25
2023-06-29T16:31:19,25,0,5,25
2023-06-29T16:43:41,25,0,5,25
2023-06-29T16:56:04,25,0,5,25
2023-06-29T17:08:38,25,0,5,25
2023-06-29T17:21:02,25,0,5,25
2023-06-29T17:33:25,25,0,5,25
2023-06-29T17:45:47,25,0,5,25
2023-06-29T17:58:10,25,0,5,25
2023-06-29T18:10:33,25,0,5,25
2023-06-29T18:22:57,25,0,5,25
2023-06-29T18:35:20,25,0,5,25
2023-06-29T18:47:42,25,0,5,25
2023-06-29T19:00:16,25,0,5,25
2023-06-29T19:12:39,25,0,5,25
2023-06-29T19:25:02,25,0,5,25
2023-06-29T19:37:26,25,0,5,25
2023-06-29T19:49:49,25,0,5,25
2023-06-29T20:02:13,25,0,5,25
2023-06-29T20:14:36,25,0,5,25
2023-06-29T20:27:00,25,0,5,25
2023-06-29T20:39:36,25,0,5,25
2023-06-29T20:52:00,25,0,5,25
2023-06-29T21:04:23,25,0,5,25
2023-06-29T21:16:45,25,0,5,25
2023-06-29T21:29:08,25,0,5,25
2023-06-29T21:41:32,25,0,5,25
2023-06-29T21:53:56,25,0,5,25
2023-06-29T22:06:21,25,0,5,25
2023-06-29T22:18:44,25,0,5,25
2023-06-29T22:31:09,25,0,5,25
2023-06-29T22:43:33,25,0,5,25
2023-06-29T22:56:07,25,0,5,25
2023-06-29T23:08:31,25,0,5,25
2023-06-29T23:20:55,25,0,5,25
2023-06-29T23:33:18,25,0,5,25
2023-06-29T23:45:42,25,0,5,25
2023-06-29T23:58:06,25,0,5,25
2023-06-30T00:10:32,25,0,5,25
2023-06-30T00:23:04,25,0,5,25
2023-06-30T00:35:31,25,0,5,25
2023-06-30T00:47:58,25,0,5,25
2023-06-30T01:00:25,25,0,5,25
2023-06-30T01:13:06,25,0,5,25
2023-06-30T01:25:35,25,0,5,25
2023-06-30T01:38:02,25,0,5,25
2023-06-30T01:50:29,25,0,5,25
2023-06-30T02:02:55,25,0,5,25
2023-06-30T02:15:21,25,0,5,25
2023-06-30T02:27:47,25,0,5,25
2023-06-30T02:40:12,25,0,5,25
2023-06-30T02:52:37,25,0,5,25
2023-06-30T03:05:04,25,0,5,25
2023-06-30T03:17:33,25,0,5,25
2023-06-30T03:30:00,25,0,5,25
2023-06-30T03:42:27,25,0,5,25
2023-06-30T03:55:11,25,0,5,25
2023-06-30T04:07:39,25,0,5,25
2023-06-30T04:33:02,25,0,5,25
2023-06-30T04:46:51,25,0,5,25
2023-06-30T04:59:38,25,0,5,25
2023-06-30T05:12:06,25,0,5,25
2023-06-30T05:24:35,25,0,5,25
2023-06-30T05:37:01,25,0,5,25
2023-06-30T05:49:28,25,0,5,25
2023-06-30T06:01:53,25,0,5,25
2023-06-30T06:14:20,25,0,5,25
2023-06-30T06:26:47,25,0,5,25
2023-06-30T06:39:13,25,0,5,25
2023-06-30T06:51:43,25,0,5,25
2023-06-30T07:04:11,25,0,5,25
2023-06-30T07:16:36,25,0,5,25
2023-06-30T07:29:09,25,0,5,25
2023-06-30T07:41:33,25,0,5,25
2023-06-30T07:53:58,25,0,5,25
2023-06-30T08:06:22,25,0,5,25
2023-06-30T08:18:48,25,0,5,25
2023-06-30T08:31:13,25,0,5,25
2023-06-30T08:43:38,25,0,5,25
2023-06-30T08:56:03,25,0,5,25
2023-06-30T09:08:27,25,0,5,25
2023-06-30T09:20:50,25,0,5,25
2023-06-30T09:33:13,25,0,5,25
2023-06-30T09:45:36,25,0,5,25
2023-06-30T09:57:59,25,0,5,25
2023-06-30T10:10:34,25,0,5,25
2023-06-30T10:22:57,25,0,5,25
2023-06-30T10:35:20,25,0,5,25
2023-06-30T10:47:43,25,0,5,25
2023-06-30T11:00:06,25,0,5,25
2023-06-30T11:12:30,25,0,5,25
2023-06-30T11:24:53,25,0,5,25
2023-06-30T11:37:17,25,0,5,25
2023-06-30T11:49:41,25,0,5,25
2023-06-30T12:02:17,25,0,5,25
2023-06-30T12:14:40,25,0,5,25
2023-06-30T12:27:04,25,0,5,25
2023-06-30T12:39:28,25,0,5,25
2023-06-30T12:51:51,25,0,5,25
2023-06-30T13:04:15,25,0,5,25
2023-06-30T13:16:39,25,0,5,25
2023-06-30T13:29:02,25,0,5,25
2023-06-30T13:41:37,25,0,5,25
2023-06-30T13:54:01,25,0,5,25
2023-06-30T14:06:24,25,0,5,25
2023-06-30T14:18:47,25,0,5,25
2023-06-30T14:31:11,25,0,5,25
2023-06-30T14:43:34,25,0,5,25
2023-06-30T14:55:57,25,0,5,25
2023-06-30T15:08:20,25,0,5,25
2023-06-30T15:20:54,25,0,5,25
2023-06-30T15:33:18,25,0,5,25
2023-06-30T15:45:42,25,0,5,25
2023-06-30T15:58:05,25,0,5,25
2023-06-30T16:10:29,25,0,5,25
2023-06-30T16:22:52,25,0,5,25
2023-06-30T16:35:15,25,0,5,25
2023-06-30T16:47:38,25,0,5,25
2023-06-30T17:00:01,25,0,5,25
2023-06-30T17:12:35,25,0,5,25
2023-06-30T17:24:59,25,0,5,25
2023-06-30T17:37:22,25,0,5,25
2023-06-30T17:49:45,25,0,5,25
2023-06-30T18:02:08,25,0,5,25
2023-06-30T18:14:31,25,0,5,25
2023-06-30T18:26:54,25,0,5,25
2023-06-30T18:39:18,25,0,5,25
2023-06-30T18:51:41,25,0,5,25
2023-06-30T19:04:05,25,0,5,25
2023-06-30T19:16:39,25,0,5,25
2023-06-30T19:29:02,25,0,5,25
2023-06-30T19:41:26,25,0,5,25
2023-06-30T19:53:49,25,0,5,25
2023-06-30T20:06:13,25,0,5,25
2023-06-30T20:18:36,25,0,5,25
2023-06-30T20:31:00,25,0,5,25
2023-06-30T20:43:23,25,0,5,25
2023-06-30T20:55:46,25,0,5,25
2023-06-30T21:08:21,25,0,5,25
2023-06-30T21:20:44,25,0,5,25
2023-06-30T21:33:07,25,0,5,25
2023-06-30T21:45:30,25,0,5,25
2023-06-30T21:57:54,25,0,5,25
2023-06-30T22:10:17,25,0,5,25
2023-06-30T22:43:45,25,0,5,25
2023-06-30T22:56:10,25,0,5,25
2023-06-30T23:08:34,25,0,5,25
2023-06-30T23:20:58,25,0,5,25
2023-06-30T23:33:26,25,0,5,25
2023-06-30T23:45:50,25,0,5,25
2023-06-30T23:58:14,25,0,5,25
2023-07-01T00:10:40,25,0,5,25
2023-07-01T00:23:10,25,0,5,25
2023-07-01T00:35:37,25,0,5,25
2023-07-01T00:48:13,25,0,5,25
2023-07-01T01:00:41,25,0,5,25
2023-07-01T01:13:11,25,0,5,25
2023-07-01T01:25:38,25,0,5,25
2023-07-01T01:38:06,25,0,5,25
2023-07-01T01:50:34,25,0,5,25
2023-07-01T02:03:01,25,0,5,25
2023-07-01T02:15:27,25,0,5,25
2023-07-01T02:27:52,25,0,5,25
2023-07-01T02:40:18,25,0,5,25
2023-07-01T02:52:43,25,0,5,25
2023-07-01T03:05:07,25,0,5,25
2023-07-01T03:17:33,25,0,5,25
2023-07-01T03:29:59,25,0,5,25
2023-07-01T03:42:24,25,0,5,25
2023-07-01T03:54:59,25,0,5,25
2023-07-01T04:07:25,25,0,5,25
2023-07-01T04:30:57,25,0,5,25
2023-07-01T04:43:25,25,0,5,25
2023-07-01T04:55:52,25,0,5,25
2023-07-01T05:08:19,25,0,5,25
2023-07-01T05:20:53,25,0,5,25
2023-07-01T05:33:20,25,0,5,25
2023-07-01T05:45:51,25,0,5,25
2023-07-01T05:58:18,25,0,5,25
2023-07-01T06:10:45,25,0,5,25
2023-07-01T06:23:11,25,0,5,25
2023-07-01T06:35:37,25,0,5,25
2023-07-01T06:48:03,25,0,5,25
2023-07-01T07:00:33,25,0,5,25
2023-07-01T07:12:59,25,0,5,25
2023-07-01T07:25:25,25,0,5,25
2023-07-01T07:37:51,25,0,5,25
2023-07-01T07:50:33,25,0,5,25
2023-07-01T08:02:59,25,0,5,25
2023-07-01T08:15:26,25,0,5,25
2023-07-01T08:27:53,25,0,5,25
2023-07-01T08:40:20,25,0,5,25
2023-07-01T08:52:46,25,0,5,25
2023-07-01T09:05:12,25,0,5,25
2023-07-01T09:17:48,25,0,5,25
2023-07-01T09:30:14,25,0,5,25
2023-07-01T09:42:40,25,0,5,25
2023-07-01T09:55:07,25,0,5,25
2023-07-01T10:07:34,25,0,5,25
2023-07-01T10:20:00,25,0,5,25
2023-07-01T10:32:26,25,0,5,25
2023-07-01T10:44:51,25,0,5,25
2023-07-01T10:57:18,25,0,5,25
2023-07-01T11:09:42,25,0,5,25
2023-07-01T11:22:05,25,0,5,25
2023-07-01T11:34:48,25,0,5,25
2023-07-01T11:47:12,25,0,5,25
2023-07-01T11:59:34,25,0,5,25
2023-07-01T12:11:58,25,0,5,25
2023-07-01T12:24:21,25,0,5,25
2023-07-01T12:36:44,25,0,5,25
2023-07-01T12:49:07,25,0,5,25
2023-07-01T13:01:30,25,0,5,25
2023-07-01T13:13:53,25,0,5,25
2023-07-01T13:26:16,25,0,5,25
2023-07-01T13:38:39,25,0,5,25
2023-07-01T13:51:02,25,0,5,25
2023-07-01T14:03:25,25,0,5,25
2023-07-01T14:15:48,25,0,5,25
2023-07-01T14:28:21,25,0,5,25
2023-07-01T14:40:44,25,0,5,25
2023-07-01T14:53:07,25,0,5,25
2023-07-01T15:05:30,25,0,5,25
2023-07-01T15:17:53,25,0,5,25
2023-07-01T15:30:16,25,0,5,25
2023-07-01T15:42:39,25,0,5,25
2023-07-01T15:55:02,25,0,5,25
2023-07-01T16:07:25,25,0,5,25
2023-07-01T16:19:48,25,0,5,25
2023-07-01T16:32:11,25,0,5,25
2023-07-01T16:44:34,25,0,5,25
2023-07-01T16:56:57,25,0,5,25
2023-07-01T17:09:38,25,0,5,25
2023-07-01T17:22:02,25,0,5,25
2023-07-01T17:34:25,25,0,5,25
2023-07-01T17:46:48,25,0,5,25
2023-07-01T17:59:11,25,0,5,25
2023-07-01T18:11:36,25,0,5,25
2023-07-01T18:23:58,25,0,5,25
2023-07-01T18:36:21,25,0,5,25
2023-07-01T18:48:44,25,0,5,25
2023-07-01T19:01:07,25,0,5,25
2023-07-01T19:13:32,25,0,5,25
2023-07-01T19:25:56,25,0,5,25
2023-07-01T19:38:19,25,0,5,25
2023-07-01T19:50:42,25,0,5,25
2023-07-01T20:03:09,25,0,5,25
2023-07-01T20:15:33,25,0,5,25
2023-07-01T20:28:07,25,0,5,25
2023-07-01T20:40:30,25,0,5,25
2023-07-01T20:52:54,25,0,5,25
2023-07-01T21:05:18,25,0,5,25
2023-07-01T21:17:41,25,0,5,25
2023-07-01T21:30:04,25,0,5,25
2023-07-01T21:42:28,25,0,5,25
2023-07-01T21:54:52,25,0,5,25
2023-07-01T22:07:15,25,0,5,25
2023-07-01T22:19:38,25,0,5,25
2023-07-01T22:32:02,25,0,5,25
2023-07-01T22:44:45,25,0,5,25
2023-07-01T22:57:08,25,0,5,25
2023-07-01T23:09:33,25,0,5,25
2023-07-01T23:21:57,25,0,5,25
2023-07-01T23:34:20,25,0,5,25
2023-07-01T23:46:43,25,0,5,25
2023-07-01T23:59:06,25,0,5,25
2023-07-02T00:11:52,25,0,5,25
2023-07-02T00:24:18,25,0,5,25
2023-07-02T00:36:44,25,0,5,25
2023-07-02T00:49:08,25,0,5,25
2023-07-02T01:01:31,25,0,5,25
2023-07-02T01:13:56,25,0,5,25
2023-07-02T01:26:20,25,0,5,25
2023-07-02T01:38:44,25,0,5,25
2023-07-02T01:51:08,25,0,5,25
2023-07-02T02:03:32,25,0,5,25
2023-07-02T02:15:55,25,0,5,25
2023-07-02T02:28:31,25,0,5,25
2023-07-02T02:41:03,25,0,5,25
2023-07-02T02:53:33,25,0,5,25
2023-07-02T03:06:03,25,0,5,25
2023-07-02T03:18:34,25,0,5,25
2023-07-02T03:31:02,25,0,5,25
2023-07-02T03:43:30,25,0,5,25
2023-07-02T03:55:58,25,0,5,25
2023-07-02T04:29:22,25,0,5,25
2023-07-02T04:42:23,25,0,5,25
2023-07-02T04:54:53,25,0,5,25
2023-07-02T05:07:22,25,0,5,25
2023-07-02T05:19:49,25,0,5,25
2023-07-02T05:32:16,25,0,5,25
2023-07-02T05:44:42,25,0,5,25
2023-07-02T05:57:09,25,0,5,25
2023-07-02T06:09:40,25,0,5,25
2023-07-02T06:22:09,25,0,5,25
2023-07-02T06:34:52,25,0,5,25
2023-07-02T06:47:19,25,0,5,25
2023-07-02T06:59:48,25,0,5,25
2023-07-02T07:12:15,25,0,5,25
2023-07-02T07:24:41,25,0,5,25
2023-07-02T07:37:08,25,0,5,25
2023-07-02T07:49:33,25,0,5,25
2023-07-02T08:02:00,25,0,5,25
2023-07-02T08:14:30,25,0,5,25
2023-07-02T08:27:09,25,0,5,25
2023-07-02T08:39:39,25,0,5,25
2023-07-02T08:52:07,25,0,5,25
2023-07-02T09:04:36,25,0,5,25
2023-07-02T09:17:04,25,0,5,25
2023-07-02T09:29:31,25,0,5,25
2023-07-02T09:42:00,25,0,5,25
2023-07-02T09:54:31,25,0,5,25
2023-07-02T10:07:09,25,0,5,25
2023-07-02T10:19:39,25,0,5,25
2023-07-02T10:32:10,25,0,5,25
2023-07-02T10:44:37,25,0,5,25
2023-07-02T10:57:02,25,0,5,25
2023-07-02T11:09:27,25,0,5,25
2023-07-02T11:21:52,25,0,5,25
2023-07-02T11:34:16,25,0,5,25
2023-07-02T11:46:38,25,0,5,25
2023-07-02T11:59:01,25,0,5,25
2023-07-02T12:11:24,25,0,5,25
2023-07-02T12:23:58,25,0,5,25
2023-07-02T12:36:22,25,0,5,25
2023-07-02T12:48:44,25,0,5,25
2023-07-02T13:01:07,25,0,5,25
2023-07-02T13:13:31,25,0,5,25
2023-07-02T13:25:54,25,0,5,25
2023-07-02T13:38:17,25,0,5,25
2023-07-02T13:50:40,25,0,5,25
2023-07-02T14:03:02,25,0,5,25
2023-07-02T14:15:25,25,0,5,25
2023-07-02T14:28:00,25,0,5,25
2023-07-02T14:40:23,25,0,5,25
2023-07-02T14:52:46,25,0,5,25
2023-07-02T15:05:10,25,0,5,25
2023-07-02T15:17:33,25,0,5,25
2023-07-02T15:29:57,25,0,5,25
2023-07-02T15:42:20,25,0,5,25
2023-07-02T15:54:44,25,0,5,25
2023-07-02T16:07:08,25,0,5,25
2023-07-02T16:19:32,25,0,5,25
2023-07-02T16:32:07,25,0,5,25
2023-07-02T16:44:30,25,0,5,25
2023-07-02T16:56:53,25,0,5,25
2023-07-02T17:09:16,25,0,5,25
2023-07-02T17:21:40,25,0,5,25
2023-07-02T17:34:03,25,0,5,25
2023-07-02T17:46:26,25,0,5,25
2023-07-02T17:58:49,25,0,5,25
2023-07-02T18:11:12,25,0,5,25
2023-07-02T18:23:36,25,0,5,25
2023-07-02T18:35:59,25,0,5,25
2023-07-02T18:48:23,25,0,5,25
2023-07-02T19:00:59,25,0,5,25
2023-07-02T19:13:24,25,0,5,25
2023-07-02T19:25:48,25,0,5,25
2023-07-02T19:38:11,25,0,5,25
2023-07-02T19:50:34,25,0,5,25
2023-07-02T20:02:57,25,0,5,25
2023-07-02T20:15:20,25,0,5,25
2023-07-02T20:27:43,25,0,5,25
2023-07-02T20:40:06,25,0,5,25
2023-07-02T20:52:31,25,0,5,25
2023-07-02T21:04:55,25,0,5,25
2023-07-02T21:17:28,25,0,5,25
2023-07-02T21:29:51,25,0,5,25
2023-07-02T21:42:14,25,0,5,25
2023-07-02T21:54:37,25,0,5,25
2023-07-02T22:07:00,25,0,5,25
2023-07-02T22:19:23,25,0,5,25
2023-07-02T22:31:47,25,0,5,25
2023-07-02T22:44:10,25,0,5,25
2023-07-02T22:56:32,25,0,5,25
2023-07-02T23:08:55,25,0,5,25
2023-07-02T23:21:30,25,0,5,25
2023-07-02T23:33:53,25,0,5,25
2023-07-02T23:46:17,25,0,5,25
2023-07-02T23:58:41,25,0,5,25
2023-07-03T00:11:10,25,0,5,25
2023-07-03T00:23:44,25,0,5,25
2023-07-03T00:36:19,25,0,5,25
2023-07-03T00:48:45,25,0,5,25
2023-07-03T01:01:10,25,0,5,25
2023-07-03T01:13:52,25,0,5,25
2023-07-03T01:26:21,25,0,5,25
2023-07-03T01:38:48,25,0,5,25
2023-07-03T01:51:15,25,0,5,25
2023-07-03T02:03:52,25,0,5,25
2023-07-03T02:16:24,25,0,5,25
2023-07-03T02:28:51,25,0,5,25
2023-07-03T02:41:17,25,0,5,25
2023-07-03T02:53:42,25,0,5,25
2023-07-03T03:06:07,25,0,5,25
2023-07-03T03:18:33,25,0,5,25
2023-07-03T03:31:00,25,0,5,25
2023-07-03T03:43:26,25,0,5,25
2023-07-03T03:55:53,25,0,5,25
2023-07-03T04:08:30,25,0,5,25
2023-07-03T04:39:50,25,0,5,25
2023-07-03T04:54:02,25,0,5,25
2023-07-03T05:06:31,25,0,5,25
2023-07-03T05:18:58,25,0,5,25
2023-07-03T05:31:26,25,0,5,25
2023-07-03T05:43:52,25,0,5,25
2023-07-03T05:56:19,25,0,5,25
2023-07-03T06:08:46,25,0,5,25
2023-07-03T06:21:13,25,0,5,25
2023-07-03T06:33:40,25,0,5,25
2023-07-03T06:46:09,25,0,5,25
2023-07-03T06:58:35,25,0,5,25
2023-07-03T07:11:04,25,0,5,25
2023-07-03T07:23:36,25,0,5,25
2023-07-03T07:35:59,25,0,5,25
2023-07-03T07:48:24,25,0,5,25
2023-07-03T08:00:47,25,0,5,25
2023-07-03T08:13:10,25,0,5,25
2023-07-03T08:25:33,25,0,5,25
2023-07-03T08:37:56,25,0,5,25
2023-07-03T08:50:21,25,0,5,25
2023-07-03T09:02:44,25,0,5,25
2023-07-03T09:15:07,25,0,5,25
2023-07-03T09:27:44,25,0,5,25
2023-07-03T09:40:08,25,0,5,25
2023-07-03T09:52:32,25,0,5,25
2023-07-03T10:04:56,25,0,5,25
2023-07-03T10:17:21,25,0,5,25
2023-07-03T10:29:45,25,0,5,25
2023-07-03T10:42:21,25,0,5,25
2023-07-03T10:54:45,25,0,5,25
2023-07-03T11:07:09,25,0,5,25
2023-07-03T11:19:34,25,0,5,25
2023-07-03T11:31:59,25,0,5,25
2023-07-03T11:44:35,25,0,5,25
2023-07-03T11:57:01,25,0,5,25
2023-07-03T12:09:27,25,0,5,25
2023-07-03T12:21:53,25,0,5,25
2023-07-03T12:34:19,25,0,5,25
2023-07-03T12:46:45,25,0,5,25
2023-07-03T12:59:11,25,0,5,25
2023-07-03T13:11:37,25,0,5,25
2023-07-03T13:24:14,25,0,5,25
2023-07-03T13:36:40,25,0,5,25
2023-07-03T13:49:05,25,0,5,25
2023-07-03T14:01:30,25,0,5,25
2023-07-03T14:13:55,25,0,5,25
2023-07-03T14:26:21,25,0,5,25
2023-07-03T14:38:45,25,0,5,25
2023-07-03T14:51:09,25,0,5,25
2023-07-03T15:03:33,25,0,5,25
2023-07-03T15:16:08,25,0,5,25
2023-07-03T15:28:32,25,0,5,25
2023-07-03T15:40:55,25,0,5,25
2023-07-03T15:53:19,25,0,5,25
2023-07-03T16:05:44,25,0,5,25
2023-07-03T16:18:08,25,0,5,25
2023-07-03T16:30:32,25,0,5,25
2023-07-03T16:42:55,25,0,5,25
2023-07-03T16:55:19,25,0,5,25
2023-07-03T17:07:43,25,0,5,25
2023-07-03T17:20:09,25,0,5,25
2023-07-03T17:32:43,25,0,5,25
2023-07-03T17:45:07,25,0,5,25
2023-07-03T17:57:31,25,0,5,25
2023-07-03T18:09:55,25,0,5,25
2023-07-03T18:22:19,25,0,5,25
2023-07-03T18:34:43,25,0,5,25
2023-07-03T18:47:09,25,0,5,25
2023-07-03T18:59:32,25,0,5,25
2023-07-03T19:11:57,25,0,5,25
2023-07-03T19:24:30,25,0,5,25
2023-07-03T19:36:55,25,0,5,25
2023-07-03T19:49:19,25,0,5,25
